0 0.6019590382902938 0.3392698130008905 0.8397150489759572 0.3392698130008905 0.8397150489759572 0.6010685663401603 0.6019590382902938 0.6010685663401603
0 0.22617987533392697 0.6108637577916296 0.5253784505788067 0.6108637577916296 0.5253784505788067 0.8806767586821014 0.22617987533392697 0.8806767586821014
0 0.77560106856634 0.23953695458593058 0.9706144256455922 0.23953695458593058 0.9706144256455922 0.4354407836153161 0.77560106856634 0.4354407836153161
0 0.30365093499554763 0.41050756901157615 0.4933214603739983 0.41050756901157615 0.4933214603739983 0.566340160284951 0.30365093499554763 0.566340160284951
0 0.6642920747996438 0.6544968833481746 0.8762243989314338 0.6544968833481746 0.8762243989314338 0.8406055209260909 0.6642920747996438 0.8406055209260909
0 0.46304541406945676 0.730186999109528 0.6723063223508461 0.730186999109528 0.6723063223508461 0.931433659839715 0.46304541406945676 0.931433659839715
0 0.39269813000890474 0.5414069456812111 0.5725734639358859 0.5414069456812111 0.5725734639358859 0.7114870881567231 0.39269813000890474 0.7114870881567231
0 -1.7763568394002505e-17 0.5547640249332146 0.2235084594835263 0.5547640249332146 0.2235084594835263 0.7675868210151381 -1.7763568394002505e-17 0.7675868210151381
0 0.13980409617097062 0.8147818343722173 0.30899376669634904 0.8147818343722173 0.30899376669634904 0.9492430988423863 0.13980409617097062 0.9492430988423863
0 0.387355298308103 0.8975957257346386 0.65093499554764 0.8975957257346386 0.65093499554764 0.9999999999999989 0.387355298308103 0.9999999999999989
