7 0.5699020480854853 0.23953695458593058 0.9430097951914516 0.23953695458593058 0.9430097951914516 0.520926090828139 0.5699020480854853 0.520926090828139
7 0.20837043633125557 0.4060552092609083 0.553873552983081 0.4060552092609083 0.553873552983081 0.7292965271593946 0.20837043633125557 0.7292965271593946
7 0.4986642920747996 0.47818343722172757 0.7738201246660729 0.47818343722172757 0.7738201246660729 0.7239536954585931 0.4986642920747996 0.7239536954585931
7 0.6589492430988411 0.6598397150489762 0.9999999999999983 0.6598397150489762 0.9999999999999983 0.9946571682991986 0.6589492430988411 0.9946571682991986
7 0.28495102404274253 0.7310774710596614 0.6349065004452352 0.7310774710596614 0.6349065004452352 0.999999999999999 0.28495102404274253 0.999999999999999
7 0.011576135351736423 0.6224398931433658 0.29029385574354405 0.6224398931433658 0.29029385574354405 0.9349955476402493 0.011576135351736423 0.9349955476402493
7 0.25200356188780026 1.34452654807677e-17 0.5494211932324128 1.34452654807677e-17 0.5494211932324128 0.28049866429207476 0.25200356188780026 0.28049866429207476
7 0.14069456812110417 0.26179875333926983 0.40872662511130897 0.26179875333926983 0.40872662511130897 0.4808548530721283 0.14069456812110417 0.4808548530721283
7 0.0 0.011576135351736414 0.2804986642920749 0.011576135351736414 0.2804986642920749 0.27337488869100623 0.0 0.27337488869100623
7 0.6215494211932325 -6.661338147750939e-18 0.8771148708815675 -6.661338147750939e-18 0.8771148708815675 0.20480854853072128 0.6215494211932325 0.20480854853072128
