0 0.39091718610863757 0.47640249332146034 0.5894924309884237 0.47640249332146034 0.5894924309884237 0.6651825467497773 0.39091718610863757 0.6651825467497773
0 0.4897595725734639 0.6197684772929652 0.6731967943009796 0.6197684772929652 0.6731967943009796 0.8290293855743543 0.4897595725734639 0.8290293855743543
0 0.18432769367764915 0.5227070347284061 0.38468388245770263 0.5227070347284061 0.38468388245770263 0.7016918967052538 0.18432769367764915 0.7016918967052538
0 0.028495102404274265 0.4470169189670526 0.2217275155832591 0.4470169189670526 0.2217275155832591 0.642920747996438 0.028495102404274265 0.642920747996438
0 0.016028495102404273 0.2920747996438112 0.17898486197684774 0.2920747996438112 0.17898486197684774 0.4452359750667853 0.016028495102404273 0.4452359750667853
0 0.1558325912733749 0.24398931433659843 0.3187889581478183 0.24398931433659843 0.3187889581478183 0.4078361531611755 0.1558325912733749 0.4078361531611755
0 0.28762243989314334 0.2146037399821906 0.44256455921638466 0.2146037399821906 0.44256455921638466 0.3597506678539626 0.28762243989314334 0.3597506678539626
0 0.39715048975957257 0.14692787177203917 0.5681211041852181 0.14692787177203917 0.5681211041852181 0.30008904719501334 0.39715048975957257 0.30008904719501334
0 0.4826357969723953 0.3659839715048976 0.6447016918967053 0.3659839715048976 0.6447016918967053 0.5182546749777381 0.4826357969723953 0.5182546749777381
0 0.6064113980409617 0.47462154942119317 0.7827248441674086 0.47462154942119317 0.7827248441674086 0.6366874443455031 0.6064113980409617 0.6366874443455031
0 0.28227960819234194 0.3624220837043633 0.47016918967052546 0.3624220837043633 0.47016918967052546 0.5325022261798753 0.28227960819234194 0.5325022261798753
0 0.2991985752448798 0.6313446126447017 0.4826357969723954 0.6313446126447017 0.4826357969723954 0.8423864648263579 0.2991985752448798 0.8423864648263579
0 0.390026714158504 0.7934105075690115 0.5939447907390917 0.7934105075690115 0.5939447907390917 0.9759572573463935 0.390026714158504 0.9759572573463935
0 0.6090828138913624 0.7934105075690115 0.7836153161175423 0.7934105075690115 0.7836153161175423 0.9652715939447909 0.6090828138913624 0.9652715939447909
0 0.16562778272484416 0.8049866429207478 0.37756010685663405 0.8049866429207478 0.37756010685663405 0.9991095280498663 0.16562778272484416 0.9991095280498663
0 0.08281389136242208 0.6634016028495102 0.2653606411398041 0.6634016028495102 0.2653606411398041 0.8530721282279609 0.08281389136242208 0.8530721282279609
