4 0.47818343722172757 0.21015138023152274 0.666073018699911 0.21015138023152274 0.666073018699911 0.34728406055209254 0.47818343722172757 0.34728406055209254
4 0.14158504007123776 0.3864648263579697 0.36776491540516476 0.3864648263579697 0.36776491540516476 0.5966162065894925 0.14158504007123776 0.5966162065894925
4 0.06411398040961709 0.20480854853072128 0.2911843276936777 0.20480854853072128 0.2911843276936777 0.383793410507569 0.06411398040961709 0.383793410507569
4 0.4951024042742654 0.5048975957257347 0.6696349065004452 0.5048975957257347 0.6696349065004452 0.7417631344612645 0.4951024042742654 0.7417631344612645
4 0.8940338379341052 0.6179875333926982 1.0 0.6179875333926982 1.0 0.8290293855743546 0.8940338379341052 0.8290293855743546
4 0.6972395369545858 0.5333926981300089 0.8744434550311664 0.5333926981300089 0.8744434550311664 0.7577916295636687 0.6972395369545858 0.7577916295636687
4 0.8682101513802315 0.4692787177203918 0.9893143365983971 0.4692787177203918 0.9893143365983971 0.597506678539626 0.8682101513802315 0.597506678539626
4 0.7925200356188778 0.3223508459483526 0.9786286731967941 0.3223508459483526 0.9786286731967941 0.47818343722172746 0.7925200356188778 0.47818343722172746
4 0.6883348174532502 0.4292074799643812 0.8575244879786286 0.4292074799643812 0.8575244879786286 0.5449688334817453 0.6883348174532502 0.5449688334817453
4 0.19590382902938558 0.6251113089937667 0.43811219946571683 0.6251113089937667 0.43811219946571683 0.8548530721282279 0.19590382902938558 0.8548530721282279
4 0.41941228851291185 0.717720391807658 0.666073018699911 0.717720391807658 0.666073018699911 0.9439002671415853 0.41941228851291185 0.9439002671415853
4 0.6660730186999111 0.748886910062333 0.9011576135351739 0.748886910062333 0.9011576135351739 0.9804096170970612 0.6660730186999111 0.9804096170970612
4 0.3196794300979519 0.3054318788958148 0.48441674087266245 0.3054318788958148 0.48441674087266245 0.45235975066785394 0.3196794300979519 0.45235975066785394
4 0.23686553873552982 0.008904719501335707 0.3882457702582368 0.008904719501335707 0.3882457702582368 0.17542297417631347 0.23686553873552982 0.17542297417631347
