0 0.3232413178984862 0.28762243989314334 0.5378450578806767 0.28762243989314334 0.5378450578806767 0.5200356188780053 0.3232413178984862 0.5200356188780053
0 0.12288512911843277 0.20658949243098843 0.35351736420302754 0.20658949243098843 0.35351736420302754 0.47016918967052534 0.12288512911843277 0.47016918967052534
0 0.018699910952804964 0.4585930543187888 0.27693677649154064 0.4585930543187888 0.27693677649154064 0.716829919857524 0.018699910952804964 0.716829919857524
0 0.3027604630454141 0.4888691006233304 0.5129118432769367 0.4888691006233304 0.5129118432769367 0.6901157613535174 0.3027604630454141 0.6901157613535174
0 0.5707925200356189 0.39269813000890474 0.773820124666073 0.39269813000890474 0.773820124666073 0.5841495992876224 0.5707925200356189 0.5841495992876224
0 0.7337488869100625 0.29385574354407834 0.8878005342831701 0.29385574354407834 0.8878005342831701 0.4790739091718611 0.7337488869100625 0.4790739091718611
0 0.5814781834372217 0.1878895814781835 0.7773820124666073 0.1878895814781835 0.7773820124666073 0.3873552983081033 0.5814781834372217 0.3873552983081033
0 0.4416740872662511 0.09884238646482636 0.578806767586821 0.09884238646482636 0.578806767586821 0.2680320569902048 0.4416740872662511 0.2680320569902048
0 0.2217275155832591 0.13535173642030277 0.4060552092609082 0.13535173642030277 0.4060552092609082 0.28673196794300976 0.2217275155832591 0.28673196794300976
0 0.5218165627782725 0.5609973285841496 0.730186999109528 0.5609973285841496 0.730186999109528 0.7649154051647373 0.5218165627782725 0.7649154051647373
0 0.6972395369545858 0.5574354407836153 0.8833481745325023 0.5574354407836153 0.8833481745325023 0.7640249332146036 0.6972395369545858 0.7640249332146036
0 0.44078361531611754 0.6544968833481746 0.6313446126447017 0.6544968833481746 0.6313446126447017 0.8851291184327693 0.44078361531611754 0.8851291184327693
0 0.1371326803205699 0.7577916295636687 0.4176313446126448 0.7577916295636687 0.4176313446126448 1.0 0.1371326803205699 1.0
