0 0.5583259127337489 0.33303650934995555 0.7301869991095281 0.33303650934995555 0.7301869991095281 0.5093499554764025 0.5583259127337489 0.5093499554764025
0 0.7711487088156723 0.3517364203027605 0.9848619768477294 0.3517364203027605 0.9848619768477294 0.5743544078361531 0.7711487088156723 0.5743544078361531
0 0.21994657168299198 0.572573463935886 0.4158504007123775 0.572573463935886 0.4158504007123775 0.7764915405164736 0.21994657168299198 0.7764915405164736
0 0.15316117542297417 0.3615316117542298 0.3365983971504897 0.3615316117542298 0.3365983971504897 0.5449688334817453 0.15316117542297417 0.5449688334817453
0 0.4300979519145147 0.08103294746215495 0.6357969723953696 0.08103294746215495 0.6357969723953696 0.2707034728406055 0.4300979519145147 0.2707034728406055
0 0.46215494211932323 0.5503116651825467 0.7248441674087266 0.5503116651825467 0.7248441674087266 0.7969723953695458 0.46215494211932323 0.7969723953695458
0 0.7159394479073911 0.5503116651825467 0.9403383793410507 0.5503116651825467 0.9403383793410507 0.77560106856634 0.7159394479073911 0.77560106856634
0 0.12288512911843277 0.13891362422083706 0.327693677649154 0.13891362422083706 0.327693677649154 0.333926981300089 0.12288512911843277 0.333926981300089
0 0.7925200356188778 0.07390917186108638 0.9465716829919857 0.07390917186108638 0.9465716829919857 0.22261798753339268 0.7925200356188778 0.22261798753339268
0 0.5903829029385576 0.21549421193232418 0.7818343722172753 0.21549421193232418 0.7818343722172753 0.3802315227070347 0.5903829029385576 0.3802315227070347
0 0.2867319679430098 0.24309884238646481 0.483526268922529 0.24309884238646481 0.483526268922529 0.44078361531611754 0.2867319679430098 0.44078361531611754
