0 0.09973285841495994 0.5654496883348175 0.29385574354407834 0.5654496883348175 0.29385574354407834 0.7417631344612645 0.09973285841495994 0.7417631344612645
0 0.2306322350845948 0.7337488869100623 0.43633125556544966 0.7337488869100623 0.43633125556544966 0.9492430988423866 0.2306322350845948 0.9492430988423866
0 0.43187889581478184 0.6357969723953696 0.6073018699910953 0.6357969723953696 0.6073018699910953 0.8147818343722174 0.43187889581478184 0.8147818343722174
0 0.7337488869100623 0.7257346393588603 0.8682101513802315 0.7257346393588603 0.8682101513802315 0.8922528940338379 0.7337488869100623 0.8922528940338379
0 0.6126447016918967 0.6420302760463046 0.780053428317008 0.6420302760463046 0.780053428317008 0.77560106856634 0.6126447016918967 0.77560106856634
0 0.5369545859305432 0.7702582368655387 0.7195013357079252 0.7702582368655387 0.7195013357079252 0.9732858414959928 0.5369545859305432 0.9732858414959928
0 0.45414069456812123 0.41674087266251114 0.6277827248441674 0.41674087266251114 0.6277827248441674 0.5503116651825468 0.45414069456812123 0.5503116651825468
0 0.560106856634016 0.3196794300979519 0.6714158504007124 0.3196794300979519 0.6714158504007124 0.4523597506678539 0.560106856634016 0.4523597506678539
0 0.6651825467497774 0.28227960819234194 0.7889581478183436 0.28227960819234194 0.7889581478183436 0.41495992876224397 0.6651825467497774 0.41495992876224397
0 0.5707925200356189 0.21994657168299198 0.6874443455031165 0.21994657168299198 0.6874443455031165 0.34283170080142467 0.5707925200356189 0.34283170080142467
0 0.6580587711487088 0.48441674087266245 0.8076580587711487 0.48441674087266245 0.8076580587711487 0.6340160284951024 0.6580587711487088 0.6340160284951024
0 0.871772039180766 0.4817453250222618 1.0 0.4817453250222618 1.0 0.6206589492430988 0.871772039180766 0.6206589492430988
0 0.7827248441674086 0.5868210151380232 0.9430097951914516 0.5868210151380232 0.9430097951914516 0.7186108637577917 0.7827248441674086 0.7186108637577917
0 0.2956366874443455 0.5547640249332146 0.45146927871772047 0.5547640249332146 0.45146927871772047 0.7399821905609972 0.2956366874443455 0.7399821905609972
0 0.2653606411398041 0.39091718610863757 0.4122885129118433 0.39091718610863757 0.4122885129118433 0.5520926090828138 0.2653606411398041 0.5520926090828138
0 0.2920747996438112 0.27515583259127335 0.439893143365984 0.27515583259127335 0.439893143365984 0.39091718610863757 0.2920747996438112 0.39091718610863757
0 0.7791629563668745 0.12377560106856635 0.8931433659839716 0.12377560106856635 0.8931433659839716 0.2413178984861977 0.7791629563668745 0.2413178984861977
