0 0.4603739982190561 0.44968833481745324 0.614425645592164 0.44968833481745324 0.614425645592164 0.6001780943900267 0.4603739982190561 0.6001780943900267
0 0.5681211041852182 0.6785396260017811 0.723953695458593 0.6785396260017811 0.723953695458593 0.8468388245770259 0.5681211041852182 0.8468388245770259
0 0.1834372217275156 0.6812110418521816 0.352626892252894 0.6812110418521816 0.352626892252894 0.8646482635796974 0.1834372217275156 0.8646482635796974
0 0.176313446126447 0.4719501335707925 0.3552983081032948 0.4719501335707925 0.3552983081032948 0.655387355298308 0.176313446126447 0.655387355298308
0 0.8227960819234194 0.6313446126447018 0.9821905609973285 0.6313446126447018 0.9821905609973285 0.7987533392698131 0.8227960819234194 0.7987533392698131
0 0.7622439893143366 0.44612644701691884 0.9278717720391807 0.44612644701691884 0.9278717720391807 0.5912733748886909 0.7622439893143366 0.5912733748886909
0 0.5930543187889582 0.5520926090828139 0.7560106856634018 0.5520926090828139 0.7560106856634018 0.7061442564559216 0.5930543187889582 0.7061442564559216
0 0.4594835262689225 0.7275155832591274 0.5832591273374889 0.7275155832591274 0.5832591273374889 0.8477292965271594 0.4594835262689225 0.8477292965271594
0 0.2947462154942119 0.7782724844167409 0.47462154942119317 0.7782724844167409 0.47462154942119317 0.954585930543188 0.2947462154942119 0.954585930543188
0 0.8014247551202138 0.7506678539626002 0.9982190560997329 0.7506678539626002 0.9982190560997329 0.9447907390917186 0.8014247551202138 0.9447907390917186
0 0.7070347284060552 0.674087266251113 0.8352626892252892 0.674087266251113 0.8352626892252892 0.8067675868210151 0.7070347284060552 0.8067675868210151
0 0.3944790739091718 0.4968833481745325 0.5244879786286731 0.4968833481745325 0.5244879786286731 0.6153161175422974 0.3944790739091718 0.6153161175422974
0 0.5369545859305432 0.3472840605520926 0.6776491540516474 0.3472840605520926 0.6776491540516474 0.4933214603739982 0.5369545859305432 0.4933214603739982
0 0.5093499554764025 0.1861086375779163 0.6224398931433661 0.1861086375779163 0.6224398931433661 0.3072128227960819 0.5093499554764025 0.3072128227960819
0 0.767586821015138 0.3098842386464826 0.8949243098842387 0.3098842386464826 0.8949243098842387 0.42297417631344614 0.767586821015138 0.42297417631344614
0 0.642920747996438 0.13178984861976847 0.7658058771148709 0.13178984861976847 0.7658058771148709 0.24844167408726625 0.642920747996438 0.24844167408726625
0 0.7916295636687445 0.24309884238646481 0.9287622439893142 0.24309884238646481 0.9287622439893142 0.35707925200356183 0.7916295636687445 0.35707925200356183
