11 0.6260017809439001 0.5271593944790739 0.8236865538735529 0.5271593944790739 0.8236865538735529 0.7292965271593944 0.6260017809439001 0.7292965271593944
11 0.3392698130008905 0.42297417631344614 0.5307212822796082 0.42297417631344614 0.5307212822796082 0.608192341941229 0.3392698130008905 0.608192341941229
11 0.3962600178094389 0.6571682991985752 0.6108637577916296 0.6571682991985752 0.6108637577916296 0.8806767586821014 0.3962600178094389 0.8806767586821014
11 0.23508459483526273 0.5859305431878896 0.4479073909171861 0.5859305431878896 0.4479073909171861 0.7996438112199465 0.23508459483526273 0.7996438112199465
11 0.585040071237756 0.7506678539626002 0.8067675868210153 0.7506678539626002 0.8067675868210153 0.9581478183437222 0.585040071237756 0.9581478183437222
11 0.5173642030276047 0.4728406055209261 0.7150489759572572 0.4728406055209261 0.7150489759572572 0.6767586821015138 0.5173642030276047 0.6767586821015138
11 0.6322350845948352 0.3686553873552983 0.8058771148708815 0.3686553873552983 0.8058771148708815 0.5333926981300089 0.6322350845948352 0.5333926981300089
11 0.4719501335707925 0.3089937666963491 0.667853962600178 0.3089937666963491 0.667853962600178 0.48975957257346403 0.4719501335707925 0.48975957257346403
11 0.6562778272484416 0.2021371326803206 0.8486197684772929 0.2021371326803206 0.8486197684772929 0.38913624220837045 0.6562778272484416 0.38913624220837045
11 0.7764915405164738 0.06945681211041853 0.9447907390917186 0.06945681211041853 0.9447907390917186 0.2493321460373998 0.7764915405164738 0.2493321460373998
11 0.5636687444345503 0.06856634016028496 0.717720391807658 0.06856634016028496 0.717720391807658 0.21549421193232418 0.5636687444345503 0.21549421193232418
11 0.4479073909171861 0.14692787177203917 0.6500445235975065 0.14692787177203917 0.6500445235975065 0.3241317898486198 0.4479073909171861 0.3241317898486198
11 0.3802315227070348 0.3098842386464826 0.5022261798753339 0.3098842386464826 0.5022261798753339 0.4327693677649154 0.3802315227070348 0.4327693677649154
11 0.2493321460373998 0.3205699020480855 0.4292074799643811 0.3205699020480855 0.4292074799643811 0.5111308993766697 0.2493321460373998 0.5111308993766697
11 0.14069456812110417 0.14870881567230632 0.33926981300089043 0.14870881567230632 0.33926981300089043 0.3490650044523597 0.14069456812110417 0.3490650044523597
11 0.03829029385574354 0.38557435440783616 0.26090828138913624 0.38557435440783616 0.26090828138913624 0.6046304541406946 0.03829029385574354 0.6046304541406946
11 0.333926981300089 0.04630454140694569 0.5093499554764025 0.04630454140694569 0.5093499554764025 0.2056990204808549 0.333926981300089 0.2056990204808549
11 7.771561172376097e-18 0.08726625111308994 0.21104185218165625 0.08726625111308994 0.21104185218165625 0.2867319679430098 7.771561172376097e-18 0.2867319679430098
11 0.16473731077471063 0.05520926090828139 0.3285841495992876 0.05520926090828139 0.3285841495992876 0.19145146927871776 0.16473731077471063 0.19145146927871776
11 0.3027604630454141 0.1896705253784506 0.439893143365984 0.1896705253784506 0.439893143365984 0.3241317898486198 0.3027604630454141 0.3241317898486198
11 0.03561887800534283 0.5921638468388247 0.24042742653606414 0.5921638468388247 0.24042742653606414 0.7809439002671417 0.03561887800534283 0.7809439002671417
