4 0.377560106856634 0.3348174532502226 0.5120213713268033 0.3348174532502226 0.5120213713268033 0.4470169189670526 0.377560106856634 0.4470169189670526
4 0.4835262689225289 0.26981300089047194 0.6028495102404273 0.26981300089047194 0.6028495102404273 0.39091718610863757 0.4835262689225289 0.39091718610863757
4 0.3187889581478183 0.5868210151380232 0.4808548530721283 0.5868210151380232 0.4808548530721283 0.6963490650044525 0.3187889581478183 0.6963490650044525
4 0.4078361531611755 0.431878895814782 0.5449688334817453 0.431878895814782 0.5449688334817453 0.5681211041852182 0.4078361531611755 0.5681211041852182
4 0.1495992876224399 0.3205699020480855 0.31255565449688333 0.3205699020480855 0.31255565449688333 0.4951024042742654 0.1495992876224399 0.4951024042742654
4 0.26179875333926983 0.182546749777382 0.39269813000890474 0.182546749777382 0.39269813000890474 0.35351736420302754 0.26179875333926983 0.35351736420302754
4 0.11130899376669634 0.5796972395369546 0.2653606411398041 0.5796972395369546 0.2653606411398041 0.7435440783615318 0.11130899376669634 0.7435440783615318
4 0.19056099732858414 0.5075690115761353 0.358860195903829 0.5075690115761353 0.358860195903829 0.6687444345503116 0.19056099732858414 0.6687444345503116
4 0.5405164737310775 0.49599287622439886 0.6794300979519146 0.49599287622439886 0.6794300979519146 0.659839715048976 0.5405164737310775 0.659839715048976
4 0.6829919857524487 0.4256455921638469 0.7853962600178093 0.4256455921638469 0.7853962600178093 0.5360641139804097 0.6829919857524487 0.5360641139804097
4 0.730186999109528 0.5805877114870882 0.8414959928762243 0.5805877114870882 0.8414959928762243 0.6910062333036509 0.730186999109528 0.6910062333036509
4 0.8147818343722173 0.5066785396260017 0.92520035618878 0.5066785396260017 0.92520035618878 0.6117542297417632 0.8147818343722173 0.6117542297417632
4 0.11398040961709706 0.12021371326803205 0.3072128227960819 0.12021371326803205 0.3072128227960819 0.257346393588602 0.11398040961709706 0.257346393588602
