0 0.19679430097951914 0.35440783615316124 0.32056990204808544 0.35440783615316124 0.32056990204808544 0.4772929652715939 0.19679430097951914 0.4772929652715939
0 0.4568121104185219 0.3766696349065004 0.6010685663401604 0.3766696349065004 0.6010685663401604 0.5111308993766697 0.4568121104185219 0.5111308993766697
0 0.2920747996438112 0.294746215494212 0.4113980409617098 0.294746215494212 0.4113980409617098 0.41674087266251114 0.2920747996438112 0.41674087266251114
0 0.04096170970614425 0.47373107747105964 0.19234194122885132 0.47373107747105964 0.19234194122885132 0.6197684772929652 0.04096170970614425 0.6197684772929652
0 0.5396260017809439 0.7889581478183436 0.7310774710596615 0.7889581478183436 0.7310774710596615 0.9617097061442564 0.5396260017809439 0.9617097061442564
0 0.2991985752448798 0.7666963490650044 0.4327693677649154 0.7666963490650044 0.4327693677649154 0.8958147818343722 0.2991985752448798 0.8958147818343722
0 0.6794300979519143 0.2858414959928763 0.7925200356188781 0.2858414959928763 0.7925200356188781 0.39536954585930545 0.6794300979519143 0.39536954585930545
0 0.9056099732858415 0.10062333036509348 0.9928762243989313 0.10062333036509348 0.9928762243989313 0.19056099732858414 0.9056099732858415 0.19056099732858414
0 0.8299198575244879 0.14692787177203917 0.9341050756901158 0.14692787177203917 0.9341050756901158 0.24844167408726625 0.8299198575244879 0.24844167408726625
0 0.8584149599287624 0.5983971504897596 1.0 0.5983971504897596 1.0 0.7417631344612645 0.8584149599287624 0.7417631344612645
0 0.5930543187889582 0.674087266251113 0.740872662511131 0.674087266251113 0.740872662511131 0.8058771148708815 0.5930543187889582 0.8058771148708815
0 0.28495102404274264 0.4372217275155833 0.4256455921638469 0.4372217275155833 0.4256455921638469 0.5886019590382903 0.28495102404274264 0.5886019590382903
0 0.17898486197684776 0.653606411398041 0.32947462154942125 0.653606411398041 0.32947462154942125 0.7907390917186109 0.17898486197684776 0.7907390917186109
0 0.3054318788958148 0.14870881567230632 0.36509349955476406 0.14870881567230632 0.36509349955476406 0.2119323241317898 0.3054318788958148 0.2119323241317898
0 0.30365093499554763 0.012466607301869992 0.35796972395369553 0.012466607301869992 0.35796972395369553 0.06411398040961709 0.30365093499554763 0.06411398040961709
0 0.2235084594835263 0.05966162065894924 0.2831700801424755 0.05966162065894924 0.2831700801424755 0.10952804986642918 0.2235084594835263 0.10952804986642918
0 0.3250222617987536 0.05966162065894926 0.4060552092609083 0.05966162065894926 0.4060552092609083 0.1406945681211042 0.3250222617987536 0.1406945681211042
0 0.032056990204808546 0.0365093499554764 0.10240427426536063 0.0365093499554764 0.10240427426536063 0.09260908281389135 0.032056990204808546 0.09260908281389135
0 0.015138023152270702 0.23152270703472838 0.09349955476402494 0.23152270703472838 0.09349955476402494 0.3072128227960819 0.015138023152270702 0.3072128227960819
0 0.015138023152270702 0.35529830810329455 0.14870881567230632 0.35529830810329455 0.14870881567230632 0.4897595725734639 0.015138023152270702 0.4897595725734639
0 0.6099732858414953 0.05342831700801421 0.7230632235084592 0.05342831700801421 0.7230632235084592 0.16295636687444348 0.6099732858414953 0.16295636687444348
