7 0.3535173642030276 0.5048975957257347 0.5289403383793411 0.5048975957257347 0.5289403383793411 0.6758682101513801 0.3535173642030276 0.6758682101513801
7 0.5877114870881567 0.2680320569902048 0.7462154942119325 0.2680320569902048 0.7462154942119325 0.4639358860195904 0.5877114870881567 0.4639358860195904
7 0.47907390917186116 0.20480854853072128 0.6233303650934997 0.20480854853072128 0.6233303650934997 0.327693677649154 0.47907390917186116 0.327693677649154
7 0.5004452359750667 0.3205699020480855 0.6170970614425646 0.3205699020480855 0.6170970614425646 0.4541406945681211 0.5004452359750667 0.4541406945681211
7 0.383793410507569 0.06767586821015138 0.5342831700801425 0.06767586821015138 0.5342831700801425 0.22261798753339268 0.383793410507569 0.22261798753339268
7 0.5164737310774711 0.04541406945681211 0.659839715048976 0.04541406945681211 0.659839715048976 0.2030276046304541 0.5164737310774711 0.2030276046304541
7 0.6562778272484416 0.05520926090828139 0.7756010685663403 0.05520926090828139 0.7756010685663403 0.22439893143365983 0.6562778272484416 0.22439893143365983
7 0.3321460373998219 0.2804986642920748 0.514692787177204 0.2804986642920748 0.514692787177204 0.41941228851291185 0.3321460373998219 0.41941228851291185
7 0.5351736420302761 0.5886019590382903 0.6936776491540516 0.5886019590382903 0.6936776491540516 0.7969723953695458 0.5351736420302761 0.7969723953695458
7 0.3357079252003562 0.674087266251113 0.514692787177204 0.674087266251113 0.514692787177204 0.8664292074799644 0.3357079252003562 0.8664292074799644
7 0.18699910952804988 0.6464826357969724 0.35529830810329477 0.6464826357969724 0.35529830810329477 0.871772039180766 0.18699910952804988 0.871772039180766
