9 0.5360641139804097 0.5360641139804097 0.7488869100623331 0.5360641139804097 0.7488869100623331 0.7399821905609972 0.5360641139804097 0.7399821905609972
9 0.46215494211932323 0.358860195903829 0.6447016918967053 0.358860195903829 0.6447016918967053 0.5440783615316118 0.46215494211932323 0.5440783615316118
9 0.28851291184327693 0.3223508459483526 0.45859305431878894 0.3223508459483526 0.45859305431878894 0.4897595725734639 0.28851291184327693 0.4897595725734639
9 0.3161175422974176 0.5022261798753339 0.4897595725734639 0.5022261798753339 0.4897595725734639 0.6705253784505788 0.3161175422974176 0.6705253784505788
9 0.13891362422083706 0.5414069456812111 0.3143365983971505 0.5414069456812111 0.3143365983971505 0.7292965271593945 0.13891362422083706 0.7292965271593945
9 0.09349955476402494 0.35084594835262695 0.288512911843277 0.35084594835262695 0.288512911843277 0.5422974176313448 0.09349955476402494 0.5422974176313448
9 0.39715048975957257 0.21816562778272483 0.5903829029385574 0.21816562778272483 0.5903829029385574 0.38557435440783616 0.39715048975957257 0.38557435440783616
9 0.553873552983081 0.23953695458593058 0.7061442564559217 0.23953695458593058 0.7061442564559217 0.40961709706144256 0.553873552983081 0.40961709706144256
9 0.699020480854853 0.3455031166518255 0.8566340160284949 0.3455031166518255 0.8566340160284949 0.5102404274265361 0.699020480854853 0.5102404274265361
9 0.7773820124666073 0.47462154942119317 0.9216384683882458 0.47462154942119317 0.9216384683882458 0.622439893143366 0.7773820124666073 0.622439893143366
9 0.6616206589492432 0.6295636687444346 0.8655387355298311 0.6295636687444346 0.8655387355298311 0.8397150489759572 0.6616206589492432 0.8397150489759572
9 0.2733748886910061 0.6776491540516474 0.47373107747105964 0.6776491540516474 0.47373107747105964 0.879786286731968 0.2733748886910061 0.879786286731968
9 0.6420302760463046 0.828138913624221 0.8343722172751559 0.828138913624221 0.8343722172751559 1.0 0.6420302760463046 1.0
9 0.3205699020480855 0.8512911843276938 0.5565449688334817 0.8512911843276938 0.5565449688334817 0.9982190560997329 0.3205699020480855 0.9982190560997329
9 0.08459483526268922 0.730186999109528 0.29118432769367764 0.730186999109528 0.29118432769367764 0.9376669634906499 0.08459483526268922 0.9376669634906499
9 0.4835262689225289 0.6420302760463046 0.6375779162956366 0.6420302760463046 0.6375779162956366 0.8245770258236864 0.4835262689225289 0.8245770258236864
9 0.8521816562778273 0.765805877114871 0.9848619768477294 0.765805877114871 0.9848619768477294 0.8931433659839716 0.8521816562778273 0.8931433659839716
9 0.8343722172751559 0.5886019590382903 0.9554764024933213 0.5886019590382903 0.9554764024933213 0.7212822796081924 0.8343722172751559 0.7212822796081924
9 0.14781834372217276 0.17809439002671415 0.37756010685663405 0.17809439002671415 0.37756010685663405 0.36865538735529824 0.14781834372217276 0.36865538735529824
9 0.4007123775601069 0.06678539626001781 0.5921638468388246 0.06678539626001781 0.5921638468388246 0.2493321460373998 0.4007123775601069 0.2493321460373998
9 0.6046304541406946 0.11308993766696349 0.7658058771148709 0.11308993766696349 0.7658058771148709 0.28138913624220835 0.6046304541406946 0.28138913624220835
9 0.23597506678539626 0.041852181656277826 0.40516473731077474 0.041852181656277826 0.40516473731077474 0.19768477292965272 0.23597506678539626 0.19768477292965272
