5 0.36420302760463047 0.25022261798753337 0.5992876224398932 0.25022261798753337 0.5992876224398932 0.41050756901157615 0.36420302760463047 0.41050756901157615
5 0.2991985752448798 0.5146927871772039 0.5520926090828139 0.5146927871772039 0.5520926090828139 0.7364203027604629 0.2991985752448798 0.7364203027604629
5 0.4550311665182547 0.39715048975957257 0.6883348174532502 0.39715048975957257 0.6883348174532502 0.6447016918967052 0.4550311665182547 0.6447016918967052
5 0.2609082813891363 0.35796972395369553 0.45057880676758677 0.35796972395369553 0.45057880676758677 0.5422974176313446 0.2609082813891363 0.5422974176313446
5 0.11487088156723063 0.5957257346393589 0.29207479964381117 0.5957257346393589 0.29207479964381117 0.7943009795191451 0.11487088156723063 0.7943009795191451
5 0.49777382012466614 0.6268922528940337 0.7016918967052538 0.6268922528940337 0.7016918967052538 0.8183437221727514 0.49777382012466614 0.8183437221727514
5 0.7319679430097952 0.3873552983081033 0.9234194122885128 0.3873552983081033 0.9234194122885128 0.5841495992876224 0.7319679430097952 0.5841495992876224
5 0.8174532502226179 0.5609973285841496 1.0 0.5609973285841496 1.0 0.7497773820124665 0.8174532502226179 0.7497773820124665
5 0.20658949243098843 0.12555654496883348 0.390026714158504 0.12555654496883348 0.390026714158504 0.33926981300089043 0.20658949243098843 0.33926981300089043
5 0.5316117542297416 0.8023152270703471 0.8477292965271591 0.8023152270703471 0.8477292965271591 1.0 0.5316117542297416 1.0
