1 0.1246660730186999 0.6126447016918967 0.34995547640249325 0.6126447016918967 0.34995547640249325 0.7640249332146036 0.1246660730186999 0.7640249332146036
1 0.3615316117542298 0.25200356188780054 0.5093499554764026 0.25200356188780054 0.5093499554764026 0.4078361531611754 0.3615316117542298 0.4078361531611754
1 0.5378450578806767 0.20480854853072128 0.6874443455031165 0.20480854853072128 0.6874443455031165 0.36420302760463047 0.5378450578806767 0.36420302760463047
1 0.7811611178148578 0.22825895960308876 0.9105712182517469 0.316515656452761 0.812872100032076 0.4597711050782451 0.6834619995951867 0.37151440822857285
1 0.32947462154942125 0.4532502226179875 0.4888691006233304 0.4532502226179875 0.4888691006233304 0.6019590382902937 0.32947462154942125 0.6019590382902937
1 0.1611754229741763 0.4657168299198575 0.31344612644701686 0.4657168299198575 0.31344612644701686 0.6117542297417631 0.1611754229741763 0.6117542297417631
1 0.5814781834372217 0.46749777382012464 0.7284060552092608 0.46749777382012464 0.7284060552092608 0.5832591273374889 0.5814781834372217 0.5832591273374889
1 0.4683882457702582 0.5422974176313448 0.6197684772929652 0.5422974176313448 0.6197684772929652 0.6945681211041854 0.4683882457702582 0.6945681211041854
1 0.7275155832591274 0.44078361531611754 0.9091718610863758 0.44078361531611754 0.9091718610863758 0.5832591273374889 0.7275155832591274 0.5832591273374889
1 0.6607301869991095 0.5627782724844167 0.8174532502226179 0.5627782724844167 0.8174532502226179 0.7088156723063223 0.6607301869991095 0.7088156723063223
1 0.5209260908281389 0.6927871772039179 0.6651825467497774 0.6927871772039179 0.6651825467497774 0.8495102404274263 0.5209260908281389 0.8495102404274263
1 0.8575244879786288 0.6767586821015138 0.9991095280498664 0.6767586821015138 0.9991095280498664 0.8655387355298305 0.8575244879786288 0.8655387355298305
1 0.6714158504007124 0.6918967052537845 0.7996438112199465 0.6918967052537845 0.7996438112199465 0.8780053428317007 0.6714158504007124 0.8780053428317007
1 0.7996438112199464 0.13178984861976847 0.9536954585930542 0.13178984861976847 0.9536954585930542 0.2813891362422084 0.7996438112199464 0.2813891362422084
1 0.3008162428764605 0.14820985823158997 0.47150337755293836 0.06092666436294367 0.5363709559489055 0.18777881767062315 0.3656838212724277 0.27506201153926946
1 0.6411398040961711 0.05431878895814786 0.7969723953695461 0.05431878895814786 0.7969723953695461 0.2457702582368656 0.6411398040961711 0.2457702582368656
