15 0.44612644701691884 0.29118432769367764 0.672306322350846 0.29118432769367764 0.672306322350846 0.5102404274265361 0.44612644701691884 0.5102404274265361
15 0.352626892252894 0.44612644701691884 0.5378450578806767 0.44612644701691884 0.5378450578806767 0.6144256455921638 0.352626892252894 0.6144256455921638
15 0.6705253784505788 0.4479073909171861 0.861086375779163 0.4479073909171861 0.861086375779163 0.6580587711487087 0.6705253784505788 0.6580587711487087
15 0.16028495102404275 0.5066785396260017 0.40694568121104185 0.5066785396260017 0.40694568121104185 0.7497773820124665 0.16028495102404275 0.7497773820124665
15 0.25556544968833483 0.3998219056099732 0.4327693677649154 0.3998219056099732 0.4327693677649154 0.5627782724844167 0.25556544968833483 0.5627782724844167
15 0.26447016918967053 0.2475512021371327 0.45146927871772047 0.2475512021371327 0.45146927871772047 0.4354407836153161 0.26447016918967053 0.4354407836153161
15 0.05699020480854853 0.32947462154942125 0.25645592163846836 0.32947462154942125 0.25645592163846836 0.5031166518254675 0.05699020480854853 0.5031166518254675
15 0.05075690115761354 0.17542297417631347 0.22796081923419412 0.17542297417631347 0.22796081923419412 0.346393588601959 0.05075690115761354 0.346393588601959
15 0.22083704363312556 0.041852181656277826 0.41495992876224397 0.041852181656277826 0.41495992876224397 0.2466607301869991 0.22083704363312556 0.2466607301869991
15 0.42653606411398054 0.14870881567230632 0.5841495992876226 0.14870881567230632 0.5841495992876226 0.3410507569011576 0.42653606411398054 0.3410507569011576
15 0.5565449688334817 0.14158504007123776 0.6981300089047194 0.14158504007123776 0.6981300089047194 0.300979519145147 0.5565449688334817 0.300979519145147
15 0.6393588601959038 0.3659839715048976 0.780053428317008 0.3659839715048976 0.780053428317008 0.5102404274265361 0.6393588601959038 0.5102404274265361
15 0.5057880676758683 0.5227070347284061 0.6847729296527159 0.5227070347284061 0.6847729296527159 0.722172751558326 0.5057880676758683 0.722172751558326
15 0.34639358860195907 0.653606411398041 0.558325912733749 0.653606411398041 0.558325912733749 0.8619768477292967 0.34639358860195907 0.8619768477292967
15 0.18432769367764915 0.7577916295636687 0.41050756901157615 0.7577916295636687 0.41050756901157615 0.9626001780943901 0.18432769367764915 0.9626001780943901
15 0.06856634016028496 0.6544968833481746 0.2742653606411398 0.6544968833481746 0.2742653606411398 0.844167408726625 0.06856634016028496 0.844167408726625
15 0.6455921638468388 0.6473731077471059 0.8397150489759573 0.6473731077471059 0.8397150489759573 0.83793410507569 0.6455921638468388 0.83793410507569
15 0.8281389136242209 0.5592163846838826 0.9857524487978628 0.5592163846838826 0.9857524487978628 0.7604630454140694 0.8281389136242209 0.7604630454140694
15 0.871772039180766 0.3597506678539626 1.0 0.3597506678539626 1.0 0.5040071237756011 0.871772039180766 0.5040071237756011
15 0.6696349065004452 0.26981300089047194 0.8147818343722174 0.26981300089047194 0.8147818343722174 0.39269813000890474 0.6696349065004452 0.39269813000890474
15 0.6838824577025824 0.8085485307212824 0.9145146927871772 0.8085485307212824 0.9145146927871772 1.0 0.6838824577025824 1.0
15 0.48263579697239545 0.8423864648263578 0.666073018699911 0.8423864648263578 0.666073018699911 1.0 0.48263579697239545 1.0
