0 0.5271593944790739 0.37132680320569894 0.7123775601068566 0.37132680320569894 0.7123775601068566 0.5405164737310775 0.5271593944790739 0.5405164737310775
0 0.2493321460373998 0.3455031166518255 0.43187889581478184 0.3455031166518255 0.43187889581478184 0.5111308993766697 0.2493321460373998 0.5111308993766697
0 0.5752448797862867 0.2252894033837934 0.748886910062333 0.2252894033837934 0.748886910062333 0.3909171861086376 0.5752448797862867 0.3909171861086376
0 0.6251113089937667 0.10685663401602849 0.7649154051647373 0.10685663401602849 0.7649154051647373 0.24844167408726628 0.6251113089937667 0.24844167408726628
0 0.7373107747105966 0.026714158504007122 0.8726625111308993 0.026714158504007122 0.8726625111308993 0.1816562778272484 0.7373107747105966 0.1816562778272484
0 0.8023152270703472 0.18699910952804988 0.9634906500445235 0.18699910952804988 0.9634906500445235 0.3579697239536955 0.8023152270703472 0.3579697239536955
0 0.6749777382012465 0.28673196794300976 0.8236865538735529 0.28673196794300976 0.8236865538735529 0.4434550311665182 0.6749777382012465 0.4434550311665182
0 0.8058771148708814 0.4211932324131791 0.9599287622439893 0.4211932324131791 0.9599287622439893 0.5805877114870882 0.8058771148708814 0.5805877114870882
0 0.6705253784505788 0.4390026714158505 0.8414959928762243 0.4390026714158505 0.8414959928762243 0.6001780943900267 0.6705253784505788 0.6001780943900267
0 0.5244879786286732 0.5431878895814782 0.6892252894033838 0.5431878895814782 0.6892252894033838 0.7061442564559216 0.5244879786286732 0.7061442564559216
0 0.37399821905609976 0.5467497773820125 0.5342831700801425 0.5467497773820125 0.5342831700801425 0.711487088156723 0.37399821905609976 0.711487088156723
0 0.39536954585930556 0.4060552092609083 0.5494211932324132 0.4060552092609083 0.5494211932324132 0.5547640249332147 0.39536954585930556 0.5547640249332147
0 0.43455031166518254 0.2582368655387356 0.5921638468388246 0.2582368655387356 0.5921638468388246 0.42653606411398054 0.43455031166518254 0.42653606411398054
0 0.7114870881567231 0.5921638468388246 0.8539626001780944 0.5921638468388246 0.8539626001780944 0.7444345503116652 0.7114870881567231 0.7444345503116652
0 0.3072128227960819 0.13980409617097062 0.44078361531611754 0.13980409617097062 0.44078361531611754 0.26179875333926983 0.3072128227960819 0.26179875333926983
0 0.48619768477292974 0.09884238646482636 0.6322350845948352 0.09884238646482636 0.6322350845948352 0.23686553873552985 0.48619768477292974 0.23686553873552985
0 0.5894924309884239 -7.216449660063518e-18 0.7319679430097953 -7.216449660063518e-18 0.7319679430097953 0.12021371326803205 0.5894924309884239 0.12021371326803205
0 0.3045414069456812 0.013357079252003561 0.4256455921638469 0.013357079252003561 0.4256455921638469 0.13089937666963491 0.3045414069456812 0.13089937666963491
0 0.2920747996438112 0.6714158504007124 0.4585930543187889 0.6714158504007124 0.4585930543187889 0.8468388245770259 0.2920747996438112 0.8468388245770259
0 0.4532502226179875 0.6749777382012466 0.6010685663401603 0.6749777382012466 0.6010685663401603 0.8486197684772929 0.4532502226179875 0.8486197684772929
0 0.6028495102404274 0.678539626001781 0.7560106856634017 0.678539626001781 0.7560106856634017 0.8290293855743546 0.6028495102404274 0.8290293855743546
