0 0.560106856634016 0.12199465716829921 0.7435440783615317 0.12199465716829921 0.7435440783615317 0.3196794300979519 0.560106856634016 0.3196794300979519
0 0.6981300089047195 0.2591273374888691 0.8691006233303651 0.2591273374888691 0.8691006233303651 0.42119323241317896 0.6981300089047195 0.42119323241317896
0 0.5280498664292075 0.024042742653606407 0.7079252003561888 0.024042742653606407 0.7079252003561888 0.18343722172751556 0.5280498664292075 0.18343722172751556
0 0.7292965271593945 0.028495102404274265 0.9100623330365094 0.028495102404274265 0.9100623330365094 0.16117542297417628 0.7292965271593945 0.16117542297417628
0 0.21816562778272483 0.163846838824577 0.3383793410507569 0.163846838824577 0.3383793410507569 0.2894033837934105 0.21816562778272483 0.2894033837934105
0 0.31255565449688333 0.0854853072128228 0.4541406945681211 0.0854853072128228 0.4541406945681211 0.23330365093499558 0.31255565449688333 0.23330365093499558
0 0.3081032947462157 0.38379341050756904 0.4746215494211933 0.38379341050756904 0.4746215494211933 0.5716829919857526 0.3081032947462157 0.5716829919857526
0 0.4657168299198575 0.2858414959928762 0.6580587711487087 0.2858414959928762 0.6580587711487087 0.464826357969724 0.4657168299198575 0.464826357969724
0 0.6108637577916296 0.48441674087266245 0.8539626001780944 0.48441674087266245 0.8539626001780944 0.7070347284060551 0.6108637577916296 0.7070347284060551
0 0.4772929652715939 0.6117542297417632 0.6776491540516474 0.6117542297417632 0.6776491540516474 0.8290293855743546 0.4772929652715939 0.8290293855743546
0 0.6829919857524487 0.6838824577025824 0.9323241317898486 0.6838824577025824 0.9323241317898486 0.9171861086375779 0.6829919857524487 0.9171861086375779
0 0.767586821015138 0.30543187889581486 0.9999999999999997 0.30543187889581486 0.9999999999999997 0.5378450578806766 0.767586821015138 0.5378450578806766
0 0.08370436331255565 0.19590382902938558 0.21727515583259127 0.19590382902938558 0.21727515583259127 0.3196794300979519 0.08370436331255565 0.3196794300979519
0 0.0 0.4292074799643812 0.11308993766696349 0.4292074799643812 0.11308993766696349 0.5512021371326803 0.0 0.5512021371326803
0 0.3766696349065004 0.0 0.4933214603739982 0.0 0.4933214603739982 0.09795191451469279 0.3766696349065004 0.09795191451469279
0 0.0 0.10685663401602849 0.11487088156723063 0.10685663401602849 0.11487088156723063 0.2493321460373998 0.0 0.2493321460373998
0 0.13891362422083706 0.0854853072128228 0.2769367764915406 0.0854853072128228 0.2769367764915406 0.20658949243098843 0.13891362422083706 0.20658949243098843
0 0.27070347284060553 0.5396260017809439 0.4594835262689226 0.5396260017809439 0.4594835262689226 0.7684772929652716 0.27070347284060553 0.7684772929652716
0 0.4470169189670526 0.4416740872662512 0.6429207479964382 0.4416740872662512 0.6429207479964382 0.6500445235975066 0.4470169189670526 0.6500445235975066
