0 -1.7763568394002502e-17 0.6607301869991096 0.1899673493618285 0.6607301869991096 0.1899673493618285 0.8192341941228853 -1.7763568394002502e-17 0.8192341941228853
0 0.172157910359157 0.6260017809439004 0.38468388245770263 0.6260017809439004 0.38468388245770263 0.7880676758682101 0.172157910359157 0.7880676758682101
0 0.46423271000296823 0.4514692787177204 0.6458889878302168 0.4514692787177204 0.6458889878302168 0.5716829919857525 0.46423271000296823 0.5716829919857525
0 0.039180765805877114 0.41852181656277837 0.180468981893737 0.41852181656277837 0.180468981893737 0.5351736420302761 0.039180765805877114 0.5351736420302761
0 0.6304541406945681 0.383793410507569 0.7622439893143366 0.383793410507569 0.7622439893143366 0.485307212822796 0.6304541406945681 0.485307212822796
0 0.780053428317008 0.5333926981300089 0.9700207776788365 0.5333926981300089 0.9700207776788365 0.6634016028495102 0.780053428317008 0.6634016028495102
0 0.36924903532205394 0.6126447016918967 0.5200356188780053 0.6126447016918967 0.5200356188780053 0.7426536064113981 0.36924903532205394 0.7426536064113981
0 0.39180765805877116 0.5351736420302761 0.5140991392104484 0.5351736420302761 0.5140991392104484 0.6215494211932324 0.39180765805877116 0.6215494211932324
0 0.6375779162956366 0.6135351736420303 0.8085485307212824 0.6135351736420303 0.8085485307212824 0.7533392698130009 0.6375779162956366 0.7533392698130009
0 0.188780053428317 0.41495992876224397 0.3716236271890769 0.41495992876224397 0.3716236271890769 0.5271593944790738 0.188780053428317 0.5271593944790738
0 0.46660730186999105 0.5467497773820125 0.6720094983674681 0.5467497773820125 0.6720094983674681 0.7186108637577917 0.46660730186999105 0.7186108637577917
