15 0.5823686553873553 0.24220837043633123 0.8219056099732858 0.24220837043633123 0.8219056099732858 0.471059661620659 0.5823686553873553 0.471059661620659
15 0.3606411398040962 0.5333926981300089 0.6001780943900267 0.5333926981300089 0.6001780943900267 0.7845057880676761 0.3606411398040962 0.7845057880676761
15 0.5814781834372217 0.4870881567230632 0.7595725734639359 0.4870881567230632 0.7595725734639359 0.6714158504007123 0.5814781834372217 0.6714158504007123
15 0.7382012466607288 0.40783615316117516 0.9661620658949241 0.40783615316117516 0.9661620658949241 0.6179875333926977 0.7382012466607288 0.6179875333926977
15 0.47016918967052546 0.358860195903829 0.6740872662511131 0.358860195903829 0.6740872662511131 0.5369545859305431 0.47016918967052546 0.5369545859305431
15 0.3490650044523598 0.4256455921638469 0.5066785396260017 0.4256455921638469 0.5066785396260017 0.566340160284951 0.3490650044523598 0.566340160284951
15 0.22439893143365983 0.33303650934995555 0.390026714158504 0.33303650934995555 0.390026714158504 0.49777382012466603 0.22439893143365983 0.49777382012466603
15 0.11130899376669634 0.4158504007123776 0.27960819234194123 0.4158504007123776 0.27960819234194123 0.5681211041852181 0.11130899376669634 0.5681211041852181
15 0.6874443455031166 0.10952804986642921 0.8566340160284951 0.10952804986642921 0.8566340160284951 0.25556544968833483 0.6874443455031166 0.25556544968833483
15 0.36776491540516476 0.12021371326803205 0.5316117542297418 0.12021371326803205 0.5316117542297418 0.2707034728406056 0.36776491540516476 0.2707034728406056
15 0.37845057880676763 0.2858414959928762 0.520926090828139 0.2858414959928762 0.520926090828139 0.42831700801424755 0.37845057880676763 0.42831700801424755
15 0.25378450578806766 0.20480854853072128 0.40516473731077474 0.20480854853072128 0.40516473731077474 0.3552983081032948 0.25378450578806766 0.3552983081032948
15 0.7025823686553874 0.740872662511131 0.9082813891362422 0.740872662511131 0.9082813891362422 0.9715048975957259 0.7025823686553874 0.9715048975957259
15 0.8254674977738202 0.6090828138913624 1.0 0.6090828138913624 1.0 0.8290293855743542 0.8254674977738202 0.8290293855743542
15 0.5627782724844167 0.674087266251113 0.7586821015138024 0.674087266251113 0.7586821015138024 0.8593054318788959 0.5627782724844167 0.8593054318788959
15 0.5218165627782722 0.8459483526268926 0.711487088156723 0.8459483526268926 0.711487088156723 1.0 0.5218165627782722 1.0
