5 0.48263579697239545 0.43455031166518254 0.6945681211041853 0.43455031166518254 0.6945681211041853 0.5948352626892254 0.48263579697239545 0.5948352626892254
5 0.33303650934995555 0.5048975957257347 0.49599287622439897 0.5048975957257347 0.49599287622439897 0.6963490650044524 0.33303650934995555 0.6963490650044524
5 0.46749777382012464 0.5805877114870882 0.6634016028495102 0.5805877114870882 0.6634016028495102 0.7898486197684774 0.46749777382012464 0.7898486197684774
5 0.16829919857524486 0.684772929652716 0.3802315227070347 0.684772929652716 0.3802315227070347 0.8388245770258237 0.16829919857524486 0.8388245770258237
5 0.2991985752448798 0.76313446126447 0.5120213713268034 0.76313446126447 0.5120213713268034 0.9341050756901157 0.2991985752448798 0.9341050756901157
5 0.5387355298308103 0.7604630454140696 0.7159394479073911 0.7604630454140696 0.7159394479073911 0.9198575244879788 0.5387355298308103 0.9198575244879788
5 0.6384683882457702 0.5877114870881567 0.8165627782724844 0.5877114870881567 0.8165627782724844 0.7889581478183438 0.6384683882457702 0.7889581478183438
5 0.8112199465716831 0.5325022261798753 1.0 0.5325022261798753 1.0 0.7702582368655387 0.8112199465716831 0.7702582368655387
5 0.7747105966162063 0.7604630454140693 0.9652715939447905 0.7604630454140693 0.9652715939447905 0.9643811219946564 0.7747105966162063 0.9643811219946564
5 0.5556544968833482 0.3143365983971505 0.755120213713268 0.3143365983971505 0.755120213713268 0.48441674087266245 0.5556544968833482 0.48441674087266245
5 0.35796972395369553 0.22707034728406061 0.5707925200356189 0.22707034728406061 0.5707925200356189 0.40516473731077485 0.35796972395369553 0.40516473731077485
5 0.20926090828138913 0.24309884238646481 0.365093499554764 0.24309884238646481 0.365093499554764 0.3962600178094389 0.20926090828138913 0.3962600178094389
5 0.3081032947462155 0.3472840605520926 0.4746215494211933 0.3472840605520926 0.4746215494211933 0.5057880676758681 0.3081032947462155 0.5057880676758681
5 0.21282279608192345 0.4470169189670526 0.3944790739091719 0.4470169189670526 0.3944790739091719 0.6028495102404274 0.21282279608192345 0.6028495102404274
5 0.5485307212822796 0.18432769367764912 0.7666963490650046 0.18432769367764912 0.7666963490650046 0.36509349955476406 0.5485307212822796 0.36509349955476406
5 0.672306322350846 0.07836153161175423 0.8361531611754229 0.07836153161175423 0.8361531611754229 0.2493321460373998 0.672306322350846 0.2493321460373998
5 0.5681211041852182 2.636779683484747e-18 0.7453250222617988 2.636779683484747e-18 0.7453250222617988 0.14870881567230632 0.5681211041852182 0.14870881567230632
5 0.7853962600178095 0.1549421193232413 0.9323241317898486 0.1549421193232413 0.9323241317898486 0.3348174532502226 0.7853962600178095 0.3348174532502226
5 0.6981300089047195 0.36420302760463047 0.8477292965271594 0.36420302760463047 0.8477292965271594 0.5244879786286732 0.6981300089047195 0.5244879786286732
5 0.8165627782724845 0.3615316117542298 0.9314336598397152 0.3615316117542298 0.9314336598397152 0.49688334817453256 0.8165627782724845 0.49688334817453256
5 0.26090828138913624 0.10062333036509348 0.4639358860195904 0.10062333036509348 0.4639358860195904 0.28495102404274264 0.26090828138913624 0.28495102404274264
5 0.43187889581478184 0.024042742653606407 0.5841495992876224 0.024042742653606407 0.5841495992876224 0.16740872662511128 0.43187889581478184 0.16740872662511128
