0 0.25556544968833483 0.5146927871772039 0.48619768477292963 0.5146927871772039 0.48619768477292963 0.7497773820124667 0.25556544968833483 0.7497773820124667
0 0.0427426536064114 0.29118432769367764 0.2662511130899377 0.29118432769367764 0.2662511130899377 0.5111308993766697 0.0427426536064114 0.5111308993766697
0 0.40694568121104185 0.2653606411398041 0.6117542297417632 0.2653606411398041 0.6117542297417632 0.46215494211932323 0.40694568121104185 0.46215494211932323
0 0.6153161175422975 0.26357969723953695 0.8112199465716832 0.26357969723953695 0.8112199465716832 0.4639358860195904 0.6153161175422975 0.4639358860195904
0 0.27604630454140694 0.3802315227070348 0.43187889581478184 0.3802315227070348 0.43187889581478184 0.5529830810329475 0.27604630454140694 0.5529830810329475
0 0.44434550311665183 0.8584149599287624 0.6429207479964381 0.8584149599287624 0.6429207479964381 0.9902048085485308 0.44434550311665183 0.9902048085485308
0 0.06411398040961709 0.6411398040961709 0.2707034728406056 0.6411398040961709 0.2707034728406056 0.8308103294746215 0.06411398040961709 0.8308103294746215
0 0.4959928762243988 0.41317898486197696 0.6990204808548531 0.41317898486197696 0.6990204808548531 0.6402493321460374 0.4959928762243988 0.6402493321460374
0 0.8147818343722173 0.3864648263579697 0.981300089047195 0.3864648263579697 0.981300089047195 0.6108637577916296 0.8147818343722173 0.6108637577916296
0 0.7195013357079252 0.7880676758682101 0.9706144256455922 0.7880676758682101 0.9706144256455922 1.0 0.7195013357079252 1.0
