0 0.11041852181656278 0.43989314336598395 0.26981300089047194 0.43989314336598395 0.26981300089047194 0.6019590382902938 0.11041852181656278 0.6019590382902938
0 0.003561887800534283 0.5146927871772039 0.14425645592163847 0.5146927871772039 0.14425645592163847 0.6714158504007123 0.003561887800534283 0.6714158504007123
0 0.358860195903829 0.39180765805877116 0.47907390917186116 0.39180765805877116 0.47907390917186116 0.5227070347284061 0.358860195903829 0.5227070347284061
0 0.5627782724844167 0.5930543187889582 0.7186108637577917 0.5930543187889582 0.7186108637577917 0.755120213713268 0.5627782724844167 0.755120213713268
0 0.6473731077471059 0.7150489759572574 0.7978628673196795 0.7150489759572574 0.7978628673196795 0.9011576135351737 0.6473731077471059 0.9011576135351737
0 0.3846838824577025 0.6268922528940338 0.5173642030276047 0.6268922528940338 0.5173642030276047 0.7613535173642031 0.3846838824577025 0.7613535173642031
0 0.4772929652715939 0.7248441674087266 0.6313446126447017 0.7248441674087266 0.6313446126447017 0.8878005342831701 0.4772929652715939 0.8878005342831701
0 0.4479073909171861 0.4906500445235975 0.597506678539626 0.4906500445235975 0.597506678539626 0.6393588601959038 0.4479073909171861 0.6393588601959038
0 0.5672306322350846 0.27070347284060553 0.7088156723063223 0.27070347284060553 0.7088156723063223 0.4220837043633125 0.5672306322350846 0.4220837043633125
0 0.464826357969724 0.35440783615316124 0.5939447907390918 0.35440783615316124 0.5939447907390918 0.47016918967052546 0.464826357969724 0.47016918967052546
0 0.23330365093499553 0.2840605520926091 0.3784505788067675 0.2840605520926091 0.3784505788067675 0.42475512021371326 0.23330365093499553 0.42475512021371326
0 0.28495102404274264 0.18165627782724844 0.40872662511130897 0.18165627782724844 0.40872662511130897 0.3205699020480855 0.28495102404274264 0.3205699020480855
0 0.4657168299198575 0.20124666073018696 0.5779162956366874 0.20124666073018696 0.5779162956366874 0.3232413178984862 0.4657168299198575 0.3232413178984862
0 0.6669634906500446 0.19234194122885126 0.7738201246660732 0.19234194122885126 0.7738201246660732 0.3072128227960819 0.6669634906500446 0.3072128227960819
0 0.11041852181656278 0.3009795191451469 0.24398931433659843 0.3009795191451469 0.24398931433659843 0.4354407836153161 0.11041852181656278 0.4354407836153161
0 0.09349955476402494 0.18165627782724844 0.22439893143365983 0.18165627782724844 0.22439893143365983 0.3268032056990205 0.09349955476402494 0.3268032056990205
0 0.6295636687444346 0.4755120213713269 0.7711487088156723 0.4755120213713269 0.7711487088156723 0.6224398931433661 0.6295636687444346 0.6224398931433661
0 0.667853962600178 0.33392698130008897 0.7978628673196795 0.33392698130008897 0.7978628673196795 0.4648263579697239 0.667853962600178 0.4648263579697239
0 0.740872662511131 0.5957257346393589 0.8878005342831701 0.5957257346393589 0.8878005342831701 0.7479964381121994 0.740872662511131 0.7479964381121994
0 0.2778272484416741 0.7284060552092609 0.42653606411398043 0.7284060552092609 0.42653606411398043 0.898486197684773 0.2778272484416741 0.898486197684773
0 0.10240427426536064 0.6081923419412288 0.26447016918967053 0.6081923419412288 0.26447016918967053 0.765805877114871 0.10240427426536064 0.765805877114871
0 0.14158504007123776 0.8548530721282279 0.33036509349955484 0.8548530721282279 0.33036509349955484 1.0 0.14158504007123776 1.0
