12 0.6233303650934996 0.36420302760463047 0.7812407242505195 0.36420302760463047 0.7812407242505195 0.47996438112199463 0.6233303650934996 0.47996438112199463
12 0.3668744434550312 0.3695458593054319 0.5200356188780053 0.3695458593054319 0.5200356188780053 0.4666073018699911 0.3668744434550312 0.4666073018699911
12 0.39536954585930545 0.21994657168299198 0.5402196497476996 0.21994657168299198 0.5402196497476996 0.34639358860195896 0.39536954585930545 0.34639358860195896
12 0.27663995250816265 0.2885129118432769 0.42030276046304543 0.2885129118432769 0.42030276046304543 0.39893143365983974 0.27663995250816265 0.39893143365983974
12 0.6328287325615906 0.22796081923419412 0.7812407242505195 0.22796081923419412 0.7812407242505195 0.3232413178984861 0.6328287325615906 0.3232413178984861
12 0.5105372514099139 0.27604630454140694 0.6280795488275452 0.27604630454140694 0.6280795488275452 0.3642030276046305 0.5105372514099139 0.3642030276046305
12 0.49985158800831103 0.38913624220837045 0.624517661027011 0.38913624220837045 0.624517661027011 0.47818343722172746 0.49985158800831103 0.47818343722172746
12 0.20302760463045416 0.4042742653606412 0.3585633719204512 0.4042742653606412 0.3585633719204512 0.5235975066785395 0.20302760463045416 0.5235975066785395
12 0.15672306322350846 0.3303650934995547 0.28257643217571976 0.3303650934995547 0.28257643217571976 0.4265360641139804 0.15672306322350846 0.4265360641139804
12 0.197091124962897 0.21816562778272483 0.3478777085188483 0.21816562778272483 0.3478777085188483 0.3312555654496883 0.197091124962897 0.3312555654496883
12 0.055802908875037104 0.22617987533392697 0.20896408429801125 0.22617987533392697 0.20896408429801125 0.33570792520035614 0.055802908875037104 0.33570792520035614
12 0.24814485010388837 0.11665182546749778 0.3882457702582368 0.11665182546749778 0.3882457702582368 0.22707034728406056 0.24814485010388837 0.22707034728406056
12 0.3478777085188483 0.032056990204808546 0.5081626595428911 0.032056990204808546 0.5081626595428911 0.15405164737310773 0.3478777085188483 0.15405164737310773
12 0.5390323538141882 0.1807658058771149 0.657761947165331 0.1807658058771149 0.657761947165331 0.27604630454140694 0.5390323538141882 0.27604630454140694
12 0.6387652122291481 0.13178984861976847 0.7741169486494509 0.13178984861976847 0.7741169486494509 0.22172751558325915 0.6387652122291481 0.22172751558325915
12 0.5568417928168596 0.048975957257346395 0.6850697536360938 0.048975957257346395 0.6850697536360938 0.15316117542297414 0.5568417928168596 0.15316117542297414
12 0.44286138319976254 0.11576135351736419 0.5592163846838825 0.11576135351736419 0.5592163846838825 0.21549421193232413 0.44286138319976254 0.21549421193232413
12 0.10923122588305137 0.02315227070347284 0.28138913624220835 0.02315227070347284 0.28138913624220835 0.14781834372217276 0.10923122588305137 0.14781834372217276
12 0.3419412288512912 0.45859305431878894 0.4951024042742654 0.45859305431878894 0.4951024042742654 0.566340160284951 0.3419412288512912 0.566340160284951
12 0.4725437815375483 0.4835262689225289 0.5900860789551797 0.4835262689225289 0.5900860789551797 0.5868210151380233 0.4725437815375483 0.5868210151380233
12 0.5485307212822795 0.5449688334817453 0.7005046007717425 0.5449688334817453 0.7005046007717425 0.6518254674977737 0.5485307212822795 0.6518254674977737
12 0.14841199168892846 0.5209260908281389 0.3324428613831998 0.5209260908281389 0.3324428613831998 0.6562778272484416 0.14841199168892846 0.6562778272484416
12 0.07954882754526565 0.41406945681211044 0.22321163550014841 0.41406945681211044 0.22321163550014841 0.5209260908281388 0.07954882754526565 0.5209260908281388
12 0.3704363312555655 0.6402493321460373 0.577025823686554 0.6402493321460373 0.577025823686554 0.7951914514692786 0.3704363312555655 0.7951914514692786
12 0.3027604630454142 0.581478183437221 0.48441674087266257 0.581478183437221 0.48441674087266257 0.7105966162065889 0.3027604630454142 0.7105966162065889
12 0.5378450578806768 0.705253784505788 0.7266251113089939 0.705253784505788 0.7266251113089939 0.8486197684772927 0.5378450578806768 0.8486197684772927
12 0.22083704363312556 0.7479964381121995 0.4214900563965569 0.7479964381121995 0.4214900563965569 0.8886910062333038 0.22083704363312556 0.8886910062333038
12 0.0 0.6749777382012467 0.17334520629266845 0.6749777382012467 0.17334520629266845 0.8201246660730187 0.0 0.8201246660730187
12 0.002374591867022856 0.5182546749777379 0.17334520629266847 0.5182546749777379 0.17334520629266847 0.6544968833481742 0.002374591867022856 0.6544968833481742
12 0.46660730186999105 0.8566340160284951 0.674384090234491 0.8566340160284951 0.674384090234491 0.9999999999999998 0.46660730186999105 0.9999999999999998
