1 0.40516473731077474 0.3811219946571683 0.5609973285841496 0.3811219946571683 0.5609973285841496 0.4986642920747996 0.40516473731077474 0.4986642920747996
1 0.4612644701691896 0.18165627782724844 0.5992876224398932 0.18165627782724844 0.5992876224398932 0.294746215494212 0.4612644701691896 0.294746215494212
1 0.3846838824577025 0.2840605520926091 0.5040071237756011 0.2840605520926091 0.5040071237756011 0.3846838824577025 0.3846838824577025 0.3846838824577025
1 0.570859117498449 0.28990087398763537 0.6757630081279962 0.21616090065808385 0.7862693193990482 0.3733692839544119 0.681365428769501 0.4471092572839634
1 0.40694568121104185 0.52359750667854 0.5378450578806767 0.52359750667854 0.5378450578806767 0.6847729296527159 0.40694568121104185 0.6847729296527159
1 0.19946571682991968 0.43811219946571683 0.3784505788067673 0.43811219946571683 0.3784505788067673 0.553873552983081 0.19946571682991968 0.553873552983081
1 0.18257517047267455 0.3479169042961591 0.274871212119264 0.26279413013505876 0.3793126300616075 0.3760367911624351 0.287016588415018 0.4611595653235354
1 0.5414069456812111 0.560106856634016 0.6714158504007123 0.560106856634016 0.6714158504007123 0.6954585930543188 0.5414069456812111 0.6954585930543188
1 0.703472840605521 0.6634016028495102 0.8432769367764915 0.6634016028495102 0.8432769367764915 0.8130008904719501 0.703472840605521 0.8130008904719501
1 0.3205699020480855 0.6562778272484416 0.4594835262689225 0.6562778272484416 0.4594835262689225 0.8138913624220837 0.3205699020480855 0.8138913624220837
1 0.4835262689225289 0.674087266251113 0.6527159394479074 0.674087266251113 0.6527159394479074 0.873552983081033 0.4835262689225289 0.873552983081033
1 0.14158504007123776 0.7141585040071238 0.3027604630454141 0.7141585040071238 0.3027604630454141 0.894033837934105 0.14158504007123776 0.894033837934105
1 0.5111308993766696 0.8450578806767588 0.6954585930543183 0.8450578806767588 0.6954585930543183 1.0 0.5111308993766696 1.0
1 0.6829919857524487 0.8174532502226179 0.83793410507569 0.8174532502226179 0.83793410507569 0.9652715939447908 0.6829919857524487 0.9652715939447908
1 0.7871772039180766 0.6081923419412288 0.9358860195903828 0.6081923419412288 0.9358860195903828 0.7622439893143366 0.7871772039180766 0.7622439893143366
1 0.7497773820124665 0.5111308993766697 0.8913624220837043 0.5111308993766697 0.8913624220837043 0.6313446126447017 0.7497773820124665 0.6313446126447017
1 0.11398040961709706 0.572573463935886 0.27337488869100623 0.572573463935886 0.27337488869100623 0.7319679430097951 0.11398040961709706 0.7319679430097951
18 0.00801424755120214 0.4844167408726621 0.17008014247551215 0.4844167408726621 0.17008014247551215 0.6215494211932321 0.00801424755120214 0.6215494211932321
18 0.0017809439002671415 0.352626892252894 0.16028495102404272 0.352626892252894 0.16028495102404272 0.4915405164737309 0.0017809439002671415 0.4915405164737309
18 0.035618878005342795 0.13000890471950127 0.16473731077471054 0.13000890471950127 0.16473731077471054 0.26625111308993765 0.035618878005342795 0.26625111308993765
18 0.11398040961709706 0.006233303650934997 0.23508459483526276 0.006233303650934997 0.23508459483526276 0.1362422083704364 0.11398040961709706 0.1362422083704364
1 0.583259127337489 0.4897595725734639 0.7008014247551203 0.4897595725734639 0.7008014247551203 0.6001780943900267 0.583259127337489 0.6001780943900267
1 0.7275155832591274 0.4113980409617098 0.8664292074799643 0.4113980409617098 0.8664292074799643 0.5191451469278718 0.7275155832591274 0.5191451469278718
1 0.680320569902048 0.09349955476402493 0.8504007123775585 0.09349955476402493 0.8504007123775585 0.20926090828138916 0.680320569902048 0.20926090828138916
