0 0.5636687444345503 0.3196794300979519 0.7248441674087265 0.3196794300979519 0.7248441674087265 0.472840605520926 0.5636687444345503 0.472840605520926
0 0.41317898486197685 0.36776491540516476 0.585040071237756 0.36776491540516476 0.585040071237756 0.5342831700801424 0.41317898486197685 0.5342831700801424
0 0.6731967943009795 0.22617987533392697 0.8005342831700801 0.22617987533392697 0.8005342831700801 0.3579697239536955 0.6731967943009795 0.3579697239536955
0 0.41674087266251114 0.5841495992876224 0.5752448797862868 0.5841495992876224 0.5752448797862868 0.7479964381121995 0.41674087266251114 0.7479964381121995
0 0.5805877114870882 0.6179875333926982 0.7123775601068566 0.6179875333926982 0.7123775601068566 0.755120213713268 0.5805877114870882 0.755120213713268
0 0.7586821015138024 0.36420302760463047 0.9127337488869102 0.36420302760463047 0.9127337488869102 0.5173642030276047 0.7586821015138024 0.5173642030276047
0 0.6954585930543188 0.4986642920747996 0.8138913624220837 0.4986642920747996 0.8138913624220837 0.653606411398041 0.6954585930543188 0.653606411398041
0 0.7934105075690115 0.8263579697239537 0.95013357079252 0.8263579697239537 0.95013357079252 0.9786286731967944 0.7934105075690115 0.9786286731967944
0 0.3054318788958148 0.6696349065004452 0.4532502226179875 0.6696349065004452 0.4532502226179875 0.8236865538735529 0.3054318788958148 0.8236865538735529
0 0.18521816562778276 0.5503116651825467 0.346393588601959 0.5503116651825467 0.346393588601959 0.7061442564559216 0.18521816562778276 0.7061442564559216
0 0.12199465716829921 0.41406945681211044 0.26090828138913624 0.41406945681211044 0.26090828138913624 0.5422974176313446 0.12199465716829921 0.5422974176313446
0 0.19323241317898485 0.28762243989314334 0.327693677649154 0.28762243989314334 0.327693677649154 0.4158504007123775 0.19323241317898485 0.4158504007123775
0 0.3481745325022262 0.08904719501335707 0.5013357079252003 0.08904719501335707 0.5013357079252003 0.24309884238646481 0.3481745325022262 0.24309884238646481
0 0.5583259127337489 0.12021371326803205 0.6901157613535174 0.12021371326803205 0.6901157613535174 0.25823686553873554 0.5583259127337489 0.25823686553873554
0 0.4550311665182547 0.21104185218165625 0.6153161175422974 0.21104185218165625 0.6153161175422974 0.36776491540516476 0.4550311665182547 0.36776491540516476
0 0.7257346393588603 0.03561887800534283 0.8610863757791631 0.03561887800534283 0.8610863757791631 0.15138023152270702 0.7257346393588603 0.15138023152270702
0 0.7702582368655387 0.20391807658058775 0.9198575244879788 0.20391807658058775 0.9198575244879788 0.3677649154051647 0.7702582368655387 0.3677649154051647
0 0.5494211932324132 0.4746215494211931 0.697239536954586 0.4746215494211931 0.697239536954586 0.6215494211932324 0.5494211932324132 0.6215494211932324
0 0.3045414069456812 0.4710596616206589 0.46660730186999116 0.4710596616206589 0.46660730186999116 0.6340160284951024 0.3045414069456812 0.6340160284951024
