0 0.1246660730186999 0.7978628673196795 0.3695458593054319 0.7978628673196795 0.3695458593054319 1.0 0.1246660730186999 1.0
0 0.3410507569011576 0.684772929652716 0.5422974176313446 0.684772929652716 0.5422974176313446 0.8869100623330364 0.3410507569011576 0.8869100623330364
0 0.0365093499554764 0.6420302760463046 0.23864648263579696 0.6420302760463046 0.23864648263579696 0.8210151380231523 0.0365093499554764 0.8210151380231523
0 0.4122885129118432 0.46660730186999105 0.6019590382902938 0.46660730186999105 0.6019590382902938 0.6411398040961711 0.4122885129118432 0.6411398040961711
0 0.20302760463045416 0.4755120213713269 0.3686553873552983 0.4755120213713269 0.3686553873552983 0.6447016918967053 0.20302760463045416 0.6447016918967053
0 0.23597506678539626 0.3205699020480855 0.3953695458593054 0.3205699020480855 0.3953695458593054 0.46838824577025834 0.23597506678539626 0.46838824577025834
0 0.195013357079252 0.14870881567230632 0.333926981300089 0.14870881567230632 0.333926981300089 0.2929652715939448 0.195013357079252 0.2929652715939448
0 0.5057880676758683 0.21015138023152272 0.6322350845948354 0.21015138023152272 0.6322350845948354 0.37132680320569894 0.5057880676758683 0.37132680320569894
0 0.48886910062333044 0.37399821905609976 0.6304541406945682 0.37399821905609976 0.6304541406945682 0.5031166518254676 0.48886910062333044 0.5031166518254676
0 0.6304541406945681 0.32947462154942125 0.7640249332146036 0.32947462154942125 0.7640249332146036 0.4532502226179876 0.6304541406945681 0.4532502226179876
0 0.6099732858414961 0.5155832591273375 0.7684772929652717 0.5155832591273375 0.7684772929652717 0.6651825467497775 0.6099732858414961 0.6651825467497775
0 0.8370436331255565 0.5066785396260017 0.9697239536954585 0.5066785396260017 0.9697239536954585 0.6473731077471059 0.8370436331255565 0.6473731077471059
0 0.5494211932324132 0.680320569902048 0.7390917186108638 0.680320569902048 0.7390917186108638 0.8566340160284951 0.5494211932324132 0.8566340160284951
0 0.705253784505788 0.7506678539626002 0.8601959038290296 0.7506678539626002 0.8601959038290296 0.9412288512911844 0.705253784505788 0.9412288512911844
0 0.4657168299198575 0.8005342831700802 0.6723063223508459 0.8005342831700802 0.6723063223508459 1.0 0.4657168299198575 1.0
0 0.7479964381121994 0.6268922528940338 0.9038290293855742 0.6268922528940338 0.9038290293855742 0.780053428317008 0.7479964381121994 0.780053428317008
0 0.8842386464826357 0.6963490650044526 0.9999999999999996 0.6963490650044526 0.9999999999999996 0.9029385574354412 0.8842386464826357 0.9029385574354412
0 0.7471059661620658 0.35262689225289406 0.8824577025823686 0.35262689225289406 0.8824577025823686 0.48619768477292963 0.7471059661620658 0.48619768477292963
0 0.8486197684772929 0.2983081032947462 0.9715048975957258 0.2983081032947462 0.9715048975957258 0.4292074799643812 0.8486197684772929 0.4292074799643812
0 0.8495102404274263 0.17898486197684776 0.9839715048975958 0.17898486197684776 0.9839715048975958 0.3027604630454141 0.8495102404274263 0.3027604630454141
0 0.7355298308103295 0.13178984861976847 0.8708815672306321 0.13178984861976847 0.8708815672306321 0.2662511130899377 0.7355298308103295 0.2662511130899377
0 0.6500445235975065 0.20747996438112198 0.7684772929652716 0.20747996438112198 0.7684772929652716 0.3419412288512912 0.6500445235975065 0.3419412288512912
0 0.6357969723953696 0.04719501335707925 0.7577916295636687 0.04719501335707925 0.7577916295636687 0.15227070347284058 0.6357969723953696 0.15227070347284058
0 0.6055209260908282 0.11932324131789848 0.7301869991095281 0.11932324131789848 0.7301869991095281 0.2413178984861977 0.6055209260908282 0.2413178984861977
0 0.39893143365983974 0.1522707034728406 0.5467497773820125 0.1522707034728406 0.5467497773820125 0.3072128227960819 0.39893143365983974 0.3072128227960819
