0 0.4220837043633125 0.5191451469278717 0.6019590382902938 0.5191451469278717 0.6019590382902938 0.6954585930543188 0.4220837043633125 0.6954585930543188
0 0.22439893143365983 0.4220837043633125 0.40160284951024044 0.4220837043633125 0.40160284951024044 0.5992876224398932 0.22439893143365983 0.5992876224398932
0 0.16651825467497777 0.7382012466607302 0.3615316117542298 0.7382012466607302 0.3615316117542298 0.9234194122885129 0.16651825467497777 0.9234194122885129
0 0.18165627782724844 0.5921638468388246 0.3811219946571683 0.5921638468388246 0.3811219946571683 0.7479964381121995 0.18165627782724844 0.7479964381121995
0 0.30008904719501334 0.8842386464826357 0.49421193232413185 0.8842386464826357 0.49421193232413185 0.9999999999999999 0.30008904719501334 0.9999999999999999
0 0.41406945681211044 0.8103294746215495 0.5832591273374889 0.8103294746215495 0.5832591273374889 0.9884238646482637 0.41406945681211044 0.9884238646482637
0 0.5601068566340154 0.8112199465716828 0.7186108637577909 0.8112199465716828 0.7186108637577909 0.9857524487978631 0.5601068566340154 0.9857524487978631
0 0.616206589492431 0.6562778272484416 0.7613535173642031 0.6562778272484416 0.7613535173642031 0.8210151380231523 0.616206589492431 0.8210151380231523
0 0.6242208370436332 0.5235975066785397 0.759572573463936 0.5235975066785397 0.759572573463936 0.6625111308993766 0.6242208370436332 0.6625111308993766
0 0.26447016918967053 0.22083704363312556 0.4532502226179875 0.22083704363312556 0.4532502226179875 0.4078361531611754 0.26447016918967053 0.4078361531611754
0 0.44523597506678536 0.24220837043633123 0.5716829919857525 0.24220837043633123 0.5716829919857525 0.40516473731077474 0.44523597506678536 0.40516473731077474
0 0.13802315227070347 0.16295636687444348 0.3170080142475512 0.16295636687444348 0.3170080142475512 0.3392698130008905 0.13802315227070347 0.3392698130008905
0 0.06233303650934995 0.45770258236865546 0.2626892252894034 0.45770258236865546 0.2626892252894034 0.6731967943009796 0.06233303650934995 0.6731967943009796
