0 0.1798753339269813 0.5048975957257347 0.3668744434550312 0.5048975957257347 0.3668744434550312 0.6821015138023153 0.1798753339269813 0.6821015138023153
0 0.5218165627782725 0.3998219056099732 0.6910062333036509 0.3998219056099732 0.6910062333036509 0.5788067675868208 0.5218165627782725 0.5788067675868208
0 0.7203918076580588 0.4835262689225289 0.8949243098842387 0.4835262689225289 0.8949243098842387 0.6892252894033838 0.7203918076580588 0.6892252894033838
0 0.4425645592163846 0.7114870881567231 0.6402493321460373 0.7114870881567231 0.6402493321460373 0.9091718610863758 0.4425645592163846 0.9091718610863758
0 0.28762243989314334 0.6571682991985752 0.4532502226179875 0.6571682991985752 0.4532502226179875 0.8219056099732857 0.28762243989314334 0.8219056099732857
0 0.3811219946571683 0.5129118432769367 0.5396260017809439 0.5129118432769367 0.5396260017809439 0.6829919857524488 0.3811219946571683 0.6829919857524488
0 0.5360641139804097 0.5707925200356189 0.7292965271593944 0.5707925200356189 0.7292965271593944 0.7640249332146036 0.5360641139804097 0.7640249332146036
0 0.751558325912734 0.25289403383793413 0.9109528049866431 0.25289403383793413 0.9109528049866431 0.44879786286731965 0.751558325912734 0.44879786286731965
0 0.3268032056990205 0.27871772039180764 0.46304541406945676 0.27871772039180764 0.46304541406945676 0.4238646482635796 0.3268032056990205 0.4238646482635796
0 0.07034728406055209 0.28227960819234194 0.2466607301869991 0.28227960819234194 0.2466607301869991 0.4594835262689225 0.07034728406055209 0.4594835262689225
0 0.4568121104185219 0.22796081923419412 0.6073018699910955 0.22796081923419412 0.6073018699910955 0.39536954585930545 0.4568121104185219 0.39536954585930545
0 0.433659839715049 0.38557435440783616 0.5565449688334818 0.38557435440783616 0.5565449688334818 0.5253784505788067 0.433659839715049 0.5253784505788067
0 0.2965271593944791 0.433659839715049 0.40694568121104185 0.433659839715049 0.40694568121104185 0.5396260017809439 0.2965271593944791 0.5396260017809439
0 0.5903829029385574 0.340160284951024 0.7390917186108638 0.340160284951024 0.7390917186108638 0.4933214603739982 0.5903829029385574 0.4933214603739982
