0 0.23775601068566346 0.34283170080142483 0.3463935886019592 0.34283170080142483 0.3463935886019592 0.46482635796972405 0.23775601068566346 0.46482635796972405
0 0.4986642920747996 0.7132680320569902 0.641139804096171 0.7132680320569902 0.641139804096171 0.8459483526268923 0.4986642920747996 0.8459483526268923
0 0.42030276046304543 0.8147818343722173 0.6055209260908282 0.8147818343722173 0.6055209260908282 1.0 0.42030276046304543 1.0
0 0.730186999109528 0.2831700801424755 0.8121104185218164 0.2831700801424755 0.8121104185218164 0.3766696349065004 0.730186999109528 0.3766696349065004
0 0.7577916295636687 0.22885129118432773 0.8708815672306321 0.22885129118432773 0.8708815672306321 0.3383793410507569 0.7577916295636687 0.3383793410507569
0 0.5004452359750667 0.1460373998219056 0.603739982190561 0.1460373998219056 0.603739982190561 0.23330365093499553 0.5004452359750667 0.23330365093499553
0 0.4256455921638469 0.365093499554764 0.5253784505788068 0.365093499554764 0.5253784505788068 0.45414069456812106 0.4256455921638469 0.45414069456812106
0 0.3944790739091718 0.5681211041852182 0.5547640249332145 0.5681211041852182 0.5547640249332145 0.703472840605521 0.3944790739091718 0.703472840605521
0 0.003561887800534283 0.4657168299198575 0.1264470169189671 0.4657168299198575 0.1264470169189671 0.583259127337489 0.003561887800534283 0.583259127337489
0 0.1549421193232413 0.188780053428317 0.22974176313446126 0.188780053428317 0.22974176313446126 0.25645592163846836 0.1549421193232413 0.25645592163846836
0 0.867319679430098 0.815672306322351 1.0 0.815672306322351 1.0 0.9599287622439893 0.867319679430098 0.9599287622439893
