5 0.6642920747996438 0.38913624220837045 0.9243098842386465 0.38913624220837045 0.9243098842386465 0.572573463935886 0.6642920747996438 0.572573463935886
5 0.40338379341050756 0.4603739982190561 0.5868210151380233 0.4603739982190561 0.5868210151380233 0.7453250222617988 0.40338379341050756 0.7453250222617988
5 0.5583259127337489 0.5939447907390917 0.7640249332146036 0.5939447907390917 0.7640249332146036 0.7622439893143366 0.5583259127337489 0.7622439893143366
5 0.7907390917186109 0.6064113980409617 0.9634906500445236 0.6064113980409617 0.9634906500445236 0.8005342831700801 0.7907390917186109 0.8005342831700801
5 0.17542297417631347 0.7150489759572574 0.3722172751558326 0.7150489759572574 0.3722172751558326 0.9073909171861088 0.17542297417631347 0.9073909171861088
5 0.20480854853072128 0.5075690115761353 0.43455031166518254 0.5075690115761353 0.43455031166518254 0.6990204808548531 0.20480854853072128 0.6990204808548531
5 0.31522707034728403 0.34194122885129113 0.4861976847729296 0.34194122885129113 0.4861976847729296 0.508459483526269 0.31522707034728403 0.508459483526269
5 0.46304541406945676 0.2252894033837935 0.6135351736420305 0.2252894033837935 0.6135351736420305 0.3980409617097062 0.46304541406945676 0.3980409617097062
5 0.6117542297417632 0.2840605520926091 0.7773820124666073 0.2840605520926091 0.7773820124666073 0.4612644701691897 0.6117542297417632 0.4612644701691897
5 0.14336598397150493 0.2653606411398041 0.3365983971504897 0.2653606411398041 0.3365983971504897 0.43098842386464825 0.14336598397150493 0.43098842386464825
5 0.5084594835262689 0.7613535173642031 0.7444345503116652 0.7613535173642031 0.7444345503116652 0.9234194122885129 0.5084594835262689 0.9234194122885129
