2 0.0213713268032057 0.2056990204808549 0.46482635796972405 0.2056990204808549 0.46482635796972405 0.6260017809439002 0.0213713268032057 0.6260017809439002
2 0.0 0.5921638468388252 0.3063223508459483 0.5921638468388252 0.3063223508459483 0.9946571682991987 0.0 0.9946571682991987
2 0.12274225333063943 0.4729143746999038 0.47902116155439767 0.6553986935462073 0.38890144374776253 0.8313467140258396 0.03262253552400428 0.648862395179536
2 0.46393588601959007 0.0 0.7684772929652716 0.0 0.7684772929652716 0.29919857524487986 0.46393588601959007 0.29919857524487986
2 0.7043633125556545 0.11398040961709706 0.9715048975957258 0.11398040961709706 0.9715048975957258 0.2983081032947463 0.7043633125556545 0.2983081032947463
2 0.36420302760463047 0.1611754229741763 0.6705253784505789 0.1611754229741763 0.6705253784505789 0.5592163846838825 0.36420302760463047 0.5592163846838825
2 0.1522707034728406 1.3322676295501878e-17 0.37845057880676763 1.3322676295501878e-17 0.37845057880676763 0.251113089937667 0.1522707034728406 0.251113089937667
2 0.6286731967943009 0.269813000890472 0.7791629563668745 0.269813000890472 0.7791629563668745 0.4514692787177204 0.6286731967943009 0.4514692787177204
2 0.8023152270703471 0.2947462154942119 0.9723953695458591 0.2947462154942119 0.9723953695458591 0.4977738201246662 0.8023152270703471 0.4977738201246662
2 0.6126447016918967 0.39893143365983974 0.7702582368655387 0.39893143365983974 0.7702582368655387 0.5458593054318789 0.6126447016918967 0.5458593054318789
2 0.6117542297417632 0.5013357079252003 0.7747105966162067 0.5013357079252003 0.7747105966162067 0.6224398931433659 0.6117542297417632 0.6224398931433659
2 0.585040071237756 0.5948352626892253 0.8014247551202137 0.5948352626892253 0.8014247551202137 0.7159394479073908 0.585040071237756 0.7159394479073908
