2 0.6910062333036509 0.3312555654496883 0.9323241317898486 0.3312555654496883 0.9323241317898486 0.5948352626892254 0.6910062333036509 0.5948352626892254
2 0.4951024042742654 0.12110418521816561 0.6874443455031167 0.12110418521816561 0.6874443455031167 0.37310774710596617 0.4951024042742654 0.37310774710596617
2 0.19412288512911846 0.3268032056990205 0.4612644701691897 0.3268032056990205 0.4612644701691897 0.6491540516473733 0.19412288512911846 0.6491540516473733
2 0.4870881567230632 0.6464826357969723 0.7506678539626 0.6464826357969723 0.7506678539626 0.9323241317898486 0.4870881567230632 0.9323241317898486
2 -2.220446049250313e-18 0.48797862867319686 0.18878005342831702 0.48797862867319686 0.18878005342831702 0.8619768477292965 -2.220446049250313e-18 0.8619768477292965
2 0.33125556544968837 0.678539626001781 0.4648263579697239 0.678539626001781 0.4648263579697239 0.9430097951914517 0.33125556544968837 0.9430097951914517
2 5.273559366969494e-18 0.2965271593944791 0.11843276936776491 0.2965271593944791 0.11843276936776491 0.4746215494211933 5.273559366969494e-18 0.4746215494211933
2 0.773820124666073 0.6233303650934995 0.9786286731967944 0.6233303650934995 0.9786286731967944 0.8726625111308993 0.773820124666073 0.8726625111308993
2 0.769367764915405 0.8797862867319679 0.9732858414959927 0.8797862867319679 0.9732858414959927 0.9999999999999999 0.769367764915405 0.9999999999999999
2 0.3027604630454141 0.28138913624220835 0.5271593944790738 0.28138913624220835 0.5271593944790738 0.4808548530721283 0.3027604630454141 0.4808548530721283
