12 0.390026714158504 0.4007123775601069 0.5483081032947462 0.4007123775601069 0.5483081032947462 0.5894924309884237 0.390026714158504 0.5894924309884237
12 0.29185218165627785 0.08993766696349065 0.4621549421193233 0.08993766696349065 0.4621549421193233 0.2920747996438112 0.29185218165627785 0.2920747996438112
12 0.45480854853072133 0.07034728406055209 0.615093499554764 0.07034728406055209 0.615093499554764 0.29029385574354405 0.45480854853072133 0.29029385574354405
12 0.5115761353517364 0.26981300089047194 0.6892252894033838 0.26981300089047194 0.6892252894033838 0.4737310774710597 0.5115761353517364 0.4737310774710597
12 0.3933659839715049 0.2457702582368656 0.5262689225289404 0.2457702582368656 0.5262689225289404 0.4060552092609083 0.3933659839715049 0.4060552092609083
12 0.2230632235084595 0.2858414959928763 0.3833481745325022 0.2858414959928763 0.3833481745325022 0.508459483526269 0.2230632235084595 0.508459483526269
12 0.07146037399821906 0.24577025823686555 0.23040961709706143 0.24577025823686555 0.23040961709706143 0.44434550311665183 0.07146037399821906 0.44434550311665183
12 0.016696349065004452 0.14781834372217276 0.15828138913624223 0.14781834372217276 0.15828138913624223 0.33036509349955484 0.016696349065004452 0.33036509349955484
12 0.1843276936776487 0.0 0.3472840605520921 0.0 0.3472840605520921 0.13446126447016912 0.1843276936776487 0.13446126447016912
12 0.11553873552983082 0.039180765805877114 0.255120213713268 0.039180765805877114 0.255120213713268 0.1941228851291184 0.11553873552983082 0.1941228851291184
12 0.6217720391807657 0.19234194122885134 0.7359750667853964 0.19234194122885134 0.7359750667853964 0.3232413178984862 0.6217720391807657 0.3232413178984862
12 0.6057435440783616 0.0917186108637578 0.6985752448797863 0.0917186108637578 0.6985752448797863 0.20926090828138916 0.6057435440783616 0.20926090828138916
12 0.7646927871772039 -4.440892098500626e-18 0.9182991985752449 -4.440892098500626e-18 0.9182991985752449 0.14425645592163847 0.7646927871772039 0.14425645592163847
12 0.6965716829919857 0.08904719501335707 0.8281389136242209 0.08904719501335707 0.8281389136242209 0.2154942119323241 0.6965716829919857 0.2154942119323241
12 0.5296081923419413 0.0 0.6471504897595728 0.0 0.6471504897595728 0.10062333036509348 0.5296081923419413 0.10062333036509348
