9 0.3134461264470169 0.5235975066785397 0.43455031166518254 0.5235975066785397 0.43455031166518254 0.649154051647373 0.3134461264470169 0.649154051647373
9 0.42475512021371314 0.4835262689225289 0.5307212822796082 0.4835262689225289 0.5307212822796082 0.5983971504897596 0.42475512021371314 0.5983971504897596
9 0.49243098842386457 0.3659839715048976 0.6081923419412288 0.3659839715048976 0.6081923419412288 0.4683882457702582 0.49243098842386457 0.4683882457702582
9 0.1878895814781835 0.4434550311665182 0.32324131789848615 0.4434550311665182 0.32324131789848615 0.5618878005342831 0.1878895814781835 0.5618878005342831
9 0.18432769367764915 0.6215494211932324 0.3107747105966162 0.6215494211932324 0.3107747105966162 0.7729296527159394 0.18432769367764915 0.7729296527159394
9 0.5939447907390917 0.5645592163846839 0.7346393588601959 0.5645592163846839 0.7346393588601959 0.6999109528049866 0.5939447907390917 0.6999109528049866
9 0.6233303650934996 0.4265360641139804 0.7382012466607302 0.4265360641139804 0.7382012466607302 0.5467497773820125 0.6233303650934996 0.5467497773820125
9 0.5182546749777382 0.46304541406945676 0.6170970614425646 0.46304541406945676 0.6170970614425646 0.5654496883348176 0.5182546749777382 0.5654496883348176
9 0.43633125556544966 0.591273374888691 0.5699020480854853 0.591273374888691 0.5699020480854853 0.7301869991095281 0.43633125556544966 0.7301869991095281
9 0.3143365983971505 0.6856634016028493 0.4434550311665183 0.6856634016028493 0.4434550311665183 0.7987533392698131 0.3143365983971505 0.7987533392698131
9 0.40872662511130897 0.730186999109528 0.5627782724844167 0.730186999109528 0.5627782724844167 0.889581478183437 0.40872662511130897 0.889581478183437
9 0.7310774710596616 0.7310774710596616 0.8815672306322351 0.7310774710596616 0.8815672306322351 0.8824577025823687 0.7310774710596616 0.8824577025823687
9 0.19946571682991987 0.7666963490650044 0.3437221727515583 0.7666963490650044 0.3437221727515583 0.9198575244879785 0.19946571682991987 0.9198575244879785
9 0.5369545859305432 0.8210151380231523 0.6544968833481745 0.8210151380231523 0.6544968833481745 0.9447907390917186 0.5369545859305432 0.9447907390917186
9 0.32502226179875326 0.8352626892252893 0.46393588601959035 0.8352626892252893 0.46393588601959035 0.9572573463935886 0.32502226179875326 0.9572573463935886
9 0.6473731077471059 0.8886910062333037 0.7818343722172753 0.8886910062333037 0.7818343722172753 1.0 0.6473731077471059 1.0
