14 0.4719501335707925 0.43187889581478184 0.6963490650044524 0.43187889581478184 0.6963490650044524 0.6375779162956366 0.4719501335707925 0.6375779162956366
14 0.5814781834372217 0.2804986642920748 0.755120213713268 0.2804986642920748 0.755120213713268 0.45592163846838824 0.5814781834372217 0.45592163846838824
14 0.26001780943900266 0.41406945681211044 0.4764024933214603 0.41406945681211044 0.4764024933214603 0.6268922528940338 0.26001780943900266 0.6268922528940338
14 0.37399821905609976 0.25378450578806766 0.5627782724844167 0.25378450578806766 0.5627782724844167 0.44612644701691895 0.37399821905609976 0.44612644701691895
14 0.030276046304541403 0.3766696349065004 0.26268922528940336 0.3766696349065004 0.26268922528940336 0.5957257346393589 0.030276046304541403 0.5957257346393589
14 0.17898486197684776 0.2591273374888691 0.3757791629563669 0.2591273374888691 0.3757791629563669 0.44256455921638466 0.17898486197684776 0.44256455921638466
14 0.4755120213713269 0.12822796081923418 0.6571682991985752 0.12822796081923418 0.6571682991985752 0.3072128227960819 0.4755120213713269 0.3072128227960819
14 0.6349065004452361 0.1549421193232413 0.7880676758682102 0.1549421193232413 0.7880676758682102 0.3205699020480854 0.6349065004452361 0.3205699020480854
14 0.7123775601068566 0.051647373107747106 0.8593054318788959 0.051647373107747106 0.8593054318788959 0.1941228851291184 0.7123775601068566 0.1941228851291184
14 0.2867319679430098 0.11843276936776491 0.4746215494211933 0.11843276936776491 0.4746215494211933 0.2894033837934105 0.2867319679430098 0.2894033837934105
14 0.3864648263579697 5.273559366969494e-18 0.5431878895814782 5.273559366969494e-18 0.5431878895814782 0.16829919857524486 0.3864648263579697 0.16829919857524486
14 0.0917186108637578 0.08370436331255565 0.2840605520926091 0.08370436331255565 0.2840605520926091 0.27693677649154047 0.0917186108637578 0.27693677649154047
14 0.0008904719501335708 0.23953695458593058 0.18432769367764915 0.23953695458593058 0.18432769367764915 0.42653606411398043 0.0008904719501335708 0.42653606411398043
14 0.7987533392698132 0.6153161175422974 1.0000000000000002 0.6153161175422974 1.0000000000000002 0.8130008904719503 0.7987533392698132 0.8130008904719503
14 0.5645592163846841 0.6081923419412283 0.8103294746215494 0.6081923419412283 0.8103294746215494 0.807658058771148 0.5645592163846841 0.807658058771148
14 0.3517364203027605 0.6081923419412288 0.577025823686554 0.6081923419412288 0.577025823686554 0.7907390917186109 0.3517364203027605 0.7907390917186109
14 0.10596616206589493 0.6001780943900267 0.3579697239536955 0.6001780943900267 0.3579697239536955 0.786286731967943 0.10596616206589493 0.786286731967943
