11 0.3766696349065004 0.4122885129118432 0.5912733748886909 0.4122885129118432 0.5912733748886909 0.5903829029385574 0.3766696349065004 0.5903829029385574
11 0.33303650934995555 0.30008904719501334 0.4951024042742654 0.30008904719501334 0.4951024042742654 0.46660730186999116 0.33303650934995555 0.46660730186999116
11 0.1834372217275156 0.3081032947462155 0.3597506678539626 0.3081032947462155 0.3597506678539626 0.4906500445235975 0.1834372217275156 0.4906500445235975
11 0.5449688334817453 0.2929652715939448 0.7195013357079252 0.2929652715939448 0.7195013357079252 0.5146927871772039 0.5449688334817453 0.5146927871772039
11 0.7595725734639359 0.4434550311665182 0.9519145146927872 0.4434550311665182 0.9519145146927872 0.6393588601959038 0.7595725734639359 0.6393588601959038
11 0.8085485307212824 0.3143365983971505 0.9670525378450578 0.3143365983971505 0.9670525378450578 0.47284060552092616 0.8085485307212824 0.47284060552092616
11 0.6749777382012466 0.2831700801424755 0.7916295636687445 0.2831700801424755 0.7916295636687445 0.464826357969724 0.6749777382012466 0.464826357969724
11 0.4683882457702582 0.5761353517364203 0.6740872662511131 0.5761353517364203 0.6740872662511131 0.7070347284060551 0.4683882457702582 0.7070347284060551
11 0.27070347284060553 0.5770258236865539 0.477292965271594 0.5770258236865539 0.477292965271594 0.7417631344612644 0.27070347284060553 0.7417631344612644
11 0.0 0.2804986642920748 0.15939447907390916 0.2804986642920748 0.15939447907390916 0.47640249332146034 0.0 0.47640249332146034
11 0.048085485307212815 0.6206589492430987 0.25467497773820125 0.6206589492430987 0.25467497773820125 0.77560106856634 0.048085485307212815 0.77560106856634
11 0.025823686553873553 0.5102404274265361 0.2128227960819234 0.5102404274265361 0.2128227960819234 0.653606411398041 0.025823686553873553 0.653606411398041
11 0.9020480854853072 0.2146037399821906 1.0 0.2146037399821906 1.0 0.3143365983971505 0.9020480854853072 0.3143365983971505
