0 0.43989314336598395 0.6135351736420303 0.6081923419412288 0.6135351736420303 0.6081923419412288 0.7943009795191452 0.43989314336598395 0.7943009795191452
0 0.321460373998219 0.6589492430988425 0.4710596616206589 0.6589492430988425 0.4710596616206589 0.8112199465716831 0.321460373998219 0.8112199465716831
0 0.37488869100623323 0.4122885129118432 0.5200356188780053 0.4122885129118432 0.5200356188780053 0.5378450578806767 0.37488869100623323 0.5378450578806767
0 0.6438112199465716 0.44968833481745324 0.83793410507569 0.44968833481745324 0.83793410507569 0.6099732858414959 0.6438112199465716 0.6099732858414959
0 0.6055209260908282 0.3446126447016919 0.7355298308103295 0.3446126447016919 0.7355298308103295 0.4888691006233304 0.6055209260908282 0.4888691006233304
0 0.22796081923419412 0.3419412288512912 0.3597506678539626 0.3419412288512912 0.3597506678539626 0.47373107747105964 0.22796081923419412 0.47373107747105964
0 0.780053428317008 0.28851291184327693 0.9447907390917186 0.28851291184327693 0.9447907390917186 0.4327693677649154 0.780053428317008 0.4327693677649154
0 0.4550311665182547 0.12555654496883348 0.6028495102404274 0.12555654496883348 0.6028495102404274 0.26803205699020477 0.4550311665182547 0.26803205699020477
0 0.3081032947462155 0.04986642920747997 0.4416740872662511 0.04986642920747997 0.4416740872662511 0.16473731077471063 0.3081032947462155 0.16473731077471063
0 0.04986642920747997 0.6544968833481746 0.20035618878005346 0.6544968833481746 0.20035618878005346 0.8049866429207481 0.04986642920747997 0.8049866429207481
0 0.182546749777382 0.7444345503116652 0.327693677649154 0.7444345503116652 0.327693677649154 0.9323241317898486 0.182546749777382 0.9323241317898486
0 0.1861086375779163 0.5120213713268033 0.3232413178984862 0.5120213713268033 0.3232413178984862 0.628673196794301 0.1861086375779163 0.628673196794301
0 0.6206589492430988 0.6117542297417632 0.7925200356188778 0.6117542297417632 0.7925200356188778 0.7622439893143366 0.6206589492430988 0.7622439893143366
