12 0.24577025823686555 0.35796972395369553 0.383793410507569 0.35796972395369553 0.383793410507569 0.4888691006233304 0.24577025823686555 0.4888691006233304
12 0.43633125556544966 0.35440783615316124 0.5699020480854854 0.35440783615316124 0.5699020480854854 0.48708815672306327 0.43633125556544966 0.48708815672306327
12 0.5565449688334817 0.34639358860195896 0.6901157613535174 0.34639358860195896 0.6901157613535174 0.48530721282279604 0.5565449688334817 0.48530721282279604
12 0.5930543187889582 0.49243098842386457 0.7435440783615317 0.49243098842386457 0.7435440783615317 0.6393588601959037 0.5930543187889582 0.6393588601959037
12 0.6936776491540516 0.3882457702582368 0.8325912733748887 0.3882457702582368 0.8325912733748887 0.5316117542297417 0.6936776491540516 0.5316117542297417
12 0.8254674977738202 0.43633125556544966 0.9581478183437223 0.43633125556544966 0.9581478183437223 0.5672306322350845 0.8254674977738202 0.5672306322350845
12 0.7337488869100625 0.5280498664292075 0.878005342831701 0.5280498664292075 0.878005342831701 0.6616206589492432 0.7337488869100625 0.6616206589492432
12 0.4772929652715939 0.5796972395369546 0.6357969723953695 0.5796972395369546 0.6357969723953695 0.7435440783615317 0.4772929652715939 0.7435440783615317
12 0.35796972395369553 0.5289403383793411 0.4933214603739983 0.5289403383793411 0.4933214603739983 0.6767586821015138 0.35796972395369553 0.6767586821015138
12 0.19234194122885143 0.6215494211932326 0.36865538735529857 0.6215494211932326 0.36865538735529857 0.7951914514692788 0.19234194122885143 0.7951914514692788
12 0.3704363312555655 0.6731967943009795 0.5111308993766697 0.6731967943009795 0.5111308993766697 0.8299198575244879 0.3704363312555655 0.8299198575244879
12 0.622439893143366 0.6420302760463046 0.7889581478183438 0.6420302760463046 0.7889581478183438 0.806767586821015 0.622439893143366 0.806767586821015
12 0.519145146927872 0.7444345503116652 0.6910062333036513 0.7444345503116652 0.6910062333036513 0.9349955476402493 0.519145146927872 0.9349955476402493
12 0.22083704363312556 0.8130008904719501 0.40694568121104185 0.8130008904719501 0.40694568121104185 0.9902048085485308 0.22083704363312556 0.9902048085485308
12 0.7818343722172755 0.6963490650044526 0.9581478183437222 0.6963490650044526 0.9581478183437222 0.8771148708815674 0.7818343722172755 0.8771148708815674
12 0.5325022261798753 0.21816562778272483 0.6482635796972396 0.21816562778272483 0.6482635796972396 0.35707925200356183 0.5325022261798753 0.35707925200356183
12 0.6482635796972396 0.27070347284060553 0.773820124666073 0.27070347284060553 0.773820124666073 0.4016028495102404 0.6482635796972396 0.4016028495102404
12 0.603739982190561 0.1504897595725735 0.7230632235084595 0.1504897595725735 0.7230632235084595 0.27159394479073906 0.603739982190561 0.27159394479073906
12 0.7079252003561887 0.08726625111308994 0.8219056099732858 0.08726625111308994 0.8219056099732858 0.20480854853072128 0.7079252003561887 0.20480854853072128
12 0.5770258236865539 0.05520926090828139 0.6901157613535174 0.05520926090828139 0.6901157613535174 0.16028495102404272 0.5770258236865539 0.16028495102404272
12 0.49777382012466614 0.11665182546749776 0.6135351736420304 0.11665182546749776 0.6135351736420304 0.23241317898486194 0.49777382012466614 0.23241317898486194
12 0.40516473731077474 0.19145146927871776 0.5253784505788068 0.19145146927871776 0.5253784505788068 0.2974176313446127 0.40516473731077474 0.2974176313446127
12 0.3161175422974176 0.27070347284060553 0.43900267141585037 0.27070347284060553 0.43900267141585037 0.38557435440783616 0.3161175422974176 0.38557435440783616
12 0.1585040071237756 0.1834372217275156 0.29741763134461263 0.1834372217275156 0.29741763134461263 0.3098842386464826 0.1585040071237756 0.3098842386464826
12 0.2769367764915405 0.12644701691896706 0.4060552092609082 0.12644701691896706 0.4060552092609082 0.26090828138913624 0.2769367764915405 0.26090828138913624
12 0.3766696349065004 0.05966162065894924 0.4986642920747996 0.05966162065894924 0.4986642920747996 0.18699910952804988 0.3766696349065004 0.18699910952804988
12 0.25823686553873554 0.0 0.39626001780943904 0.0 0.39626001780943904 0.12644701691896704 0.25823686553873554 0.12644701691896704
12 0.1549421193232413 0.07747105966162066 0.2804986642920749 0.07747105966162066 0.2804986642920749 0.1941228851291184 0.1549421193232413 0.1941228851291184
