7 0.7586821015138024 0.39091718610863757 1.0 0.39091718610863757 1.0 0.5939447907390917 0.7586821015138024 0.5939447907390917
7 0.6402493321460373 0.35084594835262695 0.8049866429207477 0.35084594835262695 0.8049866429207477 0.5316117542297419 0.6402493321460373 0.5316117542297419
7 0.6179875333926982 0.25289403383793413 0.7818343722172753 0.25289403383793413 0.7818343722172753 0.3784505788067675 0.6179875333926982 0.3784505788067675
7 0.8130008904719501 0.17453250222617986 1.0 0.17453250222617986 1.0 0.27871772039180764 0.8130008904719501 0.27871772039180764
7 0.38201246660730187 0.5235975066785397 0.5948352626892254 0.5235975066785397 0.5948352626892254 0.7105966162065895 0.38201246660730187 0.7105966162065895
7 0.08103294746215495 0.5690115761353517 0.3535173642030276 0.5690115761353517 0.3535173642030276 0.8664292074799643 0.08103294746215495 0.8664292074799643
7 0.4933214603739982 0.6384683882457702 0.7292965271593945 0.6384683882457702 0.7292965271593945 0.8913624220837043 0.4933214603739982 0.8913624220837043
7 0.3081032947462155 0.691006233303651 0.5111308993766697 0.691006233303651 0.5111308993766697 0.9109528049866429 0.3081032947462155 0.9109528049866429
7 0.7898486197684772 0.6064113980409617 1.0 0.6064113980409617 1.0 0.806767586821015 0.7898486197684772 0.806767586821015
7 0.4550311665182547 0.3935886019590383 0.6331255565449688 0.3935886019590383 0.6331255565449688 0.5618878005342832 0.4550311665182547 0.5618878005342832
7 0.1807658058771149 0.41852181656277826 0.3909171861086376 0.41852181656277826 0.3909171861086376 0.6162065894924309 0.1807658058771149 0.6162065894924309
7 0.0 0.5146927871772039 0.21727515583259127 0.5146927871772039 0.21727515583259127 0.7337488869100622 0.0 0.7337488869100622
7 0.24398931433659843 0.25734639358860195 0.4220837043633126 0.25734639358860195 0.4220837043633126 0.43455031166518254 0.24398931433659843 0.43455031166518254
7 0.5396260017809439 0.04541406945681211 0.7097061442564557 0.04541406945681211 0.7097061442564557 0.17453250222617991 0.5396260017809439 0.17453250222617991
7 0.4158504007123776 0.26001780943900266 0.5779162956366874 0.26001780943900266 0.5779162956366874 0.4381121994657167 0.4158504007123776 0.4381121994657167
7 0.6927871772039179 0.10774710596616206 0.8183437221727516 0.10774710596616206 0.8183437221727516 0.24666073018699916 0.6927871772039179 0.24666073018699916
7 0.42297417631344614 0.14514692787177205 0.5627782724844167 0.14514692787177205 0.5627782724844167 0.2778272484416741 0.42297417631344614 0.2778272484416741
7 0.11754229741763136 0.12199465716829921 0.3205699020480855 0.12199465716829921 0.3205699020480855 0.30454140694568116 0.11754229741763136 0.30454140694568116
7 0.13268032056990206 0.2929652715939448 0.2876224398931434 0.2929652715939448 0.2876224398931434 0.4541406945681211 0.13268032056990206 0.4541406945681211
7 0.02938557435440784 0.365093499554764 0.2146037399821906 0.365093499554764 0.2146037399821906 0.5556544968833482 0.02938557435440784 0.5556544968833482
7 0.8539626001780938 0.7889581478183432 0.9999999999999993 0.7889581478183432 0.9999999999999993 1.0 0.8539626001780938 1.0
7 0.5013357079252003 0.8450578806767588 0.8361531611754229 0.8450578806767588 0.8361531611754229 1.0000000000000002 0.5013357079252003 1.0000000000000002
