0 0.3187889581478183 0.603739982190561 0.4470169189670526 0.603739982190561 0.4470169189670526 0.7212822796081922 0.3187889581478183 0.7212822796081922
0 0.46749777382012464 0.7319679430097952 0.6001780943900267 0.7319679430097952 0.6001780943900267 0.8601959038290294 0.46749777382012464 0.8601959038290294
0 0.6340160284951024 0.7079252003561888 0.7542297417631344 0.7079252003561888 0.7542297417631344 0.8361531611754229 0.6340160284951024 0.8361531611754229
0 0.5930543187889582 0.8637577916295637 0.7203918076580589 0.8637577916295637 0.7203918076580589 0.9910952804986644 0.5930543187889582 0.9910952804986644
0 0.8628673196794301 0.7613535173642031 0.9973285841495992 0.7613535173642031 0.9973285841495992 0.9020480854853075 0.8628673196794301 0.9020480854853075
0 0.8334817453250223 0.3980409617097062 0.9447907390917186 0.3980409617097062 0.9447907390917186 0.4835262689225289 0.8334817453250223 0.4835262689225289
0 0.07747105966162066 0.7613535173642031 0.21371326803205698 0.7613535173642031 0.21371326803205698 0.873552983081033 0.07747105966162066 0.873552983081033
0 0.06856634016028496 0.6447016918967052 0.18521816562778276 0.6447016918967052 0.18521816562778276 0.7666963490650044 0.06856634016028496 0.7666963490650044
0 0.09082813891362422 0.8771148708815673 0.23508459483526273 0.8771148708815673 0.23508459483526273 0.9999999999999999 0.09082813891362422 0.9999999999999999
0 0.29741763134461263 0.8361531611754229 0.39180765805877116 0.8361531611754229 0.39180765805877116 0.9430097951914516 0.29741763134461263 0.9430097951914516
0 0.21549421193232413 0.6936776491540516 0.3196794300979519 0.6936776491540516 0.3196794300979519 0.8112199465716831 0.21549421193232413 0.8112199465716831
0 0.20124666073018696 0.603739982190561 0.3187889581478184 0.603739982190561 0.3187889581478184 0.715939447907391 0.20124666073018696 0.715939447907391
0 0.4238646482635797 0.8477292965271594 0.5351736420302761 0.8477292965271594 0.5351736420302761 0.9581478183437222 0.4238646482635797 0.9581478183437222
0 0.7105966162065895 0.7907390917186109 0.8423864648263579 0.7907390917186109 0.8423864648263579 0.9394479073909171 0.7105966162065895 0.9394479073909171
0 0.7586821015138024 0.6927871772039179 0.8682101513802317 0.6927871772039179 0.8682101513802317 0.819234194122885 0.7586821015138024 0.819234194122885
0 0.21905609973285842 0.4470169189670526 0.3232413178984862 0.4470169189670526 0.3232413178984862 0.5405164737310775 0.21905609973285842 0.5405164737310775
0 0.5681211041852182 0.3597506678539626 0.6616206589492432 0.3597506678539626 0.6616206589492432 0.4354407836153161 0.5681211041852182 0.4354407836153161
0 0.4238646482635797 0.3303650934995548 0.5209260908281388 0.3303650934995548 0.5209260908281388 0.4176313446126447 0.4238646482635797 0.4176313446126447
0 0.15672306322350846 0.34639358860195896 0.24487978628673196 0.34639358860195896 0.24487978628673196 0.4487978628673196 0.15672306322350846 0.4487978628673196
0 0.01068566340160285 0.7061442564559216 0.11843276936776492 0.7061442564559216 0.11843276936776492 0.8361531611754229 0.01068566340160285 0.8361531611754229
