0 0.6268922528940339 0.7390917186108638 0.7640249332146037 0.7390917186108638 0.7640249332146037 0.873552983081033 0.6268922528940339 0.873552983081033
0 0.030276046304541403 0.5886019590382904 0.1531611754229742 0.5886019590382904 0.1531611754229742 0.7622439893143367 0.030276046304541403 0.7622439893143367
0 0.30543187889581486 0.4220837043633125 0.41941228851291185 0.4220837043633125 0.41941228851291185 0.5547640249332147 0.30543187889581486 0.5547640249332147
0 0.6153161175422974 0.5031166518254675 0.7417631344612645 0.5031166518254675 0.7417631344612645 0.6464826357969724 0.6153161175422974 0.6464826357969724
0 0.3998219056099732 0.6055209260908282 0.5342831700801424 0.6055209260908282 0.5342831700801424 0.7346393588601959 0.3998219056099732 0.7346393588601959
0 0.12555654496883348 0.2306322350845948 0.23152270703472838 0.2306322350845948 0.23152270703472838 0.3392698130008904 0.12555654496883348 0.3392698130008904
0 0.46660730186999105 0.8557435440783615 0.6242208370436331 0.8557435440783615 0.6242208370436331 1.0 0.46660730186999105 1.0
0 0.08726625111308994 0.8414959928762243 0.2564559216384684 0.8414959928762243 0.2564559216384684 0.9999999999999999 0.08726625111308994 0.9999999999999999
0 0.16028495102404258 0.7248441674087267 0.3196794300979519 0.7248441674087267 0.3196794300979519 0.8842386464826356 0.16028495102404258 0.8842386464826356
0 0.16473731077471063 0.5004452359750667 0.2796081923419413 0.5004452359750667 0.2796081923419413 0.6081923419412288 0.16473731077471063 0.6081923419412288
0 0.057880676758682095 0.4327693677649154 0.16651825467497774 0.4327693677649154 0.16651825467497774 0.5360641139804097 0.057880676758682095 0.5360641139804097
0 0.5316117542297417 0.6055209260908282 0.6660730186999109 0.6055209260908282 0.6660730186999109 0.7479964381121994 0.5316117542297417 0.7479964381121994
0 0.5084594835262688 0.31344612644701697 0.6090828138913623 0.31344612644701697 0.6090828138913623 0.4105075690115762 0.5084594835262688 0.4105075690115762
