1 0.4594835262689225 0.3223508459483526 0.5440783615316117 0.3223508459483526 0.5440783615316117 0.3980409617097061 0.4594835262689225 0.3980409617097061
1 0.3392698130008902 0.5280498664292068 0.42475512021371326 0.5280498664292068 0.42475512021371326 0.6233303650934994 0.3392698130008902 0.6233303650934994
1 0.40249332146037403 0.609973285841496 0.48797862867319675 0.609973285841496 0.48797862867319675 0.7123775601068567 0.40249332146037403 0.7123775601068567
1 0.5627782724844167 0.4906500445235975 0.6393588601959038 0.4906500445235975 0.6393588601959038 0.5636687444345503 0.5627782724844167 0.5636687444345503
1 0.5164737310774711 0.5529830810329475 0.5966162065894924 0.5529830810329475 0.5966162065894924 0.649154051647373 0.5164737310774711 0.649154051647373
1 0.48619768477292935 0.6162065894924308 0.5565449688334815 0.6162065894924308 0.5565449688334815 0.6981300089047192 0.48619768477292935 0.6981300089047192
1 0.5503116651825467 0.6375779162956362 0.642920747996438 0.6375779162956362 0.642920747996438 0.716829919857524 0.5503116651825467 0.716829919857524
1 0.21282279608192345 0.5307212822796082 0.3152270703472841 0.5307212822796082 0.3152270703472841 0.6126447016918967 0.21282279608192345 0.6126447016918967
1 0.26447016918967053 0.4078361531611755 0.3508459483526269 0.4078361531611755 0.3508459483526269 0.4710596616206589 0.26447016918967053 0.4710596616206589
1 0.35796972395369553 0.36776491540516476 0.4470169189670526 0.36776491540516476 0.4470169189670526 0.44523597506678547 0.35796972395369553 0.44523597506678547
1 0.23953695458593058 0.4683882457702582 0.32235084594835267 0.4683882457702582 0.32235084594835267 0.5405164737310774 0.23953695458593058 0.5405164737310774
1 0.321460373998219 0.464826357969724 0.391807658058771 0.464826357969724 0.391807658058771 0.5387355298308104 0.321460373998219 0.5387355298308104
1 0.025823686553873553 0.5360641139804097 0.12199465716829919 0.5360641139804097 0.12199465716829919 0.6126447016918968 0.025823686553873553 0.6126447016918968
1 0.0881567230632235 0.4906500445235975 0.176313446126447 0.4906500445235975 0.176313446126447 0.5538735529830809 0.0881567230632235 0.5538735529830809
1 0.12288512911843277 0.6313446126447017 0.23597506678539631 0.6313446126447017 0.23597506678539631 0.7310774710596616 0.12288512911843277 0.7310774710596616
1 0.1709706144256456 0.5779162956366874 0.2493321460373998 0.5779162956366874 0.2493321460373998 0.6687444345503117 0.1709706144256456 0.6687444345503117
1 0.23953695458593058 0.6749777382012466 0.3570792520035619 0.6749777382012466 0.3570792520035619 0.7595725734639359 0.23953695458593058 0.7595725734639359
1 0.7159394479073911 0.5788067675868211 0.7898486197684772 0.5788067675868211 0.7898486197684772 0.6651825467497775 0.7159394479073911 0.6651825467497775
1 0.6090828138913624 0.5422974176313446 0.7195013357079252 0.5422974176313446 0.7195013357079252 0.6117542297417633 0.6090828138913624 0.6117542297417633
1 0.6028495102404274 0.6090828138913624 0.6999109528049866 0.6090828138913624 0.6999109528049866 0.6749777382012467 0.6028495102404274 0.6749777382012467
1 0.6749777382012465 0.6589492430988425 0.7951914514692785 0.6589492430988425 0.7951914514692785 0.7417631344612645 0.6749777382012465 0.7417631344612645
1 0.44434550311665183 0.5414069456812111 0.5253784505788068 0.5414069456812111 0.5253784505788068 0.6277827248441674 0.44434550311665183 0.6277827248441674
1 0.46749777382012464 0.40160284951024044 0.5494211932324132 0.40160284951024044 0.5494211932324132 0.46660730186999116 0.46749777382012464 0.46660730186999116
1 0.6714158504007124 0.3962600178094389 0.7230632235084596 0.3962600178094389 0.7230632235084596 0.45681211041852177 0.6714158504007124 0.45681211041852177
1 0.3624220837043633 0.28138913624220835 0.42831700801424755 0.28138913624220835 0.42831700801424755 0.3517364203027605 0.3624220837043633 0.3517364203027605
1 0.27960819234194123 0.2929652715939448 0.3597506678539626 0.2929652715939448 0.3597506678539626 0.3446126447016919 0.27960819234194123 0.3446126447016919
1 0.1798753339269813 0.4105075690115762 0.2653606411398041 0.4105075690115762 0.2653606411398041 0.4888691006233304 0.1798753339269813 0.4888691006233304
1 0.18165627782724847 0.49777382012466614 0.25111308993766696 0.49777382012466614 0.25111308993766696 0.5779162956366874 0.18165627782724847 0.5779162956366874
