4 0.5627782724844167 0.2991985752448798 0.7569011576135353 0.2991985752448798 0.7569011576135353 0.4612644701691897 0.5627782724844167 0.4612644701691897
4 0.31522707034728403 0.19145146927871773 0.4808548530721282 0.19145146927871773 0.4808548530721282 0.33036509349955473 0.31522707034728403 0.33036509349955473
4 0.2680320569902048 0.32947462154942125 0.4042742653606411 0.32947462154942125 0.4042742653606411 0.4737310774710598 0.2680320569902048 0.4737310774710598
4 0.37845057880676763 0.41941228851291185 0.5333926981300089 0.41941228851291185 0.5333926981300089 0.5743544078361533 0.37845057880676763 0.5743544078361533
4 0.10685663401602852 0.3980409617097062 0.2742653606411398 0.3980409617097062 0.2742653606411398 0.5547640249332147 0.10685663401602852 0.5547640249332147
4 0.15939447907390916 0.21282279608192345 0.2956366874443455 0.21282279608192345 0.2956366874443455 0.3802315227070348 0.15939447907390916 0.3802315227070348
4 0.24844167408726625 0.08637577916295637 0.4024933214603739 0.08637577916295637 0.4024933214603739 0.219946571682992 0.24844167408726625 0.219946571682992
4 0.3766696349065004 0.008014247551202136 0.4986642920747995 0.008014247551202136 0.4986642920747995 0.17097061442564557 0.3766696349065004 0.17097061442564557
4 0.4817453250222618 0.08459483526268922 0.6224398931433659 0.08459483526268922 0.6224398931433659 0.22707034728406056 0.4817453250222618 0.22707034728406056
4 0.578806767586821 0.18165627782724844 0.7845057880676758 0.18165627782724844 0.7845057880676758 0.3152270703472841 0.578806767586821 0.3152270703472841
