9 0.42030276046304543 0.25111308993766696 0.7025823686553874 0.25111308993766696 0.7025823686553874 0.5253784505788067 0.42030276046304543 0.5253784505788067
9 0.07747105966162066 0.43633125556544966 0.39893143365983974 0.43633125556544966 0.39893143365983974 0.7764915405164736 0.07747105966162066 0.7764915405164736
9 0.7586821015138024 0.39893143365983974 1.0 0.39893143365983974 1.0 0.6482635796972396 0.7586821015138024 0.6482635796972396
9 0.6634016028495102 0.5966162065894924 0.9109528049866429 0.5966162065894924 0.9109528049866429 0.8432769367764915 0.6634016028495102 0.8432769367764915
9 0.4772929652715939 0.7079252003561888 0.755120213713268 0.7079252003561888 0.755120213713268 0.9902048085485308 0.4772929652715939 0.9902048085485308
9 0.24844167408726625 0.8174532502226179 0.5440783615316117 0.8174532502226179 0.5440783615316117 1.0 0.24844167408726625 1.0
9 0.2956366874443454 0.5894924309884245 0.5244879786286731 0.5894924309884245 0.5244879786286731 0.825467497773821 0.2956366874443454 0.825467497773821
9 0.4612644701691896 0.46660730186999105 0.705253784505788 0.46660730186999105 0.705253784505788 0.6927871772039181 0.4612644701691896 0.6927871772039181
9 0.24577025823686555 0.039180765805877114 0.5636687444345504 0.039180765805877114 0.5636687444345504 0.3383793410507569 0.24577025823686555 0.3383793410507569
9 0.5084594835262689 0.008014247551202136 0.773820124666073 0.008014247551202136 0.773820124666073 0.2724844167408727 0.5084594835262689 0.2724844167408727
9 0.7960819234194128 0.2252894033837935 1.0 0.2252894033837935 1.0 0.44078361531611765 0.7960819234194128 0.44078361531611765
9 0.6366874443455032 0.2689225289403383 0.8014247551202138 0.2689225289403383 0.8014247551202138 0.4888691006233304 0.6366874443455032 0.4888691006233304
9 0.0 0.1932324131789848 0.19323241317898485 0.1932324131789848 0.19323241317898485 0.42742653606411374 0.0 0.42742653606411374
9 0.1896705253784506 0.24487978628673196 0.4033837934105077 0.24487978628673196 0.4033837934105077 0.45057880676758677 0.1896705253784506 0.45057880676758677
9 0.11754229741763124 8.69987766402616e-18 0.3615316117542296 8.69987766402616e-18 0.3615316117542296 0.17987533392698127 0.11754229741763124 0.17987533392698127
9 0.04007123775601071 0.7711487088156723 0.28762243989314334 0.7711487088156723 0.28762243989314334 1.0 0.04007123775601071 1.0
