1 0.390026714158504 0.17898486197684776 0.5609973285841496 0.17898486197684776 0.5609973285841496 0.3321460373998219 0.390026714158504 0.3321460373998219
1 0.2894033837934105 0.4968833481745325 0.4719501335707925 0.4968833481745325 0.4719501335707925 0.7016918967052538 0.2894033837934105 0.7016918967052538
1 0.5645592163846839 0.4968833481745325 0.7123775601068568 0.4968833481745325 0.7123775601068568 0.6883348174532502 0.5645592163846839 0.6883348174532502
1 0.7177203918076581 0.5084594835262689 0.8646482635796972 0.5084594835262689 0.8646482635796972 0.705253784505788 0.7177203918076581 0.705253784505788
1 0.6215494211932324 0.6634016028495102 0.7604630454140694 0.6634016028495102 0.7604630454140694 0.8005342831700801 0.6215494211932324 0.8005342831700801
1 0.03294746215494212 0.3944790739091718 0.2804986642920748 0.3944790739091718 0.2804986642920748 0.5654496883348173 0.03294746215494212 0.5654496883348173
1 0.12288512911843277 0.2404274265360641 0.307212822796082 0.2404274265360641 0.307212822796082 0.41852181656277826 0.12288512911843277 0.41852181656277826
1 0.6981300089047195 0.22974176313446126 0.8548530721282279 0.22974176313446126 0.8548530721282279 0.3766696349065005 0.6981300089047195 0.3766696349065005
1 0.5957257346393584 0.3134461264470168 0.719501335707925 0.3134461264470168 0.719501335707925 0.4888691006233302 0.5957257346393584 0.4888691006233302
1 0.6821015138023152 0.3695458593054319 0.8521816562778273 0.3695458593054319 0.8521816562778273 0.547640249332146 0.6821015138023152 0.547640249332146
1 0.06500445235975066 0.5743544078361532 0.25111308993766696 0.5743544078361532 0.25111308993766696 0.7622439893143366 0.06500445235975066 0.7622439893143366
1 0.3348174532502226 0.3882457702582369 0.464826357969724 0.3882457702582369 0.464826357969724 0.5351736420302761 0.3348174532502226 0.5351736420302761
1 0.4354407836153161 0.5832591273374889 0.5743544078361532 0.5832591273374889 0.5743544078361532 0.7471059661620658 0.4354407836153161 0.7471059661620658
1 0.45859305431878894 0.4603739982190561 0.5912733748886909 0.4603739982190561 0.5912733748886909 0.589492430988424 0.45859305431878894 0.589492430988424
1 0.4318788958147819 0.0427426536064114 0.5805877114870881 0.0427426536064114 0.5805877114870881 0.163846838824577 0.4318788958147819 0.163846838824577
1 0.5494211932324132 0.20124666073018702 0.6883348174532502 0.20124666073018702 0.6883348174532502 0.3401602849510241 0.5494211932324132 0.3401602849510241
1 0.20213713268032063 0.10774710596616202 0.3330365093499555 0.10774710596616202 0.3330365093499555 0.292074799643811 0.20213713268032063 0.292074799643811
1 0.015138023152270702 0.015138023152270702 0.22796081923419415 0.015138023152270702 0.22796081923419415 0.1620658949243099 0.015138023152270702 0.1620658949243099
1 0.2163846838824577 0.0 0.4096170970614425 0.0 0.4096170970614425 0.12822796081923418 0.2163846838824577 0.12822796081923418
1 0.29118432769367764 0.26179875333926983 0.42297417631344614 0.26179875333926983 0.42297417631344614 0.3846838824577025 0.29118432769367764 0.3846838824577025
1 0.46215494211932323 0.33303650934995555 0.6001780943900267 0.33303650934995555 0.6001780943900267 0.4755120213713269 0.46215494211932323 0.4755120213713269
