0 0.3161175422974176 0.5013357079252003 0.545859305431879 0.5013357079252003 0.545859305431879 0.7364203027604631 0.3161175422974176 0.7364203027604631
0 0.684772929652716 0.4327693677649154 0.9688334817453249 0.4327693677649154 0.9688334817453249 0.7008014247551203 0.684772929652716 0.7008014247551203
0 0.5583259127337489 0.007123775601068566 0.7488869100623331 0.007123775601068566 0.7488869100623331 0.19234194122885132 0.5583259127337489 0.19234194122885132
0 -8.881784197001253e-18 0.49955476402493304 0.20480854853072128 0.49955476402493304 0.20480854853072128 0.7898486197684771 -8.881784197001253e-18 0.7898486197684771
0 0.5939447907390917 0.7310774710596616 0.898486197684773 0.7310774710596616 0.898486197684773 1.0 0.5939447907390917 1.0
0 0.383793410507569 0.7577916295636687 0.6313446126447017 0.7577916295636687 0.6313446126447017 0.9839715048975958 0.383793410507569 0.9839715048975958
0 0.13000890471950133 0.38557435440783616 0.3428317008014248 0.38557435440783616 0.3428317008014248 0.6126447016918967 0.13000890471950133 0.6126447016918967
0 0.11932324131789848 0.10418521816562779 0.3455031166518255 0.10418521816562779 0.3455031166518255 0.313446126447017 0.11932324131789848 0.313446126447017
0 7.908979694569236e-18 0.010685663401602843 0.18699910952804988 0.010685663401602843 0.18699910952804988 0.24487978628673196 7.908979694569236e-18 0.24487978628673196
0 0.769367764915405 0.06055209260908281 0.9723953695458591 0.06055209260908281 0.9723953695458591 0.25556544968833483 0.769367764915405 0.25556544968833483
0 0.4354407836153161 0.3722172751558326 0.6589492430988425 0.3722172751558326 0.6589492430988425 0.5779162956366874 0.4354407836153161 0.5779162956366874
