0 0.29741763134461263 0.464826357969724 0.560106856634016 0.464826357969724 0.560106856634016 0.7088156723063224 0.29741763134461263 0.7088156723063224
0 0.26981300089047194 0.21816562778272483 0.5111308993766697 0.21816562778272483 0.5111308993766697 0.4541406945681211 0.26981300089047194 0.4541406945681211
0 0.4327693677649154 0.11130899376669634 0.6945681211041853 0.11130899376669634 0.6945681211041853 0.35529830810329477 0.4327693677649154 0.35529830810329477
0 0.7248441674087267 0.14158504007123776 0.9715048975957258 0.14158504007123776 0.9715048975957258 0.39536954585930545 0.7248441674087267 0.39536954585930545
0 0.5031166518254675 0.3303650934995548 0.7266251113089938 0.3303650934995548 0.7266251113089938 0.5716829919857525 0.5031166518254675 0.5716829919857525
0 0.5512021371326803 0.5556544968833482 0.7773820124666073 0.5556544968833482 0.7773820124666073 0.7889581478183438 0.5512021371326803 0.7889581478183438
0 0.7346393588601959 0.38913624220837045 0.9723953695458591 0.38913624220837045 0.9723953695458591 0.6188780053428318 0.7346393588601959 0.6188780053428318
0 0.6402493321460373 0.7951914514692788 0.8566340160284951 0.7951914514692788 0.8566340160284951 1.0 0.6402493321460373 1.0
0 0.7702582368655391 0.6179875333926972 1.0000000000000002 0.6179875333926972 1.0000000000000002 0.8931433659839717 0.7702582368655391 0.8931433659839717
0 0.19234194122885126 0.616206589492431 0.42653606411398043 0.616206589492431 0.42653606411398043 0.8486197684772929 0.19234194122885126 0.8486197684772929
