0 0.40872662511130897 0.4728406055209261 0.5422974176313445 0.4728406055209261 0.5422974176313445 0.603739982190561 0.40872662511130897 0.603739982190561
0 0.37310774710596617 0.5992876224398932 0.5325022261798753 0.5992876224398932 0.5325022261798753 0.7649154051647373 0.37310774710596617 0.7649154051647373
0 0.5066785396260017 0.6375779162956366 0.6562778272484416 0.6375779162956366 0.6562778272484416 0.7889581478183436 0.5066785396260017 0.7889581478183436
0 0.773820124666073 0.25111308993766696 0.8833481745325024 0.25111308993766696 0.8833481745325024 0.3811219946571683 0.773820124666073 0.3811219946571683
0 0.1611754229741763 0.7346393588601959 0.3517364203027605 0.7346393588601959 0.3517364203027605 0.9403383793410506 0.1611754229741763 0.9403383793410506
0 0.15138023152270705 0.41406945681211044 0.2920747996438112 0.41406945681211044 0.2920747996438112 0.5458593054318789 0.15138023152270705 0.5458593054318789
0 0.5405164737310775 0.2653606411398041 0.6821015138023152 0.2653606411398041 0.6821015138023152 0.3935886019590383 0.5405164737310775 0.3935886019590383
0 0.6794300979519146 0.464826357969724 0.7880676758682101 0.464826357969724 0.7880676758682101 0.6126447016918967 0.6794300979519146 0.6126447016918967
0 0.6518254674977739 0.21549421193232413 0.7640249332146037 0.21549421193232413 0.7640249332146037 0.3597506678539626 0.6518254674977739 0.3597506678539626
0 0.6509349955476402 0.10418521816562779 0.7934105075690115 0.10418521816562779 0.7934105075690115 0.23241317898486202 0.6509349955476402 0.23241317898486202
0 0.3455031166518255 0.14870881567230632 0.47907390917186116 0.14870881567230632 0.47907390917186116 0.27871772039180764 0.3455031166518255 0.27871772039180764
0 0.7542297417631346 0.8014247551202138 0.8708815672306324 0.8014247551202138 0.8708815672306324 0.935886019590383 0.7542297417631346 0.935886019590383
0 0.7818343722172751 0.6634016028495102 0.9367764915405165 0.6634016028495102 0.9367764915405165 0.8219056099732858 0.7818343722172751 0.8219056099732858
0 0.6420302760463046 0.6901157613535173 0.7764915405164736 0.6901157613535173 0.7764915405164736 0.8370436331255565 0.6420302760463046 0.8370436331255565
0 0.5422974176313446 0.8005342831700801 0.7070347284060553 0.8005342831700801 0.7070347284060553 0.9519145146927872 0.5422974176313446 0.9519145146927872
0 0.23508459483526273 0.26268922528940336 0.3935886019590383 0.26268922528940336 0.3935886019590383 0.4381121994657167 0.23508459483526273 0.4381121994657167
