0 0.4796675571386168 0.24398931433659837 0.5805877114870882 0.24398931433659837 0.5805877114870882 0.32502226179875326 0.4796675571386168 0.32502226179875326
0 0.3538141881864055 0.27248441674087265 0.44523597506678536 0.27248441674087265 0.44523597506678536 0.3365983971504897 0.3538141881864055 0.3365983971504897
0 0.5794004155535767 0.27960819234194123 0.666073018699911 0.27960819234194123 0.666073018699911 0.3579697239536955 0.5794004155535767 0.3579697239536955
0 0.5592163846838825 0.20926090828138913 0.649450875630751 0.20926090828138913 0.649450875630751 0.2796081923419412 0.5592163846838825 0.2796081923419412
0 0.5046007717423567 0.1861086375779163 0.5722766399525082 0.1861086375779163 0.5722766399525082 0.23864648263579694 0.5046007717423567 0.23864648263579694
0 0.8227960819234196 0.21282279608192345 0.9118432769367765 0.21282279608192345 0.9118432769367765 0.27960819234194123 0.8227960819234196 0.27960819234194123
0 0.04630454140694569 0.7159394479073911 0.24458296230335413 0.7159394479073911 0.24458296230335413 0.840605520926091 0.04630454140694569 0.840605520926091
0 0.1412882160878599 0.4211932324131789 0.27901454437518547 0.4211932324131789 0.27901454437518547 0.5262689225289402 0.1412882160878599 0.5262689225289402
0 0.10210745028198279 0.2226179875333927 0.21015138023152272 0.2226179875333927 0.21015138023152272 0.30008904719501334 0.10210745028198279 0.30008904719501334
0 0.8311071534579996 0.7337488869100623 1.0 0.7337488869100623 1.0 0.8788958147818342 0.8311071534579996 0.8788958147818342
0 0.3288809735826655 0.6144256455921637 0.4915405164737311 0.6144256455921637 0.4915405164737311 0.7212822796081921 0.3288809735826655 0.7212822796081921
0 0.4571089344018997 0.794300979519145 0.6352033244286139 0.794300979519145 0.6352033244286139 0.9581478183437221 0.4571089344018997 0.9581478183437221
0 0.36924903532205394 0.4203027604630455 0.5046007717423567 0.4203027604630455 0.5046007717423567 0.533392698130009 0.36924903532205394 0.533392698130009
0 0.5604036806173939 0.4764024933214604 0.6993173048382311 0.4764024933214604 0.6993173048382311 0.5948352626892253 0.5604036806173939 0.5948352626892253
0 0.8239833778569308 0.47551202137132687 0.9628970020777678 0.47551202137132687 0.9628970020777678 0.5939447907390918 0.8239833778569308 0.5939447907390918
0 0.06411398040961709 0.13802315227070347 0.1662214306915999 0.13802315227070347 0.1662214306915999 0.21015138023152272 0.06411398040961709 0.21015138023152272
0 0.009498367468091422 0.25378450578806766 0.12466607301869993 0.25378450578806766 0.12466607301869993 0.33036509349955473 0.009498367468091422 0.33036509349955473
0 0.18759275749480558 0.8851291184327692 0.3739982190560997 0.8851291184327692 0.3739982190560997 0.9999999999999999 0.18759275749480558 0.9999999999999999
