1 0.21638468388245752 0.06233303650934993 0.42742653606411396 0.06233303650934993 0.42742653606411396 0.3054318788958148 0.21638468388245752 0.3054318788958148
1 0.26001780943900266 0.29652715939447905 0.5244879786286731 0.29652715939447905 0.5244879786286731 0.48263579697239545 0.26001780943900266 0.48263579697239545
1 0.6582385219396756 0.15758053691863247 0.7876704054769461 0.30105929153745437 0.5893126801974676 0.47999737937699993 0.45988079666019704 0.33651862475817806
1 0.5431878895814782 7.771561172376097e-18 0.7390917186108639 7.771561172376097e-18 0.7390917186108639 0.21460373998219054 0.5431878895814782 0.21460373998219054
1 0.5565449688334817 0.5654496883348175 0.7729296527159394 0.5654496883348175 0.7729296527159394 0.8147818343722173 0.5565449688334817 0.8147818343722173
1 0.25200356188780054 0.4817453250222618 0.46393588601959035 0.4817453250222618 0.46393588601959035 0.6838824577025824 0.25200356188780054 0.6838824577025824
1 0.3196794300979519 0.6660730186999111 0.5075690115761352 0.6660730186999111 0.5075690115761352 0.8993766696349065 0.3196794300979519 0.8993766696349065
1 0.12199465716829921 0.6927871772039181 0.3187889581478183 0.6927871772039181 0.3187889581478183 0.9127337488869102 0.12199465716829921 0.9127337488869102
1 0.5560273966350068 0.45310089864083347 0.770950945545336 0.35143581741354857 0.8482468687256316 0.5148421111543615 0.6333233198153024 0.6165071923816464
1 0.10240427426536064 0.37666963490650057 0.30365093499554763 0.37666963490650057 0.30365093499554763 0.5565449688334818 0.10240427426536064 0.5565449688334818
1 0.0 0.5351736420302763 0.20658949243098848 0.5351736420302763 0.20658949243098848 0.7462154942119323 0.0 0.7462154942119323
1 0.13357079252003562 0.22261798753339268 0.27960819234194123 0.22261798753339268 0.27960819234194123 0.3739982190560997 0.13357079252003562 0.3739982190560997
