12 0.5057880676758683 0.4639358860195904 0.7043633125556544 0.4639358860195904 0.7043633125556544 0.6589492430988425 0.5057880676758683 0.6589492430988425
12 0.628673196794301 0.3428317008014248 0.8201246660730189 0.3428317008014248 0.8201246660730189 0.5360641139804097 0.628673196794301 0.5360641139804097
12 0.5396260017809439 0.25467497773820125 0.711487088156723 0.25467497773820125 0.711487088156723 0.41674087266251114 0.5396260017809439 0.41674087266251114
12 0.42831700801424755 0.37399821905609976 0.5957257346393589 0.37399821905609976 0.5957257346393589 0.5387355298308103 0.42831700801424755 0.5387355298308103
12 0.26179875333926983 0.3668744434550312 0.4470169189670526 0.3668744434550312 0.4470169189670526 0.5503116651825468 0.26179875333926983 0.5503116651825468
12 0.2653606411398041 0.1798753339269813 0.4479073909171861 0.1798753339269813 0.4479073909171861 0.3419412288512912 0.2653606411398041 0.3419412288512912
12 0.37934105075690105 0.07301869991095278 0.5574354407836154 0.07301869991095278 0.5574354407836154 0.2466607301869989 0.37934105075690105 0.2466607301869989
12 0.20035618878005346 0.004452359750667854 0.3766696349065005 0.004452359750667854 0.3766696349065005 0.18343722172751556 0.20035618878005346 0.18343722172751556
12 0.08993766696349065 0.12555654496883348 0.276046304541407 0.12555654496883348 0.276046304541407 0.2938557435440784 0.08993766696349065 0.2938557435440784
12 0.0 0.0 0.18788958147818355 0.0 0.18788958147818355 0.13891362422083706 0.0 0.13891362422083706
12 0.6687444345503117 0.024933214603739984 0.8361531611754229 0.024933214603739984 0.8361531611754229 0.1896705253784506 0.6687444345503117 0.1896705253784506
12 0.5093499554764024 0.0 0.6794300979519142 0.0 0.6794300979519142 0.1460373998219056 0.5093499554764024 0.1460373998219056
12 0.7168299198575245 0.16295636687444348 0.8753339269813001 0.16295636687444348 0.8753339269813001 0.32235084594835267 0.7168299198575245 0.32235084594835267
12 0.871772039180766 0.20569902048085492 0.9999999999999997 0.20569902048085492 0.9999999999999997 0.3642030276046304 0.871772039180766 0.3642030276046304
12 0.7373107747105963 0.30365093499554763 0.8904719501335706 0.30365093499554763 0.8904719501335706 0.45414069456812106 0.7373107747105963 0.45414069456812106
12 0.5894924309884239 0.603739982190561 0.7649154051647373 0.603739982190561 0.7649154051647373 0.7880676758682101 0.5894924309884239 0.7880676758682101
12 0.4292074799643812 0.7319679430097953 0.6322350845948354 0.7319679430097953 0.6322350845948354 0.9269813000890471 0.4292074799643812 0.9269813000890471
12 0.282279608192342 0.7195013357079252 0.4541406945681211 0.7195013357079252 0.4541406945681211 0.894033837934105 0.282279608192342 0.894033837934105
12 0.05520926090828139 0.6749777382012466 0.23686553873552985 0.6749777382012466 0.23686553873552985 0.8646482635796972 0.05520926090828139 0.8646482635796972
12 0.20035618878005346 0.6055209260908281 0.3642030276046306 0.6055209260908281 0.3642030276046306 0.7631344612644704 0.20035618878005346 0.7631344612644704
12 0.32502226179875315 0.5191451469278713 0.5075690115761353 0.5191451469278713 0.5075690115761353 0.7052537845057879 0.32502226179875315 0.7052537845057879
12 0.14158504007123776 0.4683882457702582 0.3125556544968834 0.4683882457702582 0.3125556544968834 0.6197684772929652 0.14158504007123776 0.6197684772929652
12 0.1522707034728406 0.2733748886910063 0.3196794300979519 0.2733748886910063 0.3196794300979519 0.4318788958147819 0.1522707034728406 0.4318788958147819
12 0.0 0.365093499554764 0.10863757791629564 0.365093499554764 0.10863757791629564 0.5138023152270703 0.0 0.5138023152270703
12 0.0 0.499554764024933 0.17987533392698132 0.499554764024933 0.17987533392698132 0.6990204808548527 0.0 0.6990204808548527
12 0.7853962600178095 0.7809439002671416 0.9483526268922529 0.7809439002671416 0.9483526268922529 0.9367764915405165 0.7853962600178095 0.9367764915405165
12 0.8984861976847737 0.5200356188780062 1.0000000000000002 0.5200356188780062 1.0000000000000002 0.7025823686553874 0.8984861976847737 0.7025823686553874
12 0.7631344612644703 0.4470169189670526 0.9278717720391808 0.4470169189670526 0.9278717720391808 0.6197684772929652 0.7631344612644703 0.6197684772929652
