0 0.3170080142475512 0.609973285841496 0.6019590382902938 0.609973285841496 0.6019590382902938 0.9198575244879788 0.3170080142475512 0.9198575244879788
0 0.6767586821015138 0.6340160284951024 0.9305431878895815 0.6340160284951024 0.9305431878895815 0.9073909171861088 0.6767586821015138 0.9073909171861088
0 0.4381121994657167 0.09082813891362422 0.7186108637577917 0.09082813891362422 0.7186108637577917 0.3802315227070347 0.4381121994657167 0.3802315227070347
0 0.7168299198575245 0.13268032056990206 0.9554764024933216 0.13268032056990206 0.9554764024933216 0.3579697239536955 0.7168299198575245 0.3579697239536955
0 0.6117542297417632 0.3437221727515583 0.8414959928762246 0.3437221727515583 0.8414959928762246 0.5859305431878896 0.6117542297417632 0.5859305431878896
0 0.821905609973285 0.39269813000890474 1.0 0.39269813000890474 1.0 0.6046304541406945 0.821905609973285 0.6046304541406945
0 0.25823686553873554 0.25378450578806766 0.5280498664292075 0.25378450578806766 0.5280498664292075 0.49243098842386457 0.25823686553873554 0.49243098842386457
0 0.09082813891362422 0.3268032056990205 0.2920747996438112 0.3268032056990205 0.2920747996438112 0.5690115761353517 0.09082813891362422 0.5690115761353517
0 0.0 0.5538735529830809 0.2707034728406056 0.5538735529830809 0.2707034728406056 0.8726625111308993 0.0 0.8726625111308993
0 0.2520035618878006 0.5253784505788067 0.4425645592163847 0.5253784505788067 0.4425645592163847 0.7569011576135353 0.2520035618878006 0.7569011576135353
0 0.12288512911843277 0.015138023152270702 0.39893143365983974 0.015138023152270702 0.39893143365983974 0.26179875333926983 0.12288512911843277 0.26179875333926983
