14 0.5565449688334817 0.4256455921638469 0.83793410507569 0.4256455921638469 0.83793410507569 0.6874443455031167 0.5565449688334817 0.6874443455031167
14 0.6660730186999111 0.2475512021371327 0.8824577025823688 0.2475512021371327 0.8824577025823688 0.45681211041852177 0.6660730186999111 0.45681211041852177
14 0.17720391807658062 0.40961709706144256 0.4835262689225289 0.40961709706144256 0.4835262689225289 0.7043633125556544 0.17720391807658062 0.7043633125556544
14 0.43811219946571683 0.2493321460373998 0.6384683882457701 0.2493321460373998 0.6384683882457701 0.46393588601959035 0.43811219946571683 0.46393588601959035
14 0.5182546749777382 0.06322350845948353 0.7435440783615315 0.06322350845948353 0.7435440783615315 0.2751558325912734 0.5182546749777382 0.2751558325912734
14 0.3134461264470169 0.0819234194122885 0.5155832591273375 0.0819234194122885 0.5155832591273375 0.27782724844167406 0.3134461264470169 0.27782724844167406
14 0.09706144256455923 0.07836153161175423 0.3018699910952805 0.07836153161175423 0.3018699910952805 0.25111308993766696 0.09706144256455923 0.25111308993766696
14 0.2146037399821906 0.24309884238646481 0.4434550311665182 0.24309884238646481 0.4434550311665182 0.4603739982190561 0.2146037399821906 0.4603739982190561
14 1.0547118733938987e-17 0.25200356188780054 0.18432769367764915 0.25200356188780054 0.18432769367764915 0.47818343722172746 1.0547118733938987e-17 0.47818343722172746
14 0.7257346393588603 0.6188780053428317 0.9759572573463937 0.6188780053428317 0.9759572573463937 0.8450578806767588 0.7257346393588603 0.8450578806767588
14 0.34105075690115716 0.6206589492430992 0.7257346393588602 0.6206589492430992 0.7257346393588602 0.93766696349065 0.34105075690115716 0.93766696349065
14 8.69987766402616e-18 0.6402493321460373 0.3241317898486198 0.6402493321460373 0.3241317898486198 0.9928762243989314 8.69987766402616e-18 0.9928762243989314
