9 0.21252597209854557 0.6731967943009795 0.4155535767289997 0.6731967943009795 0.4155535767289997 0.8147818343722172 0.21252597209854557 0.8147818343722172
9 0.4369249035322055 0.5013357079252003 0.6043336301573167 0.5013357079252003 0.6043336301573167 0.6340160284951023 0.4369249035322055 0.6340160284951023
9 0.2493321460373998 0.4764024933214604 0.4452359750667853 0.4764024933214604 0.4452359750667853 0.6073018699910954 0.2493321460373998 0.6073018699910954
9 0.632828732561591 0.6028495102404274 0.7824280201840309 0.6028495102404274 0.7824280201840309 0.7070347284060552 0.632828732561591 0.7070347284060552
9 0.6067082220243396 0.7150489759572574 0.7978628673196795 0.7150489759572574 0.7978628673196795 0.8334817453250224 0.6067082220243396 0.8334817453250224
9 0.3704363312555655 0.730186999109528 0.5437815375482339 0.730186999109528 0.5437815375482339 0.8797862867319679 0.3704363312555655 0.8797862867319679
9 0.47373107747105964 0.8548530721282279 0.6565746512318194 0.8548530721282279 0.6565746512318194 0.9804096170970615 0.47373107747105964 0.9804096170970615
9 0.11516770555060848 0.8032056990204809 0.3466904125853369 0.8032056990204809 0.3466904125853369 0.9715048975957259 0.11516770555060848 0.9715048975957259
9 0.0 0.6669634906500446 0.16503413475808845 0.6669634906500446 0.16503413475808845 0.8370436331255566 0.0 0.8370436331255566
9 0.014247551202137132 0.5146927871772039 0.20065301276343128 0.5146927871772039 0.20065301276343128 0.6482635796972395 0.014247551202137132 0.6482635796972395
9 0.1199168892846542 0.6179875333926982 0.29326209557732263 0.6179875333926982 0.29326209557732263 0.7328584149599288 0.1199168892846542 0.7328584149599288
9 0.3336301573167112 0.5734639358860195 0.4856040368061739 0.5734639358860195 0.4856040368061739 0.6874443455031166 0.3336301573167112 0.6874443455031166
9 0.48204214900563963 0.6179875333926982 0.6340160284951024 0.6179875333926982 0.6340160284951024 0.7248441674087267 0.48204214900563963 0.7248441674087267
9 0.6257049569605224 0.5351736420302761 0.7598693974473137 0.5351736420302761 0.7598693974473137 0.6251113089937668 0.6257049569605224 0.6251113089937668
9 0.48204214900563963 0.42653606411398043 0.6257049569605225 0.42653606411398043 0.6257049569605225 0.5289403383793411 0.48204214900563963 0.5289403383793411
9 0.20184030869694275 0.3811219946571683 0.37993469872365687 0.3811219946571683 0.37993469872365687 0.5031166518254674 0.20184030869694275 0.5031166518254674
9 0.1199168892846542 0.45503116651825465 0.2659542891065598 0.45503116651825465 0.2659542891065598 0.5734639358860195 0.1199168892846542 0.5734639358860195
9 0.0 0.4069456812110419 0.14485010388839417 0.4069456812110419 0.14485010388839417 0.5414069456812111 0.0 0.5414069456812111
9 0.11398040961709706 0.28138913624220835 0.28376372810923123 0.28138913624220835 0.28376372810923123 0.40694568121104185 0.11398040961709706 0.40694568121104185
9 0.13891362422083706 0.1585040071237756 0.2920747996438112 0.1585040071237756 0.2920747996438112 0.2894033837934106 0.13891362422083706 0.2894033837934106
9 0.26476699317304836 0.20837043633125557 0.42742653606411396 0.20837043633125557 0.42742653606411396 0.30899376669634904 0.26476699317304836 0.30899376669634904
9 0.2600178094390027 0.3009795191451469 0.39299495399228257 0.3009795191451469 0.39299495399228257 0.39447907390917186 0.2600178094390027 0.39447907390917186
9 0.3383793410507569 0.3953695458593055 0.4606708222024339 0.3953695458593055 0.4606708222024339 0.4959928762243989 0.3383793410507569 0.4959928762243989
9 0.41317898486197685 0.34639358860195907 0.5342831700801424 0.34639358860195907 0.5342831700801424 0.44879786286731965 0.41317898486197685 0.44879786286731965
9 0.49985158800831103 0.29118432769367764 0.6352033244286138 0.29118432769367764 0.6352033244286138 0.39715048975957257 0.49985158800831103 0.39715048975957257
9 0.40961709706144256 0.1923419412288513 0.5295339863460967 0.1923419412288513 0.5295339863460967 0.3081032947462155 0.40961709706144256 0.3081032947462155
9 0.4713564856040368 0.15316117542297417 0.6209557732264765 0.15316117542297417 0.6209557732264765 0.24755120213713272 0.4713564856040368 0.24755120213713272
9 0.22796081923419423 0.12021371326803205 0.33363015731671114 0.12021371326803205 0.33363015731671114 0.2039180765805876 0.22796081923419423 0.2039180765805876
9 0.0 0.2021371326803206 0.11635500148411991 0.2021371326803206 0.11635500148411991 0.3268032056990205 0.0 0.3268032056990205
9 0.7978628673196795 0.8014247551202138 0.9771445532799051 0.8014247551202138 0.9771445532799051 0.9225289403383795 0.7978628673196795 0.9225289403383795
9 0.8037993469872365 0.6812110418521816 0.9486494508756309 0.6812110418521816 0.9486494508756309 0.7898486197684773 0.8037993469872365 0.7898486197684773
9 0.7586821015138024 0.5903829029385574 0.8655387355298311 0.5903829029385574 0.8655387355298311 0.6918967052537845 0.7586821015138024 0.6918967052537845
9 0.7954882754526565 0.918967052537845 1.0 0.918967052537845 1.0 1.0 0.7954882754526565 1.0
9 0.5972098545562482 0.821905609973286 0.751558325912734 0.821905609973286 0.751558325912734 0.948352626892253 0.5972098545562482 0.948352626892253
9 0.4677945978035025 0.7132680320569904 0.6067082220243396 0.7132680320569904 0.6067082220243396 0.8263579697239539 0.4677945978035025 0.8263579697239539
9 0.18284357376075988 0.04096170970614425 0.3241317898486198 0.04096170970614425 0.3241317898486198 0.13535173642030277 0.18284357376075988 0.13535173642030277
