5 0.40961709706144256 0.5877114870881567 0.5188483229444939 0.5877114870881567 0.5188483229444939 0.6589492430988424 0.40961709706144256 0.6589492430988424
5 0.4499851588008311 0.7426536064113979 0.5758385277530425 0.7426536064113979 0.5758385277530425 0.8281389136242205 0.4499851588008311 0.8281389136242205
5 0.46423271000296823 0.8210151380231523 0.5983971504897596 0.8210151380231523 0.5983971504897596 0.9038290293855743 0.46423271000296823 0.9038290293855743
5 0.5200356188780053 0.8984861976847729 0.6589492430988425 0.8984861976847729 0.6589492430988425 1.0 0.5200356188780053 1.0
5 0.3633125556544969 0.6945681211041852 0.47848026120510534 0.6945681211041852 0.47848026120510534 0.7702582368655386 0.3633125556544969 0.7702582368655386
5 0.3371920451172455 0.5672306322350849 0.43455031166518254 0.5672306322350849 0.43455031166518254 0.6349065004452362 0.3371920451172455 0.6349065004452362
5 0.5425942416147225 0.3784505788067676 0.6233303650934997 0.3784505788067676 0.6233303650934997 0.42475512021371326 0.5425942416147225 0.42475512021371326
5 0.40842980112793115 0.390026714158504 0.4832294449391511 0.390026714158504 0.4832294449391511 0.4336598397150489 0.40842980112793115 0.4336598397150489
5 0.8967052537845056 0.4906500445235975 0.9999999999999999 0.4906500445235975 0.9999999999999999 0.560106856634016 0.8967052537845056 0.560106856634016
5 0.2944493915108341 0.38023152270703475 0.3644998515880083 0.38023152270703475 0.3644998515880083 0.4283170080142476 0.2944493915108341 0.4283170080142476
