0 0.6731967943009795 0.7364203027604629 0.8637577916295635 0.7364203027604629 0.8637577916295635 0.951914514692787 0.6731967943009795 0.951914514692787
0 0.10685663401602849 0.7114870881567231 0.2920747996438112 0.7114870881567231 0.2920747996438112 0.9056099732858416 0.10685663401602849 0.9056099732858416
0 0.15850400712377563 0.4915405164737311 0.30008904719501345 0.4915405164737311 0.30008904719501345 0.6482635796972396 0.15850400712377563 0.6482635796972396
0 0.2804986642920748 0.41674087266251114 0.47016918967052534 0.41674087266251114 0.47016918967052534 0.6179875333926982 0.2804986642920748 0.6179875333926982
0 0.5627782724844167 0.5743544078361532 0.7613535173642031 0.5743544078361532 0.7613535173642031 0.756901157613535 0.5627782724844167 0.756901157613535
0 0.4951024042742652 0.740872662511131 0.6723063223508459 0.740872662511131 0.6723063223508459 0.9278717720391808 0.4951024042742652 0.9278717720391808
0 0.8539626001780944 0.4755120213713269 1.0 0.4755120213713269 1.0 0.6544968833481747 0.8539626001780944 0.6544968833481747
0 0.377560106856634 0.5654496883348175 0.572573463935886 0.5654496883348175 0.572573463935886 0.747105966162066 0.377560106856634 0.747105966162066
0 0.48263579697239545 0.43811219946571683 0.6589492430988425 0.43811219946571683 0.6589492430988425 0.6081923419412288 0.48263579697239545 0.6081923419412288
0 0.17186108637577915 0.3018699910952805 0.3722172751558326 0.3018699910952805 0.3722172751558326 0.4888691006233304 0.17186108637577915 0.4888691006233304
0 0.5102404274265361 0.22974176313446126 0.661620658949243 0.22974176313446126 0.661620658949243 0.42297417631344614 0.5102404274265361 0.42297417631344614
0 0.6010685663401603 0.12021371326803205 0.8023152270703471 0.12021371326803205 0.8023152270703471 0.3089937666963491 0.6010685663401603 0.3089937666963491
0 0.7533392698130008 0.0 0.939447907390917 0.0 0.939447907390917 0.16473731077471063 0.7533392698130008 0.16473731077471063
0 0.8058771148708814 0.3089937666963491 0.9590382902938556 0.3089937666963491 0.9590382902938556 0.4772929652715939 0.8058771148708814 0.4772929652715939
