1 0.5360641139804097 0.1807658058771149 0.7043633125556547 0.1807658058771149 0.7043633125556547 0.30008904719501345 0.5360641139804097 0.30008904719501345
1 0.7399821905609972 0.039180765805877114 0.9002671415850402 0.039180765805877114 0.9002671415850402 0.2056990204808549 0.7399821905609972 0.2056990204808549
1 0.6776491540516474 0.3490650044523597 0.8032056990204809 0.3490650044523597 0.8032056990204809 0.4826357969723954 0.6776491540516474 0.4826357969723954
1 0.4612644701691896 0.4550311665182546 0.6028495102404274 0.4550311665182546 0.6028495102404274 0.6108637577916296 0.4612644701691896 0.6108637577916296
1 0.6313446126447015 0.47996438112199463 0.7702582368655386 0.47996438112199463 0.7702582368655386 0.6402493321460373 0.6313446126447015 0.6402493321460373
1 0.8512911843276938 0.4568121104185219 0.9821905609973285 0.4568121104185219 0.9821905609973285 0.5886019590382904 0.8512911843276938 0.5886019590382904
1 0.4354407836153162 0.7622439893143366 0.5823686553873553 0.7622439893143366 0.5823686553873553 0.9145146927871772 0.4354407836153162 0.9145146927871772
1 0.42742653606411396 0.6081923419412288 0.5378450578806767 0.6081923419412288 0.5378450578806767 0.7364203027604631 0.42742653606411396 0.7364203027604631
1 0.29741763134461263 0.5182546749777382 0.4372217275155833 0.5182546749777382 0.4372217275155833 0.6678539626001782 0.29741763134461263 0.6678539626001782
1 0.5467497773820125 0.31967943009795186 0.6714158504007124 0.31967943009795186 0.6714158504007124 0.48530721282279604 0.5467497773820125 0.48530721282279604
1 0.43187889581478184 0.34283170080142467 0.5396260017809439 0.34283170080142467 0.5396260017809439 0.47016918967052534 0.43187889581478184 0.47016918967052534
1 0.340160284951024 0.25111308993766696 0.5120213713268033 0.25111308993766696 0.5120213713268033 0.3695458593054319 0.340160284951024 0.3695458593054319
1 0.3357079252003562 0.11576135351736416 0.4906500445235975 0.11576135351736416 0.4906500445235975 0.24844167408726625 0.3357079252003562 0.24844167408726625
1 0.6473731077471059 0.628673196794301 0.8290293855743546 0.628673196794301 0.8290293855743546 0.7782724844167409 0.6473731077471059 0.7782724844167409
1 0.8121104185218168 0.5903829029385573 0.9857524487978637 0.5903829029385573 0.9857524487978637 0.7604630454140697 0.8121104185218168 0.7604630454140697
1 0.622439893143366 0.7560106856634015 0.773820124666073 0.7560106856634015 0.773820124666073 0.9091718610863758 0.622439893143366 0.9091718610863758
1 0.13802315227070353 0.8619768477292964 0.34016028495102413 0.8619768477292964 0.34016028495102413 0.9999999999999996 0.13802315227070353 0.9999999999999996
1 0.5280498664292075 0.6660730186999111 0.6571682991985753 0.6660730186999111 0.6571682991985753 0.8023152270703474 0.5280498664292075 0.8023152270703474
1 0.3018699910952805 0.6883348174532502 0.47640249332146034 0.6883348174532502 0.47640249332146034 0.8575244879786286 0.3018699910952805 0.8575244879786286
