14 0.13535173642030277 0.6242208370436332 0.4051647373107747 0.6242208370436332 0.4051647373107747 0.8895814781834372 0.13535173642030277 0.8895814781834372
14 0.29296527159394486 0.42831700801424755 0.520926090828139 0.42831700801424755 0.520926090828139 0.6678539626001782 0.29296527159394486 0.6678539626001782
14 0.47016918967052546 0.5485307212822796 0.7649154051647373 0.5485307212822796 0.7649154051647373 0.8183437221727516 0.47016918967052546 0.8183437221727516
14 0.712377560106856 0.6491540516473723 0.9999999999999993 0.6491540516473723 0.9999999999999993 0.926090828138913 0.712377560106856 0.926090828138913
14 0.7444345503116652 0.45235975066785394 0.9225289403383794 0.45235975066785394 0.9225289403383794 0.6642920747996438 0.7444345503116652 0.6642920747996438
14 0.8735529830810328 0.40961709706144256 1.0 0.40961709706144256 1.0 0.6518254674977739 0.8735529830810328 0.6518254674977739
14 0.8628673196794301 0.25734639358860195 1.0 0.25734639358860195 1.0 0.46215494211932323 0.8628673196794301 0.46215494211932323
14 0.6331255565449688 0.26001780943900266 0.861086375779163 0.26001780943900266 0.861086375779163 0.4657168299198575 0.6331255565449688 0.4657168299198575
14 0.5200356188780053 0.44879786286731965 0.7266251113089937 0.44879786286731965 0.7266251113089937 0.6010685663401603 0.5200356188780053 0.6010685663401603
14 0.41941228851291185 0.28138913624220835 0.6331255565449688 0.28138913624220835 0.6331255565449688 0.464826357969724 0.41941228851291185 0.464826357969724
14 0.24220837043633123 0.27070347284060553 0.44434550311665183 0.27070347284060553 0.44434550311665183 0.46215494211932323 0.24220837043633123 0.46215494211932323
14 0.09973285841495994 0.44078361531611754 0.30365093499554763 0.44078361531611754 0.30365093499554763 0.6562778272484417 0.09973285841495994 0.6562778272484417
14 0.10596616206589493 0.2715939447907391 0.26981300089047194 0.2715939447907391 0.26981300089047194 0.44879786286731965 0.10596616206589493 0.44879786286731965
14 0.5405164737310775 0.10774710596616206 0.7292965271593945 0.10774710596616206 0.7292965271593945 0.30810329474621556 0.5405164737310775 0.30810329474621556
14 0.7640249332146037 0.09884238646482636 0.9554764024933216 0.09884238646482636 0.9554764024933216 0.2983081032947463 0.7640249332146037 0.2983081032947463
14 0.3472840605520926 0.12911843276936777 0.5342831700801424 0.12911843276936777 0.5342831700801424 0.307212822796082 0.3472840605520926 0.307212822796082
14 0.21104185218165625 0.13891362422083706 0.35351736420302754 0.13891362422083706 0.35351736420302754 0.2858414959928762 0.21104185218165625 0.2858414959928762
