5 0.3051350549124369 0.31967943009795186 0.49747699614128815 0.31967943009795186 0.49747699614128815 0.4532502226179874 0.3051350549124369 0.4532502226179874
5 0.48797862867319686 0.26714158504007124 0.6672603146334224 0.26714158504007124 0.6672603146334224 0.40961709706144256 0.48797862867319686 0.40961709706144256
5 0.4416740872662511 0.15138023152270705 0.6387652122291481 0.15138023152270705 0.6387652122291481 0.2991985752448798 0.4416740872662511 0.2991985752448798
5 0.163846838824577 0.2591273374888691 0.3217571979815969 0.2591273374888691 0.3217571979815969 0.36776491540516476 0.163846838824577 0.36776491540516476
5 0.5544672009498367 0.5520926090828139 0.7859899079845653 0.5520926090828139 0.7859899079845653 0.7203918076580587 0.5544672009498367 0.7203918076580587
5 0.38705847432472545 0.6135351736420303 0.6435143959631938 0.6135351736420303 0.6435143959631938 0.7684772929652716 0.38705847432472545 0.7684772929652716
5 0.3823092905906797 0.5244879786286732 0.6185811813594538 0.5244879786286732 0.6185811813594538 0.6767586821015139 0.3823092905906797 0.6767586821015139
5 0.28020184030869694 0.41852181656277826 0.4915405164737311 0.41852181656277826 0.4915405164737311 0.5565449688334817 0.28020184030869694 0.5565449688334817
5 0.5105372514099139 0.377560106856634 0.7088156723063224 0.377560106856634 0.7088156723063224 0.5218165627782725 0.5105372514099139 0.5218165627782725
5 0.13772632828732562 0.44879786286731965 0.2920747996438112 0.44879786286731965 0.2920747996438112 0.560106856634016 0.13772632828732562 0.560106856634016
5 0.07242505194419709 0.35707925200356194 0.2528940338379341 0.35707925200356194 0.2528940338379341 0.47907390917186116 0.07242505194419709 0.47907390917186116
5 0.1329771445532799 0.7221727515583258 0.34431582071831407 0.7221727515583258 0.34431582071831407 0.8637577916295637 0.1329771445532799 0.8637577916295637
5 0.12822796081923418 0.5449688334817453 0.29207479964381117 0.5449688334817453 0.29207479964381117 0.6731967943009797 0.12822796081923418 0.6731967943009797
