0 0.19857524487978628 0.21371326803205698 0.3597506678539626 0.21371326803205698 0.3597506678539626 0.41317898486197685 0.19857524487978628 0.41317898486197685
0 0.2867319679430098 0.08904719501335707 0.48619768477292963 0.08904719501335707 0.48619768477292963 0.28049866429207476 0.2867319679430098 0.28049866429207476
0 0.1611754229741763 0.05520926090828139 0.3089937666963491 0.05520926090828139 0.3089937666963491 0.22261798753339268 0.1611754229741763 0.22261798753339268
0 0.4300979519145148 0.0 0.583259127337489 0.0 0.583259127337489 0.1246660730186999 0.4300979519145148 0.1246660730186999
0 0.5138023152270703 0.2778272484416741 0.6527159394479074 0.2778272484416741 0.6527159394479074 0.4256455921638469 0.5138023152270703 0.4256455921638469
0 0.352626892252894 0.23864648263579696 0.5235975066785397 0.23864648263579696 0.5235975066785397 0.43633125556544966 0.352626892252894 0.43633125556544966
0 0.5529830810329476 0.4300979519145147 0.7488869100623331 0.4300979519145147 0.7488869100623331 0.6046304541406946 0.5529830810329476 0.6046304541406946
0 0.1674087266251113 0.41406945681211044 0.3428317008014248 0.41406945681211044 0.3428317008014248 0.597506678539626 0.1674087266251113 0.597506678539626
0 0.2778272484416741 0.5529830810329475 0.4924309884238647 0.5529830810329475 0.4924309884238647 0.7551202137132681 0.2778272484416741 0.7551202137132681
0 0.40694568121104185 0.7141585040071238 0.5966162065894925 0.7141585040071238 0.5966162065894925 0.9127337488869102 0.40694568121104185 0.9127337488869102
0 0.182546749777382 0.722172751558326 0.3882457702582368 0.722172751558326 0.3882457702582368 0.9385574354407836 0.182546749777382 0.9385574354407836
0 0.05253784505788068 0.5894924309884239 0.25823686553873554 0.5894924309884239 0.25823686553873554 0.7898486197684772 0.05253784505788068 0.7898486197684772
0 0.4870881567230632 0.5707925200356189 0.6642920747996438 0.5707925200356189 0.6642920747996438 0.767586821015138 0.4870881567230632 0.767586821015138
0 0.5930543187889582 0.744434550311665 0.7533392698130008 0.744434550311665 0.7533392698130008 0.9100623330365091 0.5930543187889582 0.9100623330365091
0 0.6562778272484404 0.5556544968833479 0.8263579697239526 0.5556544968833479 0.8263579697239526 0.746215494211932 0.6562778272484404 0.746215494211932
0 0.5048975957257347 0.09082813891362422 0.6892252894033838 0.09082813891362422 0.6892252894033838 0.26714158504007124 0.5048975957257347 0.26714158504007124
0 0.020480854853072127 0.2653606411398041 0.2110418521816563 0.2653606411398041 0.2110418521816563 0.44612644701691895 0.020480854853072127 0.44612644701691895
0 2.636779683484747e-18 0.4327693677649154 0.1460373998219056 0.4327693677649154 0.1460373998219056 0.6001780943900267 2.636779683484747e-18 0.6001780943900267
