0 0.5396260017809439 0.5966162065894925 0.7159394479073908 0.5966162065894925 0.7159394479073908 0.753339269813001 0.5396260017809439 0.753339269813001
0 0.3365983971504897 0.7453250222617988 0.5262689225289403 0.7453250222617988 0.5262689225289403 0.931433659839715 0.3365983971504897 0.931433659839715
0 0.20480854853072128 0.7622439893143366 0.37132680320569905 0.7622439893143366 0.37132680320569905 0.9269813000890471 0.20480854853072128 0.9269813000890471
0 0.07390917186108638 0.7934105075690115 0.21905609973285842 0.7934105075690115 0.21905609973285842 0.9287622439893144 0.07390917186108638 0.9287622439893144
0 0.16473731077471063 0.6758682101513801 0.3045414069456812 0.6758682101513801 0.3045414069456812 0.8076580587711487 0.16473731077471063 0.8076580587711487
0 0.26179875333926983 0.5031166518254675 0.4158504007123775 0.5031166518254675 0.4158504007123775 0.655387355298308 0.26179875333926983 0.655387355298308
0 0.4781834372217274 0.48797862867319686 0.6322350845948351 0.48797862867319686 0.6322350845948351 0.6393588601959038 0.4781834372217274 0.6393588601959038
0 0.6821015138023152 0.4550311665182547 0.8352626892252892 0.4550311665182547 0.8352626892252892 0.5966162065894925 0.6821015138023152 0.5966162065894925
0 0.8584149599287624 0.5583259127337489 0.9875333926981301 0.5583259127337489 0.9875333926981301 0.6892252894033838 0.8584149599287624 0.6892252894033838
0 0.8112199465716831 0.653606411398041 1.0 0.653606411398041 1.0 0.8281389136242209 0.8112199465716831 0.8281389136242209
0 0.5396260017809439 0.7337488869100623 0.711487088156723 0.7337488869100623 0.711487088156723 0.9020480854853072 0.5396260017809439 0.9020480854853072
0 0.40961709706144256 0.6001780943900267 0.5592163846838825 0.6001780943900267 0.5592163846838825 0.767586821015138 0.40961709706144256 0.767586821015138
0 0.47462154942119317 0.3446126447016919 0.6215494211932324 0.3446126447016919 0.6215494211932324 0.4888691006233304 0.47462154942119317 0.4888691006233304
0 0.3793410507569012 0.27070347284060553 0.5173642030276048 0.27070347284060553 0.5173642030276048 0.4113980409617097 0.3793410507569012 0.4113980409617097
0 0.2466607301869991 0.27515583259127335 0.37845057880676763 0.27515583259127335 0.37845057880676763 0.39982190560997327 0.2466607301869991 0.39982190560997327
0 0.09260908281389138 0.11576135351736419 0.23775601068566338 0.11576135351736419 0.23775601068566338 0.25022261798753337 0.09260908281389138 0.25022261798753337
0 0.23775601068566346 0.16651825467497777 0.3552983081032948 0.16651825467497777 0.3552983081032948 0.2831700801424755 0.23775601068566346 0.2831700801424755
0 0.4755120213713269 0.11487088156723063 0.6073018699910955 0.11487088156723063 0.6073018699910955 0.23152270703472838 0.4755120213713269 0.23152270703472838
0 0.815672306322351 0.14870881567230632 0.9617097061442564 0.14870881567230632 0.9617097061442564 0.2813891362422084 0.815672306322351 0.2813891362422084
0 0.6447016918967052 0.26625111308993765 0.7747105966162066 0.26625111308993765 0.7747105966162066 0.4016028495102404 0.6447016918967052 0.4016028495102404
0 0.5111308993766697 0.2341941228851291 0.6500445235975068 0.2341941228851291 0.6500445235975068 0.3739982190560997 0.5111308993766697 0.3739982190560997
0 0.8432769367764913 0.3490650044523598 0.9973285841495992 0.3490650044523598 0.9973285841495992 0.47016918967052534 0.8432769367764913 0.47016918967052534
0 0.09795191451469279 0.44612644701691884 0.2493321460373998 0.44612644701691884 0.2493321460373998 0.5823686553873553 0.09795191451469279 0.5823686553873553
0 0.1896705253784506 0.37132680320569894 0.3597506678539626 0.37132680320569894 0.3597506678539626 0.5191451469278717 0.1896705253784506 0.5191451469278717
0 0.3633125556544969 0.4024933214603739 0.49777382012466614 0.4024933214603739 0.49777382012466614 0.5325022261798753 0.3633125556544969 0.5325022261798753
0 0.6001780943900267 0.377560106856634 0.7070347284060551 0.377560106856634 0.7070347284060551 0.49599287622439886 0.6001780943900267 0.49599287622439886
0 0.7123775601068565 0.35529830810329477 0.8388245770258236 0.35529830810329477 0.8388245770258236 0.48619768477292974 0.7123775601068565 0.48619768477292974
