5 0.29118432769367764 0.19946571682991987 0.5903829029385576 0.19946571682991987 0.5903829029385576 0.3695458593054319 0.29118432769367764 0.3695458593054319
5 0.26357969723953695 0.3490650044523597 0.5022261798753339 0.3490650044523597 0.5022261798753339 0.5235975066785398 0.26357969723953695 0.5235975066785398
5 0.674087266251113 0.3374888691006233 0.9002671415850402 0.3374888691006233 0.9002671415850402 0.4968833481745325 0.674087266251113 0.4968833481745325
5 0.5841495992876224 0.21282279608192345 0.7444345503116652 0.21282279608192345 0.7444345503116652 0.4256455921638469 0.5841495992876224 0.4256455921638469
5 0.464826357969724 0.42653606411398043 0.6331255565449688 0.42653606411398043 0.6331255565449688 0.6349065004452361 0.464826357969724 0.6349065004452361
5 0.5930543187889582 0.47016918967052546 0.8227960819234196 0.47016918967052546 0.8227960819234196 0.6464826357969724 0.5930543187889582 0.6464826357969724
5 0.2671415850400713 0.5048975957257347 0.4746215494211933 0.5048975957257347 0.4746215494211933 0.6918967052537845 0.2671415850400713 0.6918967052537845
5 0.19056099732858414 0.6518254674977739 0.38913624220837034 0.6518254674977739 0.38913624220837034 0.8317008014247552 0.19056099732858414 0.8317008014247552
5 0.655387355298308 0.6197684772929652 0.8201246660730187 0.6197684772929652 0.8201246660730187 0.8005342831700801 0.655387355298308 0.8005342831700801
5 0.43455031166518254 0.7284060552092609 0.7061442564559216 0.7284060552092609 0.7061442564559216 0.9278717720391807 0.43455031166518254 0.9278717720391807
5 0.7230632235084596 0.7577916295636687 0.8958147818343724 0.7577916295636687 0.8958147818343724 0.9225289403383794 0.7230632235084596 0.9225289403383794
5 0.8414959928762243 0.5841495992876224 0.9999999999999999 0.5841495992876224 0.9999999999999999 0.7711487088156723 0.8414959928762243 0.7711487088156723
5 0.7773820124666073 0.4211932324131789 0.9795191451469278 0.4211932324131789 0.9795191451469278 0.6170970614425645 0.7773820124666073 0.6170970614425645
5 0.7845057880676759 0.25734639358860195 0.9581478183437222 0.25734639358860195 0.9581478183437222 0.4238646482635797 0.7845057880676759 0.4238646482635797
5 0.7141585040071238 0.11932324131789848 0.8762243989314337 0.11932324131789848 0.8762243989314337 0.31255565449688333 0.7141585040071238 0.31255565449688333
5 0.4300979519145147 0.008014247551202136 0.6402493321460373 0.008014247551202136 0.6402493321460373 0.18432769367764915 0.4300979519145147 0.18432769367764915
5 0.048975957257346395 0.39269813000890474 0.2119323241317899 0.39269813000890474 0.2119323241317899 0.5707925200356189 0.048975957257346395 0.5707925200356189
5 0.21015138023152272 0.3802315227070348 0.3419412288512912 0.3802315227070348 0.3419412288512912 0.5271593944790739 0.21015138023152272 0.5271593944790739
5 0.15672306322350846 0.5111308993766697 0.3107747105966162 0.5111308993766697 0.3107747105966162 0.6625111308993766 0.15672306322350846 0.6625111308993766
