6 0.37399821905609976 0.6749777382012466 0.43455031166518254 0.6749777382012466 0.43455031166518254 0.7355298308103294 0.37399821905609976 0.7355298308103294
6 0.41941228851291185 0.6001780943900267 0.4657168299198575 0.6001780943900267 0.4657168299198575 0.6482635796972396 0.41941228851291185 0.6482635796972396
6 0.4639358860195904 0.5440783615316117 0.5253784505788067 0.5440783615316117 0.5253784505788067 0.6001780943900267 0.4639358860195904 0.6001780943900267
6 0.4514692787177204 0.6856634016028496 0.5182546749777381 0.6856634016028496 0.5182546749777381 0.7435440783615317 0.4514692787177204 0.7435440783615317
6 0.5458593054318789 0.6954585930543188 0.616206589492431 0.6954585930543188 0.616206589492431 0.7524487978628673 0.5458593054318789 0.7524487978628673
6 0.4728406055209261 0.7907390917186109 0.5512021371326803 0.7907390917186109 0.5512021371326803 0.8628673196794301 0.4728406055209261 0.8628673196794301
6 0.3490650044523598 0.889581478183437 0.4300979519145147 0.889581478183437 0.4300979519145147 0.9768477292965271 0.3490650044523598 0.9768477292965271
6 0.2653606411398041 0.8174532502226179 0.3410507569011576 0.8174532502226179 0.3410507569011576 0.8851291184327692 0.2653606411398041 0.8851291184327692
6 0.28138913624220835 0.6829919857524487 0.34995547640249336 0.6829919857524487 0.34995547640249336 0.7586821015138023 0.28138913624220835 0.7586821015138023
6 0.33036509349955473 0.7417631344612645 0.3989314336598397 0.7417631344612645 0.3989314336598397 0.8130008904719501 0.33036509349955473 0.8130008904719501
6 0.3935886019590383 0.7711487088156723 0.4683882457702582 0.7711487088156723 0.4683882457702582 0.8512911843276938 0.3935886019590383 0.8512911843276938
6 0.31255565449688333 0.6090828138913624 0.37934105075690117 0.6090828138913624 0.37934105075690117 0.6696349065004452 0.31255565449688333 0.6696349065004452
6 0.365093499554764 0.5449688334817454 0.43989314336598395 0.5449688334817454 0.43989314336598395 0.6099732858414961 0.365093499554764 0.6099732858414961
6 0.5761353517364203 0.5832591273374889 0.6277827248441674 0.5832591273374889 0.6277827248441674 0.6455921638468388 0.5761353517364203 0.6455921638468388
6 0.553873552983081 0.43098842386464825 0.6064113980409617 0.43098842386464825 0.6064113980409617 0.4888691006233304 0.553873552983081 0.4888691006233304
6 0.5209260908281389 0.5200356188780053 0.5761353517364203 0.5200356188780053 0.5761353517364203 0.578806767586821 0.5209260908281389 0.578806767586821
6 0.4354407836153161 0.5031166518254675 0.4897595725734639 0.5031166518254675 0.4897595725734639 0.5529830810329475 0.4354407836153161 0.5529830810329475
6 0.4692787177203918 0.4612644701691896 0.5146927871772039 0.4612644701691896 0.5146927871772039 0.5057880676758683 0.4692787177203918 0.5057880676758683
6 0.41495992876224397 0.4514692787177204 0.46660730186999105 0.4514692787177204 0.46660730186999105 0.5013357079252003 0.41495992876224397 0.5013357079252003
6 0.33125556544968776 0.4906500445235978 0.38379341050756904 0.4906500445235978 0.38379341050756904 0.5405164737310774 0.33125556544968776 0.5405164737310774
6 0.5066785396260017 0.5903829029385574 0.5538735529830809 0.5903829029385574 0.5538735529830809 0.6500445235975065 0.5066785396260017 0.6500445235975065
6 0.45770258236865546 0.6331255565449688 0.5191451469278718 0.6331255565449688 0.5191451469278718 0.6812110418521816 0.45770258236865546 0.6812110418521816
6 0.5681211041852182 0.653606411398041 0.6153161175422974 0.653606411398041 0.6153161175422974 0.6892252894033838 0.5681211041852182 0.6892252894033838
6 0.4719501335707925 0.7524487978628673 0.5191451469278717 0.7524487978628673 0.5191451469278717 0.7880676758682101 0.4719501335707925 0.7880676758682101
6 0.553873552983081 0.8512911843276936 0.622439893143366 0.8512911843276936 0.622439893143366 0.9136242208370435 0.553873552983081 0.9136242208370435
5 0.5440783615316117 0.7586821015138024 0.6313446126447017 0.7586821015138024 0.6313446126447017 0.8486197684772929 0.5440783615316117 0.8486197684772929
9 0.018699910952804988 0.5520926090828139 0.10952804986642921 0.5520926090828139 0.10952804986642921 0.6304541406945681 0.018699910952804988 0.6304541406945681
9 0.13268032056990206 0.5983971504897596 0.22707034728406056 0.5983971504897596 0.22707034728406056 0.678539626001781 0.13268032056990206 0.678539626001781
9 0.19679430097951914 0.7132680320569902 0.27337488869100623 0.7132680320569902 0.27337488869100623 0.7827248441674086 0.19679430097951914 0.7827248441674086
9 0.16651825467497777 0.7684772929652717 0.2555654496883349 0.7684772929652717 0.2555654496883349 0.8655387355298308 0.16651825467497777 0.8655387355298308
9 0.11576135351736416 0.8441674087266255 0.219946571682992 0.8441674087266255 0.219946571682992 0.9599287622439893 0.11576135351736416 0.9599287622439893
9 0.06411398040961709 0.7836153161175423 0.1620658949243099 0.7836153161175423 0.1620658949243099 0.8788958147818343 0.06411398040961709 0.8788958147818343
9 0.09260908281389138 0.6714158504007124 0.18967052537845058 0.6714158504007124 0.18967052537845058 0.757791629563669 0.09260908281389138 0.757791629563669
9 0.2341941228851291 0.4603739982190561 0.3152270703472841 0.4603739982190561 0.3152270703472841 0.5414069456812112 0.2341941228851291 0.5414069456812112
9 0.19145146927871776 0.4203027604630455 0.2671415850400713 0.4203027604630455 0.2671415850400713 0.48619768477292963 0.19145146927871776 0.48619768477292963
9 0.12199465716829921 0.45859305431878894 0.2021371326803206 0.45859305431878894 0.2021371326803206 0.5280498664292075 0.12199465716829921 0.5280498664292075
9 0.03561887800534283 0.4354407836153162 0.12911843276936774 0.4354407836153162 0.12911843276936774 0.5155832591273375 0.03561887800534283 0.5155832591273375
9 0.037399821905609976 0.6126447016918967 0.13624220837043632 0.6126447016918967 0.13624220837043632 0.7043633125556544 0.037399821905609976 0.7043633125556544
5 0.6794300979519146 0.6028495102404274 0.7560106856634018 0.6028495102404274 0.7560106856634018 0.6723063223508461 0.6794300979519146 0.6723063223508461
5 0.6901157613535173 0.5111308993766697 0.7533392698130007 0.5111308993766697 0.7533392698130007 0.5832591273374889 0.6901157613535173 0.5832591273374889
5 0.7907390917186109 0.7159394479073911 0.8682101513802315 0.7159394479073911 0.8682101513802315 0.8040961709706145 0.7907390917186109 0.8040961709706145
5 0.7016918967052539 0.7105966162065895 0.7836153161175423 0.7105966162065895 0.7836153161175423 0.7960819234194124 0.7016918967052539 0.7960819234194124
5 0.6349065004452359 0.6696349065004453 0.7123775601068566 0.6696349065004453 0.7123775601068566 0.7444345503116652 0.6349065004452359 0.7444345503116652
5 0.7257346393588603 0.7747105966162066 0.8023152270703474 0.7747105966162066 0.8023152270703474 0.8646482635796972 0.7257346393588603 0.8646482635796972
5 0.8032056990204808 0.8334817453250223 0.8744434550311666 0.8334817453250223 0.8744434550311666 0.9474621549421194 0.8032056990204808 0.9474621549421194
5 0.7871772039180766 0.5939447907390917 0.8708815672306321 0.5939447907390917 0.8708815672306321 0.6625111308993766 0.7871772039180766 0.6625111308993766
5 0.7488869100623333 0.6304541406945681 0.8174532502226183 0.6304541406945681 0.8174532502226183 0.7168299198575245 0.7488869100623333 0.7168299198575245
5 0.9180765805877116 0.6838824577025824 0.9910952804986644 0.6838824577025824 0.9910952804986644 0.77560106856634 0.9180765805877116 0.77560106856634
5 0.8646482635796974 0.7186108637577917 0.9243098842386465 0.7186108637577917 0.9243098842386465 0.8076580587711488 0.8646482635796974 0.8076580587711488
5 0.8975957257346393 0.7853962600178095 0.9857524487978628 0.7853962600178095 0.9857524487978628 0.8708815672306321 0.8975957257346393 0.8708815672306321
5 0.6375779162956366 0.8931433659839714 0.7479964381121995 0.8931433659839714 0.7479964381121995 0.9893143365983971 0.6375779162956366 0.9893143365983971
5 0.7907390917186109 0.5235975066785397 0.8833481745325023 0.5235975066785397 0.8833481745325023 0.6001780943900267 0.7907390917186109 0.6001780943900267
5 0.83793410507569 0.4479073909171861 0.906500445235975 0.4479073909171861 0.906500445235975 0.5325022261798754 0.83793410507569 0.5325022261798754
6 0.44523597506678536 0.25556544968833483 0.4888691006233303 0.25556544968833483 0.4888691006233303 0.30008904719501334 0.44523597506678536 0.30008904719501334
6 0.4470169189670526 0.3348174532502226 0.48797862867319686 0.3348174532502226 0.48797862867319686 0.3757791629563669 0.4470169189670526 0.3757791629563669
6 0.5467497773820125 0.19234194122885126 0.591273374888691 0.19234194122885126 0.591273374888691 0.24220837043633123 0.5467497773820125 0.24220837043633123
6 0.5396260017809439 0.3829029385574355 0.5886019590382902 0.3829029385574355 0.5886019590382902 0.42831700801424755 0.5396260017809439 0.42831700801424755
