9 0.4113980409617098 0.4211932324131789 0.6375779162956366 0.4211932324131789 0.6375779162956366 0.6464826357969723 0.4113980409617098 0.6464826357969723
9 0.6687444345503117 0.22885129118432773 0.9171861086375779 0.22885129118432773 0.9171861086375779 0.4390026714158505 0.6687444345503117 0.4390026714158505
9 0.15850400712377563 0.2769367764915405 0.3490650044523597 0.2769367764915405 0.3490650044523597 0.4657168299198575 0.15850400712377563 0.4657168299198575
9 0.0365093499554764 0.6188780053428317 0.2831700801424755 0.6188780053428317 0.2831700801424755 0.8566340160284949 0.0365093499554764 0.8566340160284949
9 0.3009795191451469 0.5779162956366874 0.49154051647373104 0.5779162956366874 0.49154051647373104 0.7747105966162066 0.3009795191451469 0.7747105966162066
9 0.6393588601959038 0.6170970614425646 0.8788958147818343 0.6170970614425646 0.8788958147818343 0.8388245770258237 0.6393588601959038 0.8388245770258237
9 0.47373107747105964 0.24309884238646481 0.6544968833481746 0.24309884238646481 0.6544968833481746 0.41495992876224397 0.47373107747105964 0.41495992876224397
9 0.3018699910952805 0.07212822796081923 0.47996438112199463 0.07212822796081923 0.47996438112199463 0.2235084594835263 0.3018699910952805 0.2235084594835263
9 0.3285841495992876 0.24577025823686555 0.4870881567230632 0.24577025823686555 0.4870881567230632 0.3980409617097062 0.3285841495992876 0.3980409617097062
9 0.28227960819234194 0.4594835262689225 0.4300979519145147 0.4594835262689225 0.4300979519145147 0.6001780943900267 0.28227960819234194 0.6001780943900267
9 0.6179875333926982 0.4434550311665182 0.7987533392698132 0.4434550311665182 0.7987533392698132 0.6313446126447017 0.6179875333926982 0.6313446126447017
9 0.4959928762243988 0.6357969723953696 0.6518254674977737 0.6357969723953696 0.6518254674977737 0.77560106856634 0.4959928762243988 0.77560106856634
9 0.3802315227070348 0.7960819234194124 0.6010685663401604 0.7960819234194124 0.6010685663401604 0.9937666963490651 0.3802315227070348 0.9937666963490651
