14 0.3624220837043633 0.24309884238646481 0.5877114870881567 0.24309884238646481 0.5877114870881567 0.4746215494211933 0.3624220837043633 0.4746215494211933
14 0.5075690115761353 0.11308993766696349 0.7186108637577916 0.11308993766696349 0.7186108637577916 0.302760463045414 0.5075690115761353 0.302760463045414
14 0.30008904719501334 0.08459483526268922 0.5120213713268031 0.08459483526268922 0.5120213713268031 0.28138913624220835 0.30008904719501334 0.28138913624220835
14 0.07390917186108638 0.0917186108637578 0.28138913624220835 0.0917186108637578 0.28138913624220835 0.2653606411398041 0.07390917186108638 0.2653606411398041
14 0.7782724844167409 0.0 0.9590382902938558 0.0 0.9590382902938558 0.1611754229741763 0.7782724844167409 0.1611754229741763
14 0.7186108637577914 0.13000890471950133 0.881567230632235 0.13000890471950133 0.881567230632235 0.31077471059661615 0.7186108637577914 0.31077471059661615
14 0.6170970614425646 0.27248441674087265 0.8299198575244879 0.27248441674087265 0.8299198575244879 0.47818343722172746 0.6170970614425646 0.47818343722172746
14 0.8138913624220838 0.2902938557435443 0.9999999999999999 0.2902938557435443 0.9999999999999999 0.4853072128227965 0.8138913624220838 0.4853072128227965
14 0.8486197684772928 0.12733748886910048 0.9999999999999987 0.12733748886910048 0.9999999999999987 0.2876224398931432 0.8486197684772928 0.2876224398931432
14 0.6838824577025823 0.44345503116651813 0.9688334817453249 0.44345503116651813 0.9688334817453249 0.7221727515583258 0.6838824577025823 0.7221727515583258
14 0.4933214603739982 0.433659839715049 0.7319679430097952 0.433659839715049 0.7319679430097952 0.6892252894033838 0.4933214603739982 0.6892252894033838
14 0.25467497773820125 0.5431878895814782 0.5449688334817453 0.5431878895814782 0.5449688334817453 0.8450578806767588 0.25467497773820125 0.8450578806767588
14 0.13980409617097062 0.24844167408726625 0.37934105075690117 0.24844167408726625 0.37934105075690117 0.4639358860195904 0.13980409617097062 0.4639358860195904
14 1.3322676295501878e-17 0.17987533392698132 0.19768477292965272 0.17987533392698132 0.19768477292965272 0.42030276046304543 1.3322676295501878e-17 0.42030276046304543
14 -2.220446049250313e-18 0.36954585930543193 0.2974176313446126 0.36954585930543193 0.2974176313446126 0.6918967052537844 -2.220446049250313e-18 0.6918967052537844
14 0.5004452359750667 0.653606411398041 0.8138913624220837 0.653606411398041 0.8138913624220837 0.9394479073909171 0.5004452359750667 0.9394479073909171
14 0.8308103294746209 0.6491540516473718 0.9999999999999987 0.6491540516473718 0.9999999999999987 0.9581478183437222 0.8308103294746209 0.9581478183437222
