7 0.585040071237756 0.375779162956367 0.8138913624220837 0.375779162956367 0.8138913624220837 0.6687444345503117 0.585040071237756 0.6687444345503117
7 0.20302760463045416 0.5146927871772039 0.44256455921638466 0.5146927871772039 0.44256455921638466 0.753339269813001 0.20302760463045416 0.753339269813001
7 0.7426536064113982 0.6794300979519146 1.0 0.6794300979519146 1.0 0.9109528049866431 0.7426536064113982 0.9109528049866431
7 0.31967943009795197 0.06144256455921639 0.5271593944790739 0.06144256455921639 0.5271593944790739 0.29029385574354405 0.31967943009795197 0.29029385574354405
7 0.1878895814781835 0.31522707034728403 0.4256455921638469 0.31522707034728403 0.4256455921638469 0.5458593054318789 0.1878895814781835 0.5458593054318789
7 0.6509349955476402 0.23508459483526273 0.8780053428317007 0.23508459483526273 0.8780053428317007 0.4550311665182547 0.6509349955476402 0.4550311665182547
7 0.5218165627782725 0.0819234194122885 0.7729296527159393 0.0819234194122885 0.7729296527159393 0.31166518254674985 0.5218165627782725 0.31166518254674985
7 0.4372217275155833 0.21994657168299198 0.6162065894924309 0.21994657168299198 0.6162065894924309 0.4274265360641139 0.4372217275155833 0.4274265360641139
7 0.49421193232413174 0.5316117542297417 0.7310774710596616 0.5316117542297417 0.7310774710596616 0.7560106856634015 0.49421193232413174 0.7560106856634015
7 0.46304541406945693 0.7319679430097952 0.6821015138023154 0.7319679430097952 0.6821015138023154 0.9474621549421193 0.46304541406945693 0.9474621549421193
