12 0.22617987533392703 0.6669634906500446 0.4078361531611754 0.6669634906500446 0.4078361531611754 0.8272484416740874 0.22617987533392703 0.8272484416740874
12 0.42475512021371314 0.7025823686553874 0.5369545859305431 0.7025823686553874 0.5369545859305431 0.8138913624220837 0.42475512021371314 0.8138913624220837
12 0.2831700801424755 0.5761353517364203 0.414959928762244 0.5761353517364203 0.414959928762244 0.6918967052537844 0.2831700801424755 0.6918967052537844
12 0.18699910952804988 0.5467497773820125 0.3054318788958148 0.5467497773820125 0.3054318788958148 0.6589492430988425 0.18699910952804988 0.6589492430988425
12 0.41317898486197685 0.4906500445235975 0.5289403383793411 0.4906500445235975 0.5289403383793411 0.6073018699910953 0.41317898486197685 0.6073018699910953
12 0.5298308103294747 0.5111308993766697 0.6429207479964383 0.5111308993766697 0.6429207479964383 0.6295636687444346 0.5298308103294747 0.6295636687444346
12 0.47373107747105964 0.5983971504897596 0.5805877114870881 0.5983971504897596 0.5805877114870881 0.709706144256456 0.47373107747105964 0.709706144256456
12 0.6776491540516474 0.6447016918967052 0.780053428317008 0.6447016918967052 0.780053428317008 0.756901157613535 0.6776491540516474 0.756901157613535
12 0.5877114870881567 0.6188780053428317 0.6856634016028496 0.6188780053428317 0.6856634016028496 0.7195013357079252 0.5877114870881567 0.7195013357079252
12 0.6384683882457702 0.40961709706144256 0.7782724844167409 0.40961709706144256 0.7782724844167409 0.5369545859305432 0.6384683882457702 0.5369545859305432
12 0.6331255565449688 0.5146927871772039 0.7488869100623331 0.5146927871772039 0.7488869100623331 0.6260017809439002 0.6331255565449688 0.6260017809439002
12 0.5022261798753339 0.41941228851291185 0.6215494211932324 0.41941228851291185 0.6215494211932324 0.5369545859305432 0.5022261798753339 0.5369545859305432
12 0.38913624220837045 0.4024933214603739 0.508459483526269 0.4024933214603739 0.508459483526269 0.5084594835262689 0.38913624220837045 0.5084594835262689
12 0.2858414959928762 0.4176313446126447 0.38468388245770263 0.4176313446126447 0.38468388245770263 0.5262689225289403 0.2858414959928762 0.5262689225289403
12 0.390026714158504 0.28762243989314334 0.5031166518254675 0.28762243989314334 0.5031166518254675 0.40071237756010686 0.390026714158504 0.40071237756010686
12 0.23152270703472838 0.17898486197684776 0.35529830810329477 0.17898486197684776 0.35529830810329477 0.2929652715939448 0.23152270703472838 0.2929652715939448
12 0.28138913624220835 0.3018699910952805 0.39982190560997327 0.3018699910952805 0.39982190560997327 0.4220837043633125 0.28138913624220835 0.4220837043633125
12 0.5191451469278717 0.1967943009795191 0.6393588601959036 0.1967943009795191 0.6393588601959036 0.31789848619768474 0.5191451469278717 0.31789848619768474
12 0.5645592163846839 0.3268032056990205 0.678539626001781 0.3268032056990205 0.678539626001781 0.4390026714158505 0.5645592163846839 0.4390026714158505
12 0.7266251113089938 0.34639358860195896 0.8512911843276938 0.34639358860195896 0.8512911843276938 0.4594835262689224 0.7266251113089938 0.4594835262689224
12 0.7417631344612645 0.2475512021371327 0.8521816562778273 0.2475512021371327 0.8521816562778273 0.36509349955476406 0.7417631344612645 0.36509349955476406
12 0.8397150489759572 0.45592163846838824 0.9341050756901157 0.45592163846838824 0.9341050756901157 0.5592163846838825 0.8397150489759572 0.5592163846838825
12 0.8735529830810328 0.340160284951024 0.9830810329474622 0.340160284951024 0.9830810329474622 0.4505788067675868 0.8735529830810328 0.4505788067675868
12 0.7310774710596616 0.4550311665182547 0.8423864648263579 0.4550311665182547 0.8423864648263579 0.5716829919857525 0.7310774710596616 0.5716829919857525
12 0.7132680320569902 0.558325912733749 0.8343722172751559 0.558325912733749 0.8343722172751559 0.6544968833481746 0.7132680320569902 0.6544968833481746
12 0.8308103294746216 0.5547640249332146 0.9349955476402494 0.5547640249332146 0.9349955476402494 0.6455921638468389 0.8308103294746216 0.6455921638468389
12 0.9225289403383792 0.42742653606411446 0.9999999999999992 0.42742653606411446 0.9999999999999992 0.5422974176313453 0.9225289403383792 0.5422974176313453
12 0.8076580587711487 0.6500445235975065 0.9198575244879788 0.6500445235975065 0.9198575244879788 0.7622439893143366 0.8076580587711487 0.7622439893143366
12 0.9145146927871772 0.6260017809439001 1.0 0.6260017809439001 1.0 0.7426536064113979 0.9145146927871772 0.7426536064113979
12 0.7764915405164738 0.740872662511131 0.8958147818343724 0.740872662511131 0.8958147818343724 0.8468388245770259 0.7764915405164738 0.8468388245770259
