9 0.5289403383793411 0.5983971504897597 0.6696349065004453 0.5983971504897597 0.6696349065004453 0.7195013357079252 0.5289403383793411 0.7195013357079252
9 0.27871772039180764 0.7195013357079251 0.4203027604630453 0.7195013357079251 0.4203027604630453 0.8450578806767586 0.27871772039180764 0.8450578806767586
9 0.2983081032947462 0.655387355298308 0.4122885129118432 0.655387355298308 0.4122885129118432 0.7444345503116652 0.2983081032947462 0.7444345503116652
9 0.37488869100623323 0.7649154051647373 0.5209260908281388 0.7649154051647373 0.5209260908281388 0.9127337488869102 0.37488869100623323 0.9127337488869102
9 0.6812110418521816 0.6518254674977739 0.7898486197684772 0.6518254674977739 0.7898486197684772 0.7613535173642031 0.6812110418521816 0.7613535173642031
9 0.5004452359750667 0.765805877114871 0.6153161175422974 0.765805877114871 0.6153161175422974 0.8726625111308997 0.5004452359750667 0.8726625111308997
9 0.642920747996438 0.8138913624220837 0.7987533392698127 0.8138913624220837 0.7987533392698127 0.9492430988423866 0.642920747996438 0.9492430988423866
9 0.5262689225289403 0.8468388245770256 0.6669634906500445 0.8468388245770256 0.6669634906500445 0.9910952804986641 0.5262689225289403 0.9910952804986641
9 0.3009795191451469 0.8993766696349065 0.43455031166518254 0.8993766696349065 0.43455031166518254 1.0 0.3009795191451469 1.0
9 0.05877114870881568 0.6945681211041852 0.1674087266251113 0.6945681211041852 0.1674087266251113 0.7747105966162066 0.05877114870881568 0.7747105966162066
9 0.10329474621549421 0.7533392698130008 0.19946571682991987 0.7533392698130008 0.19946571682991987 0.8521816562778273 0.10329474621549421 0.8521816562778273
9 0.017809439002671415 0.8388245770258237 0.1460373998219056 0.8388245770258237 0.1460373998219056 0.9563668744434551 0.017809439002671415 0.9563668744434551
9 0.5200356188780053 0.2680320569902048 0.6366874443455031 0.2680320569902048 0.6366874443455031 0.3552983081032948 0.5200356188780053 0.3552983081032948
9 0.6402493321460373 0.3027604630454141 0.7462154942119323 0.3027604630454141 0.7462154942119323 0.39091718610863757 0.6402493321460373 0.39091718610863757
9 0.3962600178094389 0.28495102404274264 0.5004452359750667 0.28495102404274264 0.5004452359750667 0.3731077471059662 0.3962600178094389 0.3731077471059662
9 0.4024933214603739 0.170080142475512 0.5316117542297417 0.170080142475512 0.5316117542297417 0.27960819234194123 0.4024933214603739 0.27960819234194123
9 0.5120213713268033 0.16295636687444348 0.6099732858414959 0.16295636687444348 0.6099732858414959 0.25823686553873554 0.5120213713268033 0.25823686553873554
9 0.5503116651825467 0.12733748886910062 0.6438112199465715 0.12733748886910062 0.6438112199465715 0.2021371326803206 0.5503116651825467 0.2021371326803206
9 0.4550311665182546 0.09884238646482636 0.5467497773820125 0.09884238646482636 0.5467497773820125 0.17542297417631345 0.4550311665182546 0.17542297417631345
9 0.3829029385574355 0.1433659839715049 0.475512021371327 0.1433659839715049 0.475512021371327 0.2208370436331256 0.3829029385574355 0.2208370436331256
9 0.39715048975957257 0.05431878895814782 0.4657168299198575 0.05431878895814782 0.4657168299198575 0.11487088156723063 0.39715048975957257 0.11487088156723063
9 0.09973285841495994 0.2769367764915405 0.1861086375779163 0.2769367764915405 0.1861086375779163 0.35351736420302754 0.09973285841495994 0.35351736420302754
9 0.07479964381121995 0.365093499554764 0.16651825467497774 0.365093499554764 0.16651825467497774 0.4434550311665182 0.07479964381121995 0.4434550311665182
9 0.0 0.35440783615316124 0.0854853072128228 0.35440783615316124 0.0854853072128228 0.45235975066785394 0.0 0.45235975066785394
9 0.03561887800534283 0.3134461264470169 0.12555654496883348 0.3134461264470169 0.12555654496883348 0.38468388245770263 0.03561887800534283 0.38468388245770263
9 0.0 0.22617987533392697 0.09617097061442563 0.22617987533392697 0.09617097061442563 0.3312555654496883 0.0 0.3312555654496883
9 0.02938557435440784 0.16562778272484416 0.09884238646482636 0.16562778272484416 0.09884238646482636 0.2377560106856634 0.02938557435440784 0.2377560106856634
9 0.4728406055209261 0.678539626001781 0.5618878005342832 0.678539626001781 0.5618878005342832 0.7649154051647373 0.4728406055209261 0.7649154051647373
9 0.39269813000890474 0.7132680320569902 0.4755120213713268 0.7132680320569902 0.4755120213713268 0.8183437221727516 0.39269813000890474 0.8183437221727516
9 0.5734639358860196 0.7061442564559215 0.6918967052537845 0.7061442564559215 0.6918967052537845 0.8165627782724844 0.5734639358860196 0.8165627782724844
9 0.6669634906500446 0.77560106856634 0.7604630454140694 0.77560106856634 0.7604630454140694 0.8664292074799643 0.6669634906500446 0.8664292074799643
9 0.21905609973285842 -2.220446049250313e-18 0.29563668744434546 -2.220446049250313e-18 0.29563668744434546 0.06411398040961709 0.21905609973285842 0.06411398040961709
9 0.2947462154942119 -2.220446049250313e-18 0.36954585930543193 -2.220446049250313e-18 0.36954585930543193 0.06322350845948353 0.2947462154942119 0.06322350845948353
9 0.5218165627782725 2.220446049250313e-18 0.6179875333926981 2.220446049250313e-18 0.6179875333926981 0.08281389136242209 0.5218165627782725 0.08281389136242209
9 0.0365093499554764 0.09706144256455923 0.12644701691896704 0.09706144256455923 0.12644701691896704 0.17631344612644703 0.0365093499554764 0.17631344612644703
9 0.0854853072128228 0.15672306322350849 0.1620658949243099 0.15672306322350849 0.1620658949243099 0.22796081923419415 0.0854853072128228 0.22796081923419415
9 0.11398040961709706 0.21905609973285842 0.19412288512911846 0.21905609973285842 0.19412288512911846 0.29385574354407845 0.11398040961709706 0.29385574354407845
