0 0.5253784505788067 0.11665182546749776 0.7364203027604631 0.11665182546749776 0.7364203027604631 0.3285841495992876 0.5253784505788067 0.3285841495992876
0 0.3348174532502226 0.0730186999109528 0.5422974176313446 0.0730186999109528 0.5422974176313446 0.30008904719501334 0.3348174532502226 0.30008904719501334
0 0.3455031166518255 0.5271593944790739 0.6001780943900267 0.5271593944790739 0.6001780943900267 0.7747105966162066 0.3455031166518255 0.7747105966162066
0 0.0 0.26357969723953695 0.195013357079252 0.26357969723953695 0.195013357079252 0.5057880676758684 0.0 0.5057880676758684
0 0.7791629563668745 0.5111308993766697 1.0 0.5111308993766697 1.0 0.7319679430097952 0.7791629563668745 0.7319679430097952
0 0.5752448797862867 0.5093499554764025 0.8414959928762246 0.5093499554764025 0.8414959928762246 0.7934105075690115 0.5752448797862867 0.7934105075690115
0 0.6447016918967052 0.35084594835262695 0.88780053428317 0.35084594835262695 0.88780053428317 0.5627782724844167 0.6447016918967052 0.5627782724844167
0 0.25645592163846836 0.7471059661620658 0.47996438112199463 0.7471059661620658 0.47996438112199463 0.9723953695458593 0.25645592163846836 0.9723953695458593
0 0.46215494211932323 0.7889581478183436 0.7025823686553874 0.7889581478183436 0.7025823686553874 1.0 0.46215494211932323 1.0
0 0.7079252003561888 0.765805877114871 0.9216384683882458 0.765805877114871 0.9216384683882458 1.0 0.7079252003561888 1.0
0 0.0 0.5654496883348175 0.24577025823686555 0.5654496883348175 0.24577025823686555 0.8138913624220837 0.0 0.8138913624220837
