0 0.40516473731077474 0.3606411398040962 0.560106856634016 0.3606411398040962 0.560106856634016 0.4888691006233304 0.40516473731077474 0.4888691006233304
0 0.6455921638468388 0.5031166518254675 0.7693677649154053 0.5031166518254675 0.7693677649154053 0.634906500445236 0.6455921638468388 0.634906500445236
0 0.38201246660730187 0.8103294746215495 0.5957257346393589 0.8103294746215495 0.5957257346393589 0.993766696349065 0.38201246660730187 0.993766696349065
0 0.0 0.6705253784505788 0.12822796081923418 0.6705253784505788 0.12822796081923418 0.8539626001780942 0.0 0.8539626001780942
0 0.016028495102404273 0.3766696349065004 0.17898486197684774 0.3766696349065004 0.17898486197684774 0.5200356188780053 0.016028495102404273 0.5200356188780053
0 0.1620658949243099 0.49243098842386457 0.31789848619768474 0.49243098842386457 0.31789848619768474 0.6447016918967051 0.1620658949243099 0.6447016918967051
0 0.3009795191451469 0.1745325022261799 0.4434550311665182 0.1745325022261799 0.4434550311665182 0.3170080142475512 0.3009795191451469 0.3170080142475512
0 0.5182546749777382 0.05520926090828139 0.6322350845948354 0.05520926090828139 0.6322350845948354 0.16918967052537845 0.5182546749777382 0.16918967052537845
0 0.6277827248441674 0.27515583259127335 0.7453250222617988 0.27515583259127335 0.7453250222617988 0.40160284951024044 0.6277827248441674 0.40160284951024044
0 0.9305431878895815 0.674087266251113 1.0 0.674087266251113 1.0 0.7987533392698131 0.9305431878895815 0.7987533392698131
0 0.7542297417631346 0.6829919857524487 0.8993766696349066 0.6829919857524487 0.8993766696349066 0.8121104185218164 0.7542297417631346 0.8121104185218164
0 0.45592163846838824 0.603739982190561 0.641139804096171 0.603739982190561 0.641139804096171 0.7747105966162066 0.45592163846838824 0.7747105966162066
0 0.26090828138913624 0.4211932324131789 0.3766696349065004 0.4211932324131789 0.3766696349065004 0.5333926981300089 0.26090828138913624 0.5333926981300089
0 0.3205699020480855 0.578806767586821 0.47284060552092616 0.578806767586821 0.47284060552092616 0.7346393588601959 0.3205699020480855 0.7346393588601959
0 0.19768477292965272 0.678539626001781 0.3633125556544969 0.678539626001781 0.3633125556544969 0.831700801424755 0.19768477292965272 0.831700801424755
0 0.7150489759572574 0.8130008904719501 0.8949243098842387 0.8130008904719501 0.8949243098842387 0.9777382012466608 0.7150489759572574 0.9777382012466608
0 0.5191451469278717 0.21549421193232413 0.641139804096171 0.21549421193232413 0.641139804096171 0.32591273374888696 0.5191451469278717 0.32591273374888696
0 0.7479964381121995 0.45235975066785394 0.873552983081033 0.45235975066785394 0.873552983081033 0.5832591273374887 0.7479964381121995 0.5832591273374887
0 0.43098842386464825 0.45859305431878894 0.564559216384684 0.45859305431878894 0.564559216384684 0.597506678539626 0.43098842386464825 0.597506678539626
0 0.13891362422083706 0.26357969723953695 0.28762243989314334 0.26357969723953695 0.28762243989314334 0.38557435440783616 0.13891362422083706 0.38557435440783616
0 0.3018699910952805 0.3107747105966162 0.43633125556544966 0.3107747105966162 0.43633125556544966 0.4407836153161175 0.3018699910952805 0.4407836153161175
