0 0.28673196794300987 0.4292074799643812 0.5129118432769368 0.4292074799643812 0.5129118432769368 0.6553873552983082 0.28673196794300987 0.6553873552983082
0 0.6144256455921638 0.26090828138913624 0.8165627782724841 0.26090828138913624 0.8165627782724841 0.46660730186999116 0.6144256455921638 0.46660730186999116
0 0.6625111308993766 0.48619768477292963 0.8824577025823687 0.48619768477292963 0.8824577025823687 0.7061442564559216 0.6625111308993766 0.7061442564559216
0 0.3374888691006233 0.6776491540516474 0.5494211932324132 0.6776491540516474 0.5494211932324132 0.8975957257346393 0.3374888691006233 0.8975957257346393
0 0.5805877114870882 0.642920747996438 0.7221727515583259 0.642920747996438 0.7221727515583259 0.7996438112199464 0.5805877114870882 0.7996438112199464
0 0.12021371326803205 0.7684772929652717 0.37310774710596617 0.7684772929652717 0.37310774710596617 0.9902048085485308 0.12021371326803205 0.9902048085485308
0 0.4434550311665182 0.8477292965271594 0.6838824577025824 0.8477292965271594 0.6838824577025824 1.0 0.4434550311665182 1.0
0 0.7649154051647373 0.6758682101513803 0.993766696349065 0.6758682101513803 0.993766696349065 0.9430097951914516 0.7649154051647373 0.9430097951914516
0 0.44612644701691884 0.35796972395369553 0.6260017809439 0.35796972395369553 0.6260017809439 0.5627782724844168 0.44612644701691884 0.5627782724844168
0 0.3633125556544969 0.23508459483526273 0.5538735529830809 0.23508459483526273 0.5538735529830809 0.41406945681211044 0.3633125556544969 0.41406945681211044
0 0.0 0.5992876224398932 0.1798753339269813 0.5992876224398932 0.1798753339269813 0.7809439002671416 0.0 0.7809439002671416
0 0.12644701691896706 0.40160284951024044 0.3268032056990205 0.40160284951024044 0.3268032056990205 0.622439893143366 0.12644701691896706 0.622439893143366
