14 0.3419412288512912 0.43098842386464825 0.6580587711487087 0.43098842386464825 0.6580587711487087 0.6999109528049866 0.3419412288512912 0.6999109528049866
14 0.6696349065004452 0.4300979519145147 0.9314336598397152 0.4300979519145147 0.9314336598397152 0.7008014247551202 0.6696349065004452 0.7008014247551202
14 0.77560106856634 0.2858414959928762 0.9670525378450578 0.2858414959928762 0.9670525378450578 0.45770258236865546 0.77560106856634 0.45770258236865546
14 0.5422974176313446 0.25556544968833483 0.7453250222617988 0.25556544968833483 0.7453250222617988 0.4532502226179875 0.5422974176313446 0.4532502226179875
14 0.6251113089937667 0.0819234194122885 0.8299198575244879 0.0819234194122885 0.8299198575244879 0.28762243989314334 0.6251113089937667 0.28762243989314334
14 0.42030276046304543 0.08726625111308994 0.611754229741763 0.08726625111308994 0.611754229741763 0.26803205699020477 0.42030276046304543 0.26803205699020477
14 0.32591273374888696 0.27337488869100623 0.5458593054318789 0.27337488869100623 0.5458593054318789 0.464826357969724 0.32591273374888696 0.464826357969724
14 0.20926090828138913 0.07836153161175423 0.41852181656277826 0.07836153161175423 0.41852181656277826 0.2840605520926091 0.20926090828138913 0.2840605520926091
14 0.05699020480854853 0.24398931433659843 0.2965271593944791 0.24398931433659843 0.2965271593944791 0.4817453250222618 0.05699020480854853 0.4817453250222618
14 0.0 0.557435440783615 0.20391807658058775 0.557435440783615 0.20391807658058775 0.8931433659839708 0.0 0.8931433659839708
14 0.13891362422083706 0.672306322350846 0.4639358860195904 0.672306322350846 0.4639358860195904 0.9590382902938558 0.13891362422083706 0.9590382902938558
14 0.4808548530721282 0.6322350845948352 0.8726625111308993 0.6322350845948352 0.8726625111308993 0.9349955476402494 0.4808548530721282 0.9349955476402494
14 0.1861086375779161 0.45592163846838824 0.3882457702582365 0.45592163846838824 0.3882457702582365 0.6892252894033837 0.1861086375779161 0.6892252894033837
