9 0.4390026714158505 0.4719501335707925 0.7088156723063225 0.4719501335707925 0.7088156723063225 0.711487088156723 0.4390026714158505 0.711487088156723
9 0.39180765805877116 0.11219946571682991 0.641139804096171 0.11219946571682991 0.641139804096171 0.3971504897595726 0.39180765805877116 0.3971504897595726
9 0.0819234194122885 0.49243098842386457 0.3490650044523597 0.49243098842386457 0.3490650044523597 0.7301869991095281 0.0819234194122885 0.7301869991095281
9 0.1522707034728406 0.3303650934995548 0.3606411398040961 0.3303650934995548 0.3606411398040961 0.5227070347284061 0.1522707034728406 0.5227070347284061
9 0.0 0.09082813891362422 0.20837043633125557 0.09082813891362422 0.20837043633125557 0.34728406055209265 0.0 0.34728406055209265
9 0.14514692787177205 0.0017809439002671415 0.3544078361531612 0.0017809439002671415 0.3544078361531612 0.2039180765805877 0.14514692787177205 0.2039180765805877
9 0.26179875333926983 0.17542297417631347 0.4407836153161175 0.17542297417631347 0.4407836153161175 0.38112199465716834 0.26179875333926983 0.38112199465716834
9 0.5342831700801423 0.2537845057880678 0.7479964381121994 0.2537845057880678 0.7479964381121994 0.4790739091718613 0.5342831700801423 0.4790739091718613
9 0.6660730186999111 0.40516473731077474 0.8975957257346396 0.40516473731077474 0.8975957257346396 0.6313446126447018 0.6660730186999111 0.6313446126447018
9 0.7159394479073911 0.17898486197684776 0.943900267141585 0.17898486197684776 0.943900267141585 0.39180765805877116 0.7159394479073911 0.39180765805877116
9 0.2813891362422083 0.616206589492431 0.5378450578806766 0.616206589492431 0.5378450578806766 0.8495102404274265 0.2813891362422083 0.8495102404274265
9 0.6918967052537845 0.622439893143366 0.9305431878895813 0.622439893143366 0.9305431878895813 0.8601959038290292 0.6918967052537845 0.8601959038290292
9 0.5262689225289403 0.709706144256456 0.7355298308103295 0.709706144256456 0.7355298308103295 0.9056099732858416 0.5262689225289403 0.9056099732858416
9 0.12555654496883348 0.7025823686553874 0.33125556544968826 0.7025823686553874 0.33125556544968826 0.8975957257346393 0.12555654496883348 0.8975957257346393
9 0.34283170080142467 0.3998219056099732 0.5155832591273375 0.3998219056099732 0.5155832591273375 0.5672306322350845 0.34283170080142467 0.5672306322350845
9 0.8450578806767588 0.33659839715048967 0.9999999999999997 0.33659839715048967 0.9999999999999997 0.5529830810329472 0.8450578806767588 0.5529830810329472
9 0.4897595725734636 0.0 0.6990204808548531 0.0 0.6990204808548531 0.13089937666963486 0.4897595725734636 0.13089937666963486
