1 0.6684476105669339 0.7408726625111309 0.7883644998515883 0.7408726625111309 0.7883644998515883 0.8334817453250224 0.6684476105669339 0.8334817453250224
1 0.43811219946571683 0.6117542297417632 0.558029088750371 0.6117542297417632 0.558029088750371 0.6874443455031167 0.43811219946571683 0.6874443455031167
1 0.691006233303651 0.5449688334817453 0.8299198575244879 0.5449688334817453 0.8299198575244879 0.6286731967943008 0.691006233303651 0.6286731967943008
1 0.5129118432769367 0.5467497773820125 0.6387652122291481 0.5467497773820125 0.6387652122291481 0.6064113980409617 0.5129118432769367 0.6064113980409617
1 0.5057880676758683 0.4007123775601069 0.5900860789551796 0.4007123775601069 0.5900860789551796 0.4550311665182547 0.5057880676758683 0.4550311665182547
1 0.7420599584446425 0.46304541406945693 0.8584149599287624 0.46304541406945693 0.8584149599287624 0.5405164737310775 0.7420599584446425 0.5405164737310775
1 0.5402196497476996 0.4764024933214604 0.6114574057583853 0.4764024933214604 0.6114574057583853 0.5209260908281388 0.5402196497476996 0.5209260908281388
1 0.36924903532205394 0.5084594835262689 0.4606708222024339 0.5084594835262689 0.4606708222024339 0.5725734639358862 0.36924903532205394 0.5725734639358862
1 0.5627782724844167 0.7212822796081926 0.6708222024339566 0.7212822796081926 0.6708222024339566 0.804986642920748 0.5627782724844167 0.804986642920748
1 0.5865241911546453 0.655387355298308 0.6731967943009795 0.655387355298308 0.6731967943009795 0.7248441674087267 0.5865241911546453 0.7248441674087267
1 0.8097358266547937 0.6206589492430988 0.9035322054021965 0.6206589492430988 0.9035322054021965 0.6990204808548531 0.8097358266547937 0.6990204808548531
1 0.7563075096467796 0.6821015138023152 0.8406055209260909 0.6821015138023152 0.8406055209260909 0.7479964381121994 0.7563075096467796 0.7479964381121994
1 0.910655981003265 0.736420302760463 0.9949539922825763 0.736420302760463 0.9949539922825763 0.8005342831700801 0.910655981003265 0.8005342831700801
1 0.9011576135351737 0.5734639358860195 0.9890175126150195 0.5734639358860195 0.9890175126150195 0.6464826357969723 0.9011576135351737 0.6464826357969723
1 0.5425942416147225 0.5983971504897594 0.6530127634312852 0.5983971504897594 0.6530127634312852 0.6723063223508459 0.5425942416147225 0.6723063223508459
1 0.36924903532205394 0.608192341941229 0.4523597506678539 0.608192341941229 0.4523597506678539 0.6705253784505788 0.36924903532205394 0.6705253784505788
1 0.394182249925794 0.6500445235975065 0.5034134758088453 0.6500445235975065 0.5034134758088453 0.7408726625111309 0.394182249925794 0.7408726625111309
1 0.46067082220243394 0.7284060552092609 0.5402196497476996 0.7284060552092609 0.5402196497476996 0.8040961709706144 0.46067082220243394 0.8040961709706144
1 0.5342831700801425 0.786286731967943 0.6257049569605224 0.786286731967943 0.6257049569605224 0.8664292074799643 0.5342831700801425 0.8664292074799643
1 0.5057880676758683 0.6660730186999111 0.593647966755714 0.6660730186999111 0.593647966755714 0.7355298308103296 0.5057880676758683 0.7355298308103296
1 0.6613238349658652 0.6642920747996438 0.7622439893143366 0.6642920747996438 0.7622439893143366 0.7453250222617988 0.6613238349658652 0.7453250222617988
1 0.6684476105669339 0.4300979519145147 0.7468091421786881 0.4300979519145147 0.7468091421786881 0.4826357969723954 0.6684476105669339 0.4826357969723954
1 0.35737607598693977 0.3829029385574355 0.4321757197981597 0.3829029385574355 0.4321757197981597 0.4372217275155833 0.35737607598693977 0.4372217275155833
1 0.4179281685960225 0.2956366874443455 0.49628970020777674 0.2956366874443455 0.49628970020777674 0.346393588601959 0.4179281685960225 0.346393588601959
1 0.4416740872662511 0.3668744434550312 0.5140991392104483 0.3668744434550312 0.5140991392104483 0.41941228851291185 0.4416740872662511 0.41941228851291185
1 0.25051944197091125 0.35440783615316124 0.31225883051350545 0.35440783615316124 0.31225883051350545 0.3962600178094391 0.25051944197091125 0.3962600178094391
1 0.27663995250816265 0.27515583259127335 0.3312555654496883 0.27515583259127335 0.3312555654496883 0.30810329474621545 0.27663995250816265 0.30810329474621545
1 0.2778272484416741 0.4621549421193233 0.3514395963193826 0.4621549421193233 0.3514395963193826 0.5111308993766697 0.2778272484416741 0.5111308993766697
1 0.344315820718314 0.43633125556544966 0.4214900563965568 0.43633125556544966 0.4214900563965568 0.4844167408726625 0.344315820718314 0.4844167408726625
1 0.44404867913327395 0.43187889581478184 0.5105372514099139 0.43187889581478184 0.5105372514099139 0.47907390917186116 0.44404867913327395 0.47907390917186116
1 0.5900860789551796 0.3944790739091719 0.6470762837637283 0.3944790739091719 0.6470762837637283 0.427426536064114 0.5900860789551796 0.427426536064114
1 0.5081626595428911 0.3357079252003562 0.5841495992876224 0.3357079252003562 0.5841495992876224 0.37399821905609976 0.5081626595428911 0.37399821905609976
1 0.3395666369842683 0.5529830810329474 0.4155535767289997 0.5529830810329474 0.4155535767289997 0.6028495102404272 0.3395666369842683 0.6028495102404272
1 0.43098842386464825 0.4915405164737311 0.5105372514099138 0.4915405164737311 0.5105372514099138 0.5289403383793411 0.43098842386464825 0.5289403383793411
