1 0.649154051647373 0.30008904719501334 0.7284060552092609 0.30008904719501334 0.7284060552092609 0.4060552092609083 0.649154051647373 0.4060552092609083
1 0.5209260908281389 0.41941228851291185 0.6197684772929652 0.41941228851291185 0.6197684772929652 0.49777382012466614 0.5209260908281389 0.49777382012466614
1 0.6365364924831441 0.4963146759129479 0.706956562941243 0.4426993949959882 0.7778409498452765 0.5358012763027817 0.7074208793871777 0.5894165572197415
1 0.42030276046304543 0.2840605520926091 0.5173642030276047 0.2840605520926091 0.5173642030276047 0.3597506678539626 0.42030276046304543 0.3597506678539626
1 0.3303650934995549 0.36153161175423 0.45146927871772047 0.36153161175423 0.45146927871772047 0.44701691896705287 0.3303650934995549 0.44701691896705287
1 0.836070702707672 0.6166793788254318 0.9058602811208859 0.6789014125914278 0.8233322381902701 0.7714666499325268 0.7535426597770563 0.7092446161665308
1 0.6215494211932325 0.7141585040071241 0.7658058771148709 0.7141585040071241 0.7658058771148709 0.826357969723954 0.6215494211932325 0.826357969723954
1 0.5984811075247335 0.8795982898729691 0.7226195837752414 0.782570515332345 0.8004881564041261 0.8821964832545974 0.6763496801536183 0.9792242577952216
1 0.4816526015686803 0.2631785462993204 0.5297271758256928 0.2278466302791079 0.5824613788409355 0.299599726185097 0.534386804583923 0.3349316422053095
1 0.12472037456838601 0.42612603786150566 0.24011271037798515 0.3549818909713803 0.28134774695526404 0.42186310883453093 0.16595541114566492 0.4930072557246563
1 0.6304541406945681 0.5556544968833482 0.7230632235084594 0.5556544968833482 0.7230632235084594 0.6821015138023154 0.6304541406945681 0.6821015138023154
1 0.8388245770258237 0.553873552983081 0.9688334817453251 0.553873552983081 0.9688334817453251 0.6447016918967052 0.8388245770258237 0.6447016918967052
1 0.7352160651118967 0.4874850147015979 0.8506549410737737 0.41346314003902307 0.9021175110049964 0.49372024314605173 0.7866786350431194 0.5677421178086266
1 0.8432769367764912 0.8290293855743543 0.9483526268922525 0.8290293855743543 0.9483526268922525 0.9884238646482637 0.8432769367764912 0.9884238646482637
1 0.47818343722172757 0.33303650934995555 0.5859305431878896 0.33303650934995555 0.5859305431878896 0.42742653606411396 0.47818343722172757 0.42742653606411396
1 0.5948352626892253 0.23864648263579696 0.6821015138023152 0.23864648263579696 0.6821015138023152 0.327693677649154 0.5948352626892253 0.327693677649154
1 0.7577916295636687 0.30899376669634904 0.8530721282279609 0.30899376669634904 0.8530721282279609 0.3802315227070347 0.7577916295636687 0.3802315227070347
1 0.6215494211932324 0.40516473731077474 0.715939447907391 0.40516473731077474 0.715939447907391 0.48797862867319686 0.6215494211932324 0.48797862867319686
1 0.7186108637577917 0.3873552983081033 0.8023152270703474 0.3873552983081033 0.8023152270703474 0.47640249332146034 0.7186108637577917 0.47640249332146034
