0 0.4372217275155833 0.4888691006233304 0.583259127337489 0.4888691006233304 0.583259127337489 0.6206589492430988 0.4372217275155833 0.6206589492430988
0 0.19323241317898485 0.5387355298308103 0.37845057880676763 0.5387355298308103 0.37845057880676763 0.7132680320569903 0.19323241317898485 0.7132680320569903
0 0.3241317898486198 0.48441674087266245 0.4719501335707925 0.48441674087266245 0.4719501335707925 0.6473731077471059 0.3241317898486198 0.6473731077471059
0 0.08014247551202137 0.6019590382902938 0.23597506678539626 0.6019590382902938 0.23597506678539626 0.7889581478183436 0.08014247551202137 0.7889581478183436
0 0.4416740872662511 0.6073018699910953 0.5449688334817454 0.6073018699910953 0.5449688334817454 0.7257346393588602 0.4416740872662511 0.7257346393588602
0 0.5520926090828139 0.4434550311665182 0.6838824577025824 0.4434550311665182 0.6838824577025824 0.5734639358860195 0.5520926090828139 0.5734639358860195
0 0.3116651825467498 0.3846838824577025 0.4683882457702582 0.3846838824577025 0.4683882457702582 0.5262689225289403 0.3116651825467498 0.5262689225289403
0 0.7257346393588603 0.5841495992876224 0.8788958147818344 0.5841495992876224 0.8788958147818344 0.7408726625111308 0.7257346393588603 0.7408726625111308
0 0.653606411398041 0.383793410507569 0.7943009795191451 0.383793410507569 0.7943009795191451 0.5227070347284061 0.653606411398041 0.5227070347284061
0 0.42653606411398043 0.19501335707925196 0.5351736420302761 0.19501335707925196 0.5351736420302761 0.302760463045414 0.42653606411398043 0.302760463045414
0 0.43989314336598395 0.7337488869100623 0.6028495102404274 0.7337488869100623 0.6028495102404274 0.8824577025823687 0.43989314336598395 0.8824577025823687
0 0.5351736420302762 0.6117542297417632 0.6731967943009795 0.6117542297417632 0.6731967943009795 0.7506678539626002 0.5351736420302762 0.7506678539626002
0 0.6108637577916296 0.7088156723063225 0.7969723953695459 0.7088156723063225 0.7969723953695459 0.8699910952804988 0.6108637577916296 0.8699910952804988
0 0.8254674977738202 0.7150489759572574 0.9982190560997329 0.7150489759572574 0.9982190560997329 0.8860195903829029 0.8254674977738202 0.8860195903829029
0 0.07390917186108638 0.28138913624220835 0.2163846838824577 0.28138913624220835 0.2163846838824577 0.41406945681211044 0.07390917186108638 0.41406945681211044
