7 0.45770258236865546 0.2902938557435441 0.7123775601068567 0.2902938557435441 0.7123775601068567 0.572573463935886 0.45770258236865546 0.572573463935886
7 0.10329474621549421 0.4211932324131789 0.3606411398040962 0.4211932324131789 0.3606411398040962 0.6562778272484416 0.10329474621549421 0.6562778272484416
7 0.7898486197684771 0.2769367764915405 0.9973285841495992 0.2769367764915405 0.9973285841495992 0.4835262689225289 0.7898486197684771 0.4835262689225289
7 0.678539626001781 0.5877114870881567 0.8931433659839714 0.5877114870881567 0.8931433659839714 0.8103294746215494 0.678539626001781 0.8103294746215494
7 0.6527159394479074 0.7693677649154053 0.9412288512911843 0.7693677649154053 0.9412288512911843 0.9848619768477294 0.6527159394479074 0.9848619768477294
7 0.383793410507569 0.6527159394479074 0.578806767586821 0.6527159394479074 0.578806767586821 0.8655387355298308 0.383793410507569 0.8655387355298308
7 0.36687444345503123 0.4683882457702582 0.6233303650934996 0.4683882457702582 0.6233303650934996 0.6714158504007123 0.36687444345503123 0.6714158504007123
7 0.755120213713268 0.464826357969724 1.0 0.464826357969724 1.0 0.647373107747106 0.755120213713268 0.647373107747106
7 0.5414069456812111 0.13891362422083706 0.7524487978628673 0.13891362422083706 0.7524487978628673 0.3285841495992876 0.5414069456812111 0.3285841495992876
7 0.39269813000890474 0.005342831700801425 0.609973285841496 0.005342831700801425 0.609973285841496 0.1861086375779163 0.39269813000890474 0.1861086375779163
7 0.07390917186108638 0.2475512021371327 0.2715939447907391 0.2475512021371327 0.2715939447907391 0.48174532502226175 0.07390917186108638 0.48174532502226175
7 0.2991985752448798 0.12644701691896704 0.47640249332146045 0.12644701691896704 0.47640249332146045 0.35707925200356194 0.2991985752448798 0.35707925200356194
7 0.182546749777382 8.881784197001253e-18 0.37310774710596617 8.881784197001253e-18 0.37310774710596617 0.25200356188780054 0.182546749777382 0.25200356188780054
7 0.21193232413178986 0.5618878005342832 0.3677649154051647 0.5618878005342832 0.3677649154051647 0.8121104185218168 0.21193232413178986 0.8121104185218168
