1 0.3428317008014248 0.28762243989314334 0.5485307212822796 0.28762243989314334 0.5485307212822796 0.5191451469278717 0.3428317008014248 0.5191451469278717
1 0.5503116651825467 0.3241317898486198 0.7195013357079252 0.3241317898486198 0.7195013357079252 0.5262689225289404 0.5503116651825467 0.5262689225289404
1 0.8049866429207478 0.47016918967052546 0.9919857524487977 0.47016918967052546 0.9919857524487977 0.6607301869991097 0.8049866429207478 0.6607301869991097
1 0.5378581008457343 0.4999362640485937 0.7159847967773021 0.5538556963305722 0.6473600647820563 0.7805624002434778 0.4692333688504885 0.7266429679614993
1 0.25111308993766696 0.4817453250222618 0.46393588601959035 0.4817453250222618 0.46393588601959035 0.6981300089047197 0.25111308993766696 0.6981300089047197
1 1.0547118733938987e-17 0.5734639358860196 0.22083704363312556 0.5734639358860196 0.22083704363312556 0.8227960819234196 1.0547118733938987e-17 0.8227960819234196
1 0.34995547640249325 0.10151380231522708 0.5894924309884237 0.10151380231522708 0.5894924309884237 0.2600178094390027 0.34995547640249325 0.2600178094390027
1 0.6081923419412288 0.09617097061442563 0.7702582368655387 0.09617097061442563 0.7702582368655387 0.2528940338379341 0.6081923419412288 0.2528940338379341
1 0.4915405164737311 0.008014247551202136 0.6767586821015138 0.008014247551202136 0.6767586821015138 0.1620658949243099 0.4915405164737311 0.1620658949243099
1 0.07836153161175423 0.17631344612644703 0.327693677649154 0.17631344612644703 0.327693677649154 0.3455031166518254 0.07836153161175423 0.3455031166518254
1 0.8236865538735533 0.273374888691006 1.0 0.273374888691006 1.0 0.43009795191451444 0.8236865538735533 0.43009795191451444
1 0.1834372217275156 0.31789848619768485 0.38112199465716834 0.31789848619768485 0.38112199465716834 0.5129118432769368 0.1834372217275156 0.5129118432769368
1 0.83706736980564 0.623078644836177 1.0 0.7269618654298886 0.8538548620213342 0.9561789765753921 0.6909222318269742 0.8522957559816805
1 0.17275155832591274 0.6972395369545858 0.36687444345503123 0.6972395369545858 0.36687444345503123 0.9073909171861085 0.17275155832591274 0.9073909171861085
1 0.340160284951024 0.7925200356188778 0.5512021371326803 0.7925200356188778 0.5512021371326803 0.9821905609973284 0.340160284951024 0.9821905609973284
