5 0.36776491540516476 0.3232413178984862 0.6135351736420303 0.3232413178984862 0.6135351736420303 0.4612644701691897 0.36776491540516476 0.4612644701691897
5 0.3793410507569012 0.45948352626892225 0.6162065894924311 0.45948352626892225 0.6162065894924311 0.6028495102404272 0.3793410507569012 0.6028495102404272
5 0.3704363312555655 0.20926090828138913 0.5102404274265361 0.20926090828138913 0.5102404274265361 0.32947462154942125 0.3704363312555655 0.32947462154942125
5 0.08014247551202137 0.37132680320569894 0.22707034728406056 0.37132680320569894 0.22707034728406056 0.49955476402493315 0.08014247551202137 0.49955476402493315
5 0.2404274265360641 0.10329474621549421 0.41050756901157615 0.10329474621549421 0.41050756901157615 0.24487978628673196 0.2404274265360641 0.24487978628673196
5 0.0854853072128228 0.16918967052537845 0.22617987533392703 0.16918967052537845 0.22617987533392703 0.29385574354407834 0.0854853072128228 0.29385574354407834
5 0.17186108637577913 0.2662511130899377 0.29207479964381117 0.2662511130899377 0.29207479964381117 0.39091718610863757 0.17186108637577913 0.39091718610863757
5 0.2591273374888691 0.3722172751558326 0.38379341050756904 0.3722172751558326 0.38379341050756904 0.4986642920747997 0.2591273374888691 0.4986642920747997
5 0.1246660730186999 0.5948352626892253 0.27960819234194123 0.5948352626892253 0.27960819234194123 0.7479964381121995 0.1246660730186999 0.7479964381121995
5 0.3935886019590383 0.5939447907390917 0.5609973285841495 0.5939447907390917 0.5609973285841495 0.7141585040071238 0.3935886019590383 0.7141585040071238
5 0.5645592163846839 0.6073018699910954 0.7088156723063224 0.6073018699910954 0.7088156723063224 0.7382012466607301 0.5645592163846839 0.7382012466607301
5 0.767586821015138 0.649154051647373 0.9349955476402493 0.649154051647373 0.9349955476402493 0.8744434550311666 0.767586821015138 0.8744434550311666
5 0.6901157613535173 0.45592163846838824 0.8014247551202137 0.45592163846838824 0.8014247551202137 0.5832591273374889 0.6901157613535173 0.5832591273374889
5 0.589492430988424 0.24577025823686546 0.7364203027604631 0.24577025823686546 0.7364203027604631 0.3642030276046304 0.589492430988424 0.3642030276046304
2 0.8227960819234194 0.09617097061442574 0.9999999999999997 0.09617097061442574 0.9999999999999997 0.32502226179875365 0.8227960819234194 0.32502226179875365
2 0.8201246660730187 0.3321460373998219 1.0 0.3321460373998219 1.0 0.4746215494211933 0.8201246660730187 0.4746215494211933
