0 0.3446126447016919 0.3998219056099732 0.4870881567230632 0.3998219056099732 0.4870881567230632 0.5440783615316117 0.3446126447016919 0.5440783615316117
0 0.5618878005342832 0.6055209260908282 0.7239536954585931 0.6055209260908282 0.7239536954585931 0.7497773820124667 0.5618878005342832 0.7497773820124667
0 0.5574354407836153 0.28227960819234194 0.7070347284060551 0.28227960819234194 0.7070347284060551 0.44523597506678547 0.5574354407836153 0.44523597506678547
0 0.5752448797862867 0.43098842386464825 0.699020480854853 0.43098842386464825 0.699020480854853 0.5583259127337489 0.5752448797862867 0.5583259127337489
0 0.8174532502226179 0.41317898486197685 0.9697239536954586 0.41317898486197685 0.9697239536954586 0.5520926090828139 0.8174532502226179 0.5520926090828139
0 0.680320569902048 0.4968833481745325 0.8477292965271594 0.4968833481745325 0.8477292965271594 0.6607301869991096 0.680320569902048 0.6607301869991096
0 0.17720391807658062 0.4407836153161175 0.3268032056990205 0.4407836153161175 0.3268032056990205 0.603739982190561 0.17720391807658062 0.603739982190561
0 0.0917186108637578 0.3045414069456812 0.21994657168299198 0.3045414069456812 0.21994657168299198 0.44078361531611754 0.0917186108637578 0.44078361531611754
0 0.051647373107747106 0.18699910952804988 0.23063223508459485 0.18699910952804988 0.23063223508459485 0.3285841495992876 0.051647373107747106 0.3285841495992876
0 0.0008904719501335708 0.08014247551202137 0.14514692787177202 0.08014247551202137 0.14514692787177202 0.23241317898486202 0.0008904719501335708 0.23241317898486202
0 0.5832591273374889 0.1585040071237756 0.7266251113089938 0.1585040071237756 0.7266251113089938 0.30454140694568116 0.5832591273374889 0.30454140694568116
0 0.38913624220837045 0.11130899376669634 0.5342831700801425 0.11130899376669634 0.5342831700801425 0.22261798753339268 0.38913624220837045 0.22261798753339268
0 0.4327693677649154 0.23152270703472838 0.5805877114870882 0.23152270703472838 0.5805877114870882 0.377560106856634 0.4327693677649154 0.377560106856634
0 0.7479964381121994 0.2163846838824577 0.8904719501335709 0.2163846838824577 0.8904719501335709 0.3704363312555655 0.7479964381121994 0.3704363312555655
0 0.8575244879786286 0.3134461264470169 0.9857524487978627 0.3134461264470169 0.9857524487978627 0.44256455921638466 0.8575244879786286 0.44256455921638466
0 0.4897595725734639 0.008014247551202136 0.6099732858414961 0.008014247551202136 0.6099732858414961 0.12377560106856633 0.4897595725734639 0.12377560106856633
0 0.4211932324131789 0.6001780943900267 0.5529830810329475 0.6001780943900267 0.5529830810329475 0.7355298308103294 0.4211932324131789 0.7355298308103294
0 0.6589492430988425 0.7684772929652717 0.8005342831700802 0.7684772929652717 0.8005342831700802 0.9136242208370438 0.6589492430988425 0.9136242208370438
0 0.6251113089937667 0.9011576135351737 0.7702582368655387 0.9011576135351737 0.7702582368655387 1.0 0.6251113089937667 1.0
0 0.7880676758682101 0.8406055209260909 0.9385574354407836 0.8406055209260909 0.9385574354407836 0.9946571682991986 0.7880676758682101 0.9946571682991986
0 0.7729296527159394 0.6954585930543188 0.9358860195903828 0.6954585930543188 0.9358860195903828 0.8548530721282279 0.7729296527159394 0.8548530721282279
