5 0.3864648263579697 0.23686553873552976 0.5690115761353517 0.23686553873552976 0.5690115761353517 0.47195013357079213 0.3864648263579697 0.47195013357079213
5 0.27960819234194123 0.36776491540516476 0.44523597506678536 0.36776491540516476 0.44523597506678536 0.5752448797862867 0.27960819234194123 0.5752448797862867
5 0.5894924309884239 0.30008904719501334 0.7168299198575245 0.30008904719501334 0.7168299198575245 0.43455031166518254 0.5894924309884239 0.43455031166518254
5 0.6972395369545858 0.2163846838824577 0.8780053428317007 0.2163846838824577 0.8780053428317007 0.39180765805877116 0.6972395369545858 0.39180765805877116
5 0.7791629563668745 0.2929652715939448 1.0 0.2929652715939448 1.0 0.47818343722172757 0.7791629563668745 0.47818343722172757
5 0.7088156723063225 0.4514692787177204 0.9412288512911844 0.4514692787177204 0.9412288512911844 0.6188780053428318 0.7088156723063225 0.6188780053428318
5 0.6251113089937667 0.4140694568121105 0.7658058771148709 0.4140694568121105 0.7658058771148709 0.5966162065894925 0.6251113089937667 0.5966162065894925
5 0.8112199465716834 0.5520926090828141 1.0 0.5520926090828141 1.0 0.778272484416741 0.8112199465716834 0.778272484416741
5 0.616206589492431 0.6999109528049865 0.8023152270703472 0.6999109528049865 0.8023152270703472 0.889581478183437 0.616206589492431 0.889581478183437
5 0.0427426536064114 0.6509349955476402 0.22439893143365988 0.6509349955476402 0.22439893143365988 0.8619768477292964 0.0427426536064114 0.8619768477292964
5 0.4746215494211931 0.6918967052537845 0.6340160284951023 0.6918967052537845 0.6340160284951023 0.8708815672306321 0.4746215494211931 0.8708815672306321
5 0.3348174532502226 0.5307212822796082 0.4995547640249332 0.5307212822796082 0.4995547640249332 0.697239536954586 0.3348174532502226 0.697239536954586
5 0.09706144256455923 0.3045414069456812 0.2796081923419413 0.3045414069456812 0.2796081923419413 0.43187889581478184 0.09706144256455923 0.43187889581478184
5 0.1433659839715049 0.44968833481745324 0.3045414069456812 0.44968833481745324 0.3045414069456812 0.5823686553873553 0.1433659839715049 0.5823686553873553
5 0.5547640249332146 0.10507569011576136 0.7533392698130008 0.10507569011576136 0.7533392698130008 0.2876224398931434 0.5547640249332146 0.2876224398931434
5 0.7221727515583259 0.11219946571682991 0.9447907390917186 0.11219946571682991 0.9447907390917186 0.2671415850400712 0.7221727515583259 0.2671415850400712
5 0.4470169189670526 0.10507569011576136 0.589492430988424 0.10507569011576136 0.589492430988424 0.2564559216384684 0.4470169189670526 0.2564559216384684
