14 0.7114870881567231 0.49599287622439886 0.8904719501335709 0.49599287622439886 0.8904719501335709 0.6776491540516474 0.7114870881567231 0.6776491540516474
14 0.7916295636687445 0.3446126447016919 0.9510240427426536 0.3446126447016919 0.9510240427426536 0.5227070347284061 0.7916295636687445 0.5227070347284061
14 0.8771148708815673 0.23330365093499553 0.9999999999999999 0.23330365093499553 0.9999999999999999 0.383793410507569 0.8771148708815673 0.383793410507569
14 0.7008014247551201 0.22261798753339268 0.8699910952804987 0.22261798753339268 0.8699910952804987 0.3633125556544969 0.7008014247551201 0.3633125556544969
14 0.5547640249332146 0.21193232413178986 0.7070347284060551 0.21193232413178986 0.7070347284060551 0.3597506678539626 0.5547640249332146 0.3597506678539626
14 0.6242208370436332 0.10329474621549421 0.773820124666073 0.10329474621549421 0.773820124666073 0.23597506678539631 0.6242208370436332 0.23597506678539631
14 0.48619768477292963 0.0854853072128228 0.6268922528940338 0.0854853072128228 0.6268922528940338 0.21282279608192345 0.48619768477292963 0.21282279608192345
14 0.3214603739982191 0.07123775601068566 0.4657168299198575 0.07123775601068566 0.4657168299198575 0.18432769367764915 0.3214603739982191 0.18432769367764915
14 0.16829919857524492 0.17275155832591277 0.3401602849510241 0.17275155832591277 0.3401602849510241 0.35618878005342836 0.16829919857524492 0.35618878005342836
14 0.3579697239536953 0.17364203027604627 0.5227070347284059 0.17364203027604627 0.5227070347284059 0.344612644701692 0.3579697239536953 0.344612644701692
14 0.41941228851291185 0.3161175422974176 0.6090828138913623 0.3161175422974176 0.6090828138913623 0.48975957257346386 0.41941228851291185 0.48975957257346386
14 0.6153161175422974 0.3463935886019588 0.7925200356188777 0.3463935886019588 0.7925200356188777 0.5004452359750665 0.6153161175422974 0.5004452359750665
14 0.14069456812110417 0.4372217275155833 0.3187889581478183 0.4372217275155833 0.3187889581478183 0.6090828138913624 0.14069456812110417 0.6090828138913624
14 0.3116651825467497 0.45770258236865485 0.5075690115761351 0.45770258236865485 0.5075690115761351 0.6420302760463036 0.3116651825467497 0.6420302760463036
14 0.5173642030276047 0.46660730186999105 0.6945681211041853 0.46660730186999105 0.6945681211041853 0.6589492430988423 0.5173642030276047 0.6589492430988423
14 0.17809439002671412 0.6099732858414955 0.3918076580587711 0.6099732858414955 0.3918076580587711 0.7773820124666067 0.17809439002671412 0.7773820124666067
14 0.377560106856634 0.6322350845948352 0.5886019590382903 0.6322350845948352 0.5886019590382903 0.7960819234194124 0.377560106856634 0.7960819234194124
14 0.603739982190561 0.6464826357969724 0.8058771148708815 0.6464826357969724 0.8058771148708815 0.8067675868210151 0.603739982190561 0.8067675868210151
14 0.8103294746215495 0.6642920747996438 1.0 0.6642920747996438 1.0 0.8067675868210151 0.8103294746215495 0.8067675868210151
