15 0.5627782724844167 0.3348174532502226 0.7479964381121995 0.3348174532502226 0.7479964381121995 0.5209260908281388 0.5627782724844167 0.5209260908281388
15 0.37845057880676763 0.39536954585930545 0.5271593944790739 0.39536954585930545 0.5271593944790739 0.5494211932324131 0.37845057880676763 0.5494211932324131
15 0.34194122885129113 0.23152270703472838 0.5271593944790738 0.23152270703472838 0.5271593944790738 0.4096170970614425 0.34194122885129113 0.4096170970614425
15 0.19946571682991987 0.2466607301869991 0.3383793410507569 0.2466607301869991 0.3383793410507569 0.39091718610863757 0.19946571682991987 0.39091718610863757
15 0.12377560106856635 0.3722172751558326 0.26447016918967053 0.3722172751558326 0.26447016918967053 0.5048975957257347 0.12377560106856635 0.5048975957257347
15 0.34372217275155825 0.5805877114870882 0.49332146037399816 0.5805877114870882 0.49332146037399816 0.747105966162066 0.34372217275155825 0.747105966162066
15 0.21994657168299198 0.46215494211932323 0.38201246660730187 0.46215494211932323 0.38201246660730187 0.6215494211932324 0.21994657168299198 0.6215494211932324
15 0.7310774710596617 0.3517364203027605 0.8512911843276938 0.3517364203027605 0.8512911843276938 0.5271593944790739 0.7310774710596617 0.5271593944790739
15 0.8397150489759572 0.1807658058771149 0.9563668744434549 0.1807658058771149 0.9563668744434549 0.3081032947462155 0.8397150489759572 0.3081032947462155
15 0.6090828138913624 0.0365093499554764 0.7631344612644703 0.0365093499554764 0.7631344612644703 0.188780053428317 0.6090828138913624 0.188780053428317
15 0.45859305431878894 0.05253784505788068 0.6126447016918967 0.05253784505788068 0.6126447016918967 0.2039180765805877 0.45859305431878894 0.2039180765805877
15 0.3116651825467498 0.10952804986642921 0.4612644701691897 0.10952804986642921 0.4612644701691897 0.2413178984861977 0.3116651825467498 0.2413178984861977
15 0.23508459483526273 0.041852181656277826 0.37132680320569894 0.041852181656277826 0.37132680320569894 0.18610863757791635 0.23508459483526273 0.18610863757791635
15 0.5093499554764025 0.24577025823686555 0.6660730186999111 0.24577025823686555 0.6660730186999111 0.37488869100623323 0.5093499554764025 0.37488869100623323
15 0.48441674087266245 0.4808548530721282 0.666073018699911 0.4808548530721282 0.666073018699911 0.649154051647373 0.48441674087266245 0.649154051647373
15 0.6455921638468388 0.5022261798753339 0.7773820124666073 0.5022261798753339 0.7773820124666073 0.649154051647373 0.6455921638468388 0.649154051647373
15 0.7880676758682099 0.4959928762243988 0.9634906500445236 0.4959928762243988 0.9634906500445236 0.6331255565449687 0.7880676758682099 0.6331255565449687
15 0.49955476402493315 0.6215494211932324 0.6767586821015138 0.6215494211932324 0.6767586821015138 0.8183437221727516 0.49955476402493315 0.8183437221727516
15 0.7150489759572574 0.21816562778272483 0.8637577916295637 0.21816562778272483 0.8637577916295637 0.36153161175422976 0.7150489759572574 0.36153161175422976
