9 0.47373107747105964 0.7390917186108638 0.6776491540516475 0.7390917186108638 0.6776491540516475 0.9332146037399821 0.47373107747105964 0.9332146037399821
9 0.21905609973285842 0.717720391807658 0.45146927871772047 0.717720391807658 0.45146927871772047 0.9572573463935886 0.21905609973285842 0.9572573463935886
9 0.7257346393588601 0.5779162956366874 0.9100623330365094 0.5779162956366874 0.9100623330365094 0.7791629563668746 0.7257346393588601 0.7791629563668746
9 0.5173642030276047 0.4354407836153161 0.6945681211041851 0.4354407836153161 0.6945681211041851 0.603739982190561 0.5173642030276047 0.603739982190561
9 0.3490650044523598 0.39536954585930545 0.5325022261798753 0.39536954585930545 0.5325022261798753 0.5859305431878896 0.3490650044523598 0.5859305431878896
9 0.42831700801424755 0.553873552983081 0.5841495992876224 0.553873552983081 0.5841495992876224 0.7239536954585929 0.42831700801424755 0.7239536954585929
9 0.5841495992876224 0.5654496883348175 0.7515583259127337 0.5654496883348175 0.7515583259127337 0.7435440783615317 0.5841495992876224 0.7435440783615317
9 0.5699020480854853 0.27515583259127335 0.7488869100623331 0.27515583259127335 0.7488869100623331 0.4657168299198576 0.5699020480854853 0.4657168299198576
9 0.6714158504007124 0.42297417631344614 0.8655387355298308 0.42297417631344614 0.8655387355298308 0.5966162065894924 0.6714158504007124 0.5966162065894924
9 0.5734639358860196 0.1460373998219056 0.7382012466607302 0.1460373998219056 0.7382012466607302 0.3098842386464826 0.5734639358860196 0.3098842386464826
9 0.28138913624220835 0.07123775601068566 0.48708815672306327 0.07123775601068566 0.48708815672306327 0.27604630454140694 0.28138913624220835 0.27604630454140694
9 0.4354407836153161 0.019590382902938557 0.6251113089937665 0.019590382902938557 0.6251113089937665 0.21371326803205698 0.4354407836153161 0.21371326803205698
9 0.6206589492430984 0.0 0.7951914514692784 0.0 0.7951914514692784 0.1629563668744435 0.6206589492430984 0.1629563668744435
9 0.7212822796081924 0.13178984861976847 0.8904719501335707 0.13178984861976847 0.8904719501335707 0.28227960819234194 0.7212822796081924 0.28227960819234194
9 0.83793410507569 0.05877114870881568 0.9902048085485308 0.05877114870881568 0.9902048085485308 0.1843276936776492 0.83793410507569 0.1843276936776492
9 0.8637577916295625 0.17720391807658026 1.0 0.17720391807658026 1.0 0.33837934105075645 0.8637577916295625 0.33837934105075645
9 0.7319679430097952 0.28495102404274264 0.8886910062333037 0.28495102404274264 0.8886910062333037 0.43276936776491537 0.7319679430097952 0.43276936776491537
9 0.8397150489759565 0.44612644701691884 0.9946571682991984 0.44612644701691884 0.9946571682991984 0.6028495102404273 0.8397150489759565 0.6028495102404273
9 0.7898486197684772 0.8735529830810328 1.0 0.8735529830810328 1.0 1.0 0.7898486197684772 1.0
9 0.829029385574354 0.6838824577025833 0.9999999999999992 0.6838824577025833 0.9999999999999992 0.8771148708815673 0.829029385574354 0.8771148708815673
