0 0.24487978628673196 0.5770258236865539 0.3490650044523598 0.5770258236865539 0.3490650044523598 0.686553873552983 0.24487978628673196 0.686553873552983
0 0.634906500445236 0.5120213713268033 0.7604630454140696 0.5120213713268033 0.7604630454140696 0.6170970614425646 0.634906500445236 0.6170970614425646
0 0.7631344612644703 0.4434550311665182 0.8708815672306321 0.4434550311665182 0.8708815672306321 0.5342831700801424 0.7631344612644703 0.5342831700801424
0 0.8032056990204809 0.7782724844167409 0.9492430988423863 0.7782724844167409 0.9492430988423863 0.9180765805877116 0.8032056990204809 0.9180765805877116
0 0.4042742653606412 0.7836153161175423 0.5538735529830812 0.7836153161175423 0.5538735529830812 0.9225289403383794 0.4042742653606412 0.9225289403383794
0 0.5307212822796082 0.723953695458593 0.6580587711487088 0.723953695458593 0.6580587711487088 0.8325912733748886 0.5307212822796082 0.8325912733748886
0 0.4888691006233304 0.15316117542297417 0.5583259127337489 0.15316117542297417 0.5583259127337489 0.23330365093499558 0.4888691006233304 0.23330365093499558
0 0.5814781834372217 0.22439893143365983 0.667853962600178 0.22439893143365983 0.667853962600178 0.2804986642920749 0.5814781834372217 0.2804986642920749
0 0.5075690115761353 0.9572573463935886 0.6580587711487088 0.9572573463935886 0.6580587711487088 1.0 0.5075690115761353 1.0
0 0.4318788958147819 0.5716829919857525 0.545859305431879 0.5716829919857525 0.545859305431879 0.6598397150489761 0.4318788958147819 0.6598397150489761
0 0.41941228851291185 0.6598397150489761 0.5583259127337489 0.6598397150489761 0.5583259127337489 0.765805877114871 0.41941228851291185 0.765805877114871
0 0.16918967052537845 0.41674087266251114 0.2475512021371327 0.41674087266251114 0.2475512021371327 0.4870881567230632 0.16918967052537845 0.4870881567230632
0 0.09260908281389138 0.42297417631344614 0.17364203027604633 0.42297417631344614 0.17364203027604633 0.5004452359750667 0.09260908281389138 0.5004452359750667
0 0.008014247551202136 0.4568121104185219 0.0970614425645592 0.4568121104185219 0.0970614425645592 0.5520926090828139 0.008014247551202136 0.5520926090828139
0 -2.220446049250313e-18 0.674087266251113 0.14425645592163847 0.674087266251113 0.14425645592163847 0.829919857524488 -2.220446049250313e-18 0.829919857524488
0 0.034728406055209264 0.8628673196794301 0.2030276046304541 0.8628673196794301 0.2030276046304541 1.0 0.034728406055209264 1.0
0 0.05253784505788068 0.25200356188780054 0.1335707925200356 0.25200356188780054 0.1335707925200356 0.33214603739982185 0.05253784505788068 0.33214603739982185
0 0.19056099732858414 0.232413178984862 0.26179875333926983 0.232413178984862 0.26179875333926983 0.29741763134461263 0.19056099732858414 0.29741763134461263
0 0.13000890471950133 0.10240427426536064 0.22261798753339268 0.10240427426536064 0.22261798753339268 0.1878895814781835 0.13000890471950133 0.1878895814781835
0 0.3695458593054319 0.3535173642030276 0.4550311665182547 0.3535173642030276 0.4550311665182547 0.4381121994657167 0.3695458593054319 0.4381121994657167
0 0.49421193232413174 0.4479073909171861 0.5921638468388246 0.4479073909171861 0.5921638468388246 0.5396260017809439 0.49421193232413174 0.5396260017809439
0 0.5351736420302761 0.6260017809439002 0.649154051647373 0.6260017809439002 0.649154051647373 0.7310774710596616 0.5351736420302761 0.7310774710596616
0 0.8352626892252893 0.6304541406945681 0.943900267141585 0.6304541406945681 0.943900267141585 0.7435440783615314 0.8352626892252893 0.7435440783615314
0 0.21282279608192345 0.7230632235084596 0.35351736420302754 0.7230632235084596 0.35351736420302754 0.8521816562778273 0.21282279608192345 0.8521816562778273
0 0.25200356188780054 0.43811219946571683 0.3597506678539626 0.43811219946571683 0.3597506678539626 0.5111308993766697 0.25200356188780054 0.5111308993766697
