9 0.41941228851291185 0.48263579697239545 0.6910062333036509 0.48263579697239545 0.6910062333036509 0.7248441674087266 0.41941228851291185 0.7248441674087266
9 0.170080142475512 0.47907390917186116 0.42030276046304543 0.47907390917186116 0.42030276046304543 0.7284060552092609 0.170080142475512 0.7284060552092609
9 0.37399821905609976 0.2929652715939448 0.5939447907390917 0.2929652715939448 0.5939447907390917 0.5075690115761354 0.37399821905609976 0.5075690115761354
9 0.7203918076580588 0.3268032056990205 0.9510240427426536 0.3268032056990205 0.9510240427426536 0.5592163846838825 0.7203918076580588 0.5592163846838825
9 0.30365093499554763 0.10685663401602849 0.5200356188780053 0.10685663401602849 0.5200356188780053 0.34461264470169195 0.30365093499554763 0.34461264470169195
9 0.4897595725734639 0.13446126447016918 0.7195013357079252 0.13446126447016918 0.7195013357079252 0.3561887800534283 0.4897595725734639 0.3561887800534283
9 0.691006233303651 0.16651825467497777 0.906500445235975 0.16651825467497777 0.906500445235975 0.3419412288512912 0.691006233303651 0.3419412288512912
9 0.5966162065894925 0.30008904719501334 0.7827248441674088 0.30008904719501334 0.7827248441674088 0.5031166518254675 0.5966162065894925 0.5031166518254675
9 0.5316117542297417 0.6714158504007124 0.77560106856634 0.6714158504007124 0.77560106856634 0.9154051647373109 0.5316117542297417 0.9154051647373109
9 0.7417631344612645 0.6260017809439002 0.9857524487978628 0.6260017809439002 0.9857524487978628 0.8744434550311664 0.7417631344612645 0.8744434550311664
9 0.8628673196794302 0.4603739982190562 1.0000000000000002 0.4603739982190562 1.0000000000000002 0.6714158504007125 0.8628673196794302 0.6714158504007125
9 0.5814781834372218 -4.440892098500626e-18 0.8040961709706145 -4.440892098500626e-18 0.8040961709706145 0.19946571682991984 0.5814781834372218 0.19946571682991984
