0 0.16473731077471063 0.6108637577916295 0.2911843276936777 0.6108637577916295 0.2911843276936777 0.7284060552092609 0.16473731077471063 0.7284060552092609
0 0.3170080142475512 0.5120213713268033 0.4532502226179875 0.5120213713268033 0.4532502226179875 0.6420302760463046 0.3170080142475512 0.6420302760463046
0 0.5948352626892253 0.47640249332146034 0.7195013357079252 0.47640249332146034 0.7195013357079252 0.6028495102404273 0.5948352626892253 0.6028495102404273
0 0.5609973285841496 0.5707925200356189 0.7150489759572574 0.5707925200356189 0.7150489759572574 0.709706144256456 0.5609973285841496 0.709706144256456
0 0.5503116651825467 0.6874443455031166 0.7123775601068566 0.6874443455031166 0.7123775601068566 0.8397150489759573 0.5503116651825467 0.8397150489759573
0 0.44434550311665183 0.7649154051647373 0.5921638468388246 0.7649154051647373 0.5921638468388246 0.9145146927871772 0.44434550311665183 0.9145146927871772
0 0.3357079252003562 0.7453250222617988 0.4764024933214603 0.7453250222617988 0.4764024933214603 0.8753339269813001 0.3357079252003562 0.8753339269813001
0 0.23775601068566346 0.7016918967052539 0.3552983081032948 0.7016918967052539 0.3552983081032948 0.8343722172751559 0.23775601068566346 0.8343722172751559
0 0.42297417631344614 0.5609973285841496 0.5440783615316117 0.5609973285841496 0.5440783615316117 0.6981300089047194 0.42297417631344614 0.6981300089047194
0 0.4959928762243988 0.34639358860195896 0.6010685663401601 0.34639358860195896 0.6010685663401601 0.45057880676758666 0.4959928762243988 0.45057880676758666
0 0.38913624220837045 0.46749777382012464 0.4906500445235975 0.46749777382012464 0.4906500445235975 0.5779162956366874 0.38913624220837045 0.5779162956366874
0 0.6954585930543188 0.47907390917186116 0.8352626892252893 0.47907390917186116 0.8352626892252893 0.5921638468388247 0.6954585930543188 0.5921638468388247
0 0.8486197684772929 0.5182546749777381 0.9723953695458593 0.5182546749777381 0.9723953695458593 0.6393588601959038 0.8486197684772929 0.6393588601959038
0 0.7764915405164738 0.6411398040961709 0.9243098842386465 0.6411398040961709 0.9243098842386465 0.786286731967943 0.7764915405164738 0.786286731967943
0 0.6821015138023153 0.7248441674087266 0.8281389136242209 0.7248441674087266 0.8281389136242209 0.8780053428317007 0.6821015138023153 0.8780053428317007
0 0.591273374888691 0.8343722172751559 0.7364203027604631 0.8343722172751559 0.7364203027604631 0.9804096170970614 0.591273374888691 0.9804096170970614
0 0.8450578806767588 0.7943009795191451 0.9759572573463937 0.7943009795191451 0.9759572573463937 0.9171861086375778 0.8450578806767588 0.9171861086375778
0 0.7569011576135353 0.2991985752448798 0.8486197684772929 0.2991985752448798 0.8486197684772929 0.38913624220837045 0.7569011576135353 0.38913624220837045
0 0.8610863757791628 0.26981300089047194 0.9697239536954586 0.26981300089047194 0.9697239536954586 0.3624220837043633 0.8610863757791628 0.3624220837043633
0 0.46304541406945676 0.25378450578806766 0.5609973285841496 0.25378450578806766 0.5609973285841496 0.3588601959038291 0.46304541406945676 0.3588601959038291
