5 0.24131789848619772 0.4372217275155833 0.44078361531611754 0.4372217275155833 0.44078361531611754 0.6206589492430988 0.24131789848619772 0.6206589492430988
5 0.3695458593054319 0.37132680320569894 0.5467497773820125 0.37132680320569894 0.5467497773820125 0.5476402493321461 0.3695458593054319 0.5476402493321461
5 0.4888691006233304 0.2983081032947462 0.699020480854853 0.2983081032947462 0.699020480854853 0.4514692787177204 0.4888691006233304 0.4514692787177204
5 0.5191451469278717 0.4550311665182546 0.6936776491540516 0.4550311665182546 0.6936776491540516 0.6108637577916296 0.5191451469278717 0.6108637577916296
5 0.17898486197684776 0.5983971504897596 0.377560106856634 0.5983971504897596 0.377560106856634 0.773820124666073 0.17898486197684776 0.773820124666073
5 0.4140694568121103 0.6277827248441674 0.5948352626892253 0.6277827248441674 0.5948352626892253 0.83793410507569 0.4140694568121103 0.83793410507569
5 0.6331255565449688 0.553873552983081 0.8664292074799644 0.553873552983081 0.8664292074799644 0.7123775601068566 0.6331255565449688 0.7123775601068566
5 0.7292965271593945 0.44879786286731965 0.9109528049866431 0.44879786286731965 0.9109528049866431 0.5832591273374887 0.7292965271593945 0.5832591273374887
5 0.678539626001781 0.3383793410507569 0.8423864648263579 0.3383793410507569 0.8423864648263579 0.47818343722172746 0.678539626001781 0.47818343722172746
5 8.881784197001253e-18 0.4719501335707925 0.23953695458593058 0.4719501335707925 0.23953695458593058 0.6634016028495103 8.881784197001253e-18 0.6634016028495103
5 0.09528049866429207 0.7399821905609972 0.327693677649154 0.7399821905609972 0.327693677649154 0.9572573463935886 0.09528049866429207 0.9572573463935886
5 0.3303650934995548 0.8308103294746215 0.5529830810329475 0.8308103294746215 0.5529830810329475 1.0 0.3303650934995548 1.0
