9 0.5547640249332146 0.6126447016918967 0.7951914514692787 0.6126447016918967 0.7951914514692787 0.8352626892252893 0.5547640249332146 0.8352626892252893
9 0.4372217275155833 0.43989314336598395 0.6206589492430988 0.43989314336598395 0.6206589492430988 0.6206589492430987 0.4372217275155833 0.6206589492430987
9 0.6090828138913624 0.4390026714158505 0.8058771148708815 0.4390026714158505 0.8058771148708815 0.6277827248441674 0.6090828138913624 0.6277827248441674
9 0.47373107747105964 0.26714158504007124 0.6794300979519144 0.26714158504007124 0.6794300979519144 0.4470169189670525 0.47373107747105964 0.4470169189670525
9 0.6518254674977739 0.2056990204808549 0.867319679430098 0.2056990204808549 0.867319679430098 0.39893143365983974 0.6518254674977739 0.39893143365983974
9 0.24309884238646481 0.47016918967052546 0.44879786286731965 0.47016918967052546 0.44879786286731965 0.6714158504007123 0.24309884238646481 0.6714158504007123
9 0.3935886019590383 0.609973285841496 0.5734639358860195 0.609973285841496 0.5734639358860195 0.7836153161175423 0.3935886019590383 0.7836153161175423
9 0.26892252894033836 0.3178984861976848 0.4612644701691897 0.3178984861976848 0.4612644701691897 0.4915405164737311 0.26892252894033836 0.4915405164737311
9 0.34639358860195896 0.15316117542297417 0.5476402493321461 0.15316117542297417 0.5476402493321461 0.34728406055209265 0.34639358860195896 0.34728406055209265
9 0.5868210151380232 0.0792520035618878 0.7640249332146037 0.0792520035618878 0.7640249332146037 0.2671415850400713 0.5868210151380232 0.2671415850400713
9 0.16918967052537845 0.15850400712377558 0.327693677649154 0.15850400712377558 0.327693677649154 0.3125556544968834 0.16918967052537845 0.3125556544968834
9 0.11843276936776491 0.3072128227960819 0.2707034728406056 0.3072128227960819 0.2707034728406056 0.4532502226179875 0.11843276936776491 0.4532502226179875
9 0.41852181656277826 0.019590382902938557 0.5966162065894924 0.019590382902938557 0.5966162065894924 0.19946571682991987 0.41852181656277826 0.19946571682991987
9 0.08993766696349065 0.4292074799643812 0.23686553873552985 0.4292074799643812 0.23686553873552985 0.5636687444345504 0.08993766696349065 0.5636687444345504
9 0.11932324131789848 0.5503116651825467 0.26447016918967053 0.5503116651825467 0.26447016918967053 0.7016918967052536 0.11932324131789848 0.7016918967052536
9 0.21193232413178986 0.765805877114871 0.408726625111309 0.765805877114871 0.408726625111309 0.967052537845058 0.21193232413178986 0.967052537845058
9 0.4122885129118435 0.7595725734639354 0.6420302760463046 0.7595725734639354 0.6420302760463046 0.9919857524487979 0.4122885129118435 0.9919857524487979
9 0.7497773820124665 0.6821015138023152 0.933214603739982 0.6821015138023152 0.933214603739982 0.8575244879786288 0.7497773820124665 0.8575244879786288
9 0.6758682101513801 0.8334817453250224 0.8699910952804987 0.8334817453250224 0.8699910952804987 1.0 0.6758682101513801 1.0
9 0.7845057880676759 0.560106856634016 0.9447907390917186 0.560106856634016 0.9447907390917186 0.6901157613535174 0.7845057880676759 0.6901157613535174
9 0.7951914514692787 0.39269813000890474 0.9902048085485307 0.39269813000890474 0.9902048085485307 0.5823686553873553 0.7951914514692787 0.5823686553873553
9 0.8566340160284951 0.1834372217275156 1.0 0.1834372217275156 1.0 0.42030276046304543 0.8566340160284951 0.42030276046304543
9 4.440892098500626e-18 0.6179875333926982 0.18432769367764915 0.6179875333926982 0.18432769367764915 0.7934105075690118 4.440892098500626e-18 0.7934105075690118
9 8.699877664026161e-18 0.7853962600178099 0.12288512911843277 0.7853962600178099 0.12288512911843277 0.9839715048975964 8.699877664026161e-18 0.9839715048975964
