12 0.11843276936776491 0.4612644701691896 0.3481745325022262 0.4612644701691896 0.3481745325022262 0.6731967943009795 0.11843276936776491 0.6731967943009795
12 0.327693677649154 0.3561887800534283 0.4870881567230632 0.3561887800534283 0.4870881567230632 0.5369545859305432 0.327693677649154 0.5369545859305432
12 0.18699910952804988 0.12021371326803205 0.3606411398040962 0.12021371326803205 0.3606411398040962 0.2965271593944791 0.18699910952804988 0.2965271593944791
12 0.43633125556544966 0.11308993766696349 0.6055209260908282 0.11308993766696349 0.6055209260908282 0.2858414959928762 0.43633125556544966 0.2858414959928762
12 0.5770258236865539 0.10418521816562779 0.7408726625111308 0.10418521816562779 0.7408726625111308 0.29741763134461263 0.5770258236865539 0.29741763134461263
12 0.7061442564559216 0.019590382902938557 0.8958147818343722 0.019590382902938557 0.8958147818343722 0.19501335707925205 0.7061442564559216 0.19501335707925205
12 0.4381121994657167 0.031166518254674976 0.5992876224398931 0.031166518254674976 0.5992876224398931 0.16562778272484416 0.4381121994657167 0.16562778272484416
12 0.2867319679430098 0.0 0.45503116651825476 0.0 0.45503116651825476 0.1398040961709706 0.2867319679430098 0.1398040961709706
12 0.09082813891362422 0.026714158504007122 0.30008904719501334 0.026714158504007122 0.30008904719501334 0.25200356188780054 0.09082813891362422 0.25200356188780054
12 0.14692787177203917 0.25556544968833483 0.31967943009795186 0.25556544968833483 0.31967943009795186 0.4318788958147819 0.14692787177203917 0.4318788958147819
12 0.45770258236865546 0.26892252894033836 0.6064113980409619 0.26892252894033836 0.6064113980409619 0.42475512021371314 0.45770258236865546 0.42475512021371314
12 0.6144256455921637 0.3116651825467498 0.7951914514692787 0.3116651825467498 0.7951914514692787 0.49777382012466603 0.6144256455921637 0.49777382012466603
12 0.7533392698130008 0.19857524487978628 0.9412288512911843 0.19857524487978628 0.9412288512911843 0.3873552983081033 0.7533392698130008 0.3873552983081033
12 0.7809439002671416 0.37310774710596617 0.9768477292965272 0.37310774710596617 0.9768477292965272 0.5351736420302761 0.7809439002671416 0.5351736420302761
12 0.6366874443455031 0.5146927871772039 0.8406055209260909 0.5146927871772039 0.8406055209260909 0.7132680320569902 0.6366874443455031 0.7132680320569902
12 0.47818343722172757 0.41674087266251114 0.6678539626001783 0.41674087266251114 0.6678539626001783 0.6268922528940338 0.47818343722172757 0.6268922528940338
12 0.34105075690115766 0.5440783615316117 0.5111308993766697 0.5440783615316117 0.5111308993766697 0.7025823686553873 0.34105075690115766 0.7025823686553873
12 0.15316117542297417 0.6927871772039179 0.383793410507569 0.6927871772039179 0.383793410507569 0.9136242208370435 0.15316117542297417 0.9136242208370435
12 0.34639358860195896 0.7604630454140696 0.5476402493321461 0.7604630454140696 0.5476402493321461 0.9447907390917186 0.34639358860195896 0.9447907390917186
12 0.49955476402493304 0.6402493321460373 0.6972395369545857 0.6402493321460373 0.6972395369545857 0.8477292965271594 0.49955476402493304 0.8477292965271594
12 0.6589492430988425 0.7257346393588603 0.8975957257346395 0.7257346393588603 0.8975957257346395 0.9145146927871775 0.6589492430988425 0.9145146927871775
12 0.8130008904719501 0.6019590382902938 1.0 0.6019590382902938 1.0 0.7880676758682101 0.8130008904719501 0.7880676758682101
