1 0.4888691006233304 0.37934105075690105 0.6847729296527159 0.37934105075690105 0.6847729296527159 0.5235975066785397 0.4888691006233304 0.5235975066785397
1 0.22261798753339274 0.44612644701691884 0.4318788958147819 0.44612644701691884 0.4318788958147819 0.5912733748886909 0.22261798753339274 0.5912733748886909
1 0.21464542263248043 0.3347184900158319 0.32763564919116384 0.22503760063670608 0.4560237299768452 0.357299459721973 0.34303350341816186 0.4669803491010988
1 0.5583259127337489 0.11932324131789848 0.7417631344612645 0.11932324131789848 0.7417631344612645 0.25467497773820125 0.5583259127337489 0.25467497773820125
1 0.7148308944961633 0.2739217213618504 0.8396737005813165 0.1708915988677898 0.991425720494528 0.35477129867254825 0.8665829144093748 0.4578014211666089
1 0.7257346393588603 0.5289403383793411 0.8824577025823688 0.5289403383793411 0.8824577025823688 0.6562778272484419 0.7257346393588603 0.6562778272484419
1 0.47996438112199463 0.5690115761353517 0.6625111308993766 0.5690115761353517 0.6625111308993766 0.7943009795191451 0.47996438112199463 0.7943009795191451
1 0.2573880578872026 0.5802635643914228 0.358548640304957 0.7141067965133733 0.15013576727563127 0.8716281540355398 0.04897518485787691 0.7377849219135895
1 0.3978639250521645 0.729106993090337 0.5785988122155126 0.7822643128442642 0.519566070807424 0.9829756336317602 0.33883118364407594 0.929818313877833
1 0.6616206589492432 0.6277827248441674 0.8361531611754229 0.6277827248441674 0.8361531611754229 0.8067675868210153 0.6616206589492432 0.8067675868210153
1 0.5921638468388245 0.7960819234194119 0.7898486197684764 0.7960819234194119 0.7898486197684764 0.999999999999999 0.5921638468388245 0.999999999999999
1 0.3481785104177322 0.5620546452106793 0.5050953153869154 0.5768581173775791 0.4861937068574276 0.7772151677902089 0.3292769018882442 0.7624116956233092
