7 0.45235975066785394 0.20124666073018696 0.6073018699910953 0.20124666073018696 0.6073018699910953 0.3624220837043633 0.45235975066785394 0.3624220837043633
7 0.48619768477292963 0.07123775601068566 0.6357969723953695 0.07123775601068566 0.6357969723953695 0.2413178984861977 0.48619768477292963 0.2413178984861977
7 0.3196794300979519 0.1674087266251113 0.4541406945681211 0.1674087266251113 0.4541406945681211 0.31255565449688333 0.3196794300979519 0.31255565449688333
7 0.19590382902938555 0.2680320569902048 0.3659839715048976 0.2680320569902048 0.3659839715048976 0.4541406945681211 0.19590382902938555 0.4541406945681211
7 0.6037399821905609 0.3428317008014248 0.711487088156723 0.3428317008014248 0.711487088156723 0.46393588601959035 0.6037399821905609 0.46393588601959035
7 0.6295636687444346 0.16829919857524486 0.7818343722172753 0.16829919857524486 0.7818343722172753 0.3606411398040962 0.6295636687444346 0.3606411398040962
7 0.39269813000890463 0.3374888691006233 0.5894924309884239 0.3374888691006233 0.5894924309884239 0.5289403383793411 0.39269813000890463 0.5289403383793411
7 0.3107747105966162 0.5707925200356189 0.5031166518254675 0.5707925200356189 0.5031166518254675 0.7871772039180766 0.3107747105966162 0.7871772039180766
7 0.12199465716829921 0.5253784505788067 0.3161175422974177 0.5253784505788067 0.3161175422974177 0.7604630454140696 0.12199465716829921 0.7604630454140696
7 0.6197684772929652 0.4220837043633125 0.7898486197684774 0.4220837043633125 0.7898486197684774 0.6170970614425646 0.6197684772929652 0.6170970614425646
