12 0.5188483229444939 0.5627782724844167 0.7028791926387653 0.5627782724844167 0.7028791926387653 0.6927871772039181 0.5188483229444939 0.6927871772039181
12 0.7681804689818937 0.6731967943009795 0.9676461858118136 0.6731967943009795 0.9676461858118136 0.8388245770258237 0.7681804689818937 0.8388245770258237
12 0.6731967943009795 0.6251113089937668 0.8311071534579993 0.6251113089937668 0.8311071534579993 0.753339269813001 0.6731967943009795 0.753339269813001
12 0.36212525972098547 0.7203918076580588 0.5556544968833481 0.7203918076580588 0.5556544968833481 0.854853072128228 0.36212525972098547 0.854853072128228
12 0.6019590382902937 0.7818343722172751 0.8168596022558621 0.7818343722172751 0.8168596022558621 0.9358860195903829 0.6019590382902937 0.9358860195903829
12 0.5307212822796082 0.6883348174532502 0.6743840902344911 0.6883348174532502 0.6743840902344911 0.7818343722172753 0.5307212822796082 0.7818343722172753
12 0.3716236271890769 0.5699020480854853 0.5509053131493024 0.5699020480854853 0.5509053131493024 0.7016918967052537 0.3716236271890769 0.7016918967052537
12 0.7206886316414366 0.41852181656277826 0.8726625111308993 0.41852181656277826 0.8726625111308993 0.5280498664292075 0.7206886316414366 0.5280498664292075
12 0.5520926090828139 0.4621549421193233 0.7040664885722766 0.4621549421193233 0.7040664885722766 0.577025823686554 0.5520926090828139 0.577025823686554
12 0.6838824577025824 0.5200356188780053 0.8382309290590679 0.5200356188780053 0.8382309290590679 0.6215494211932323 0.6838824577025824 0.6215494211932323
12 0.732561590976551 0.2965271593944791 0.8845354704660139 0.2965271593944791 0.8845354704660139 0.4158504007123776 0.732561590976551 0.4158504007123776
12 0.6257049569605224 0.3686553873552983 0.7622439893143367 0.3686553873552983 0.7622439893143367 0.4764024933214603 0.6257049569605224 0.4764024933214603
12 0.4915405164737311 0.41050756901157615 0.6221430691599882 0.41050756901157615 0.6221430691599882 0.4986642920747997 0.4915405164737311 0.4986642920747997
12 0.4369249035322055 0.4942119323241318 0.574651231819531 0.4942119323241318 0.574651231819531 0.5850400712377561 0.4369249035322055 0.5850400712377561
12 0.3514395963193826 0.42831700801424755 0.49628970020777685 0.42831700801424755 0.49628970020777685 0.5333926981300089 0.3514395963193826 0.5333926981300089
12 0.41911546452953397 0.3232413178984862 0.5414069456812112 0.3232413178984862 0.5414069456812112 0.41852181656277826 0.41911546452953397 0.41852181656277826
12 0.5425942416147225 0.3054318788958148 0.6874443455031166 0.3054318788958148 0.6874443455031166 0.40783615316117544 0.5425942416147225 0.40783615316117544
12 0.5888987830216682 0.20837043633125557 0.7171267438409024 0.20837043633125557 0.7171267438409024 0.30899376669634904 0.5888987830216682 0.30899376669634904
12 0.2398337785693084 0.6215494211932324 0.39893143365983974 0.6215494211932324 0.39893143365983974 0.7275155832591275 0.2398337785693084 0.7275155832591275
12 0.2790145443751855 0.28227960819234194 0.42505194419709114 0.28227960819234194 0.42505194419709114 0.3811219946571683 0.2790145443751855 0.3811219946571683
12 0.4689818937370139 0.170080142475512 0.6090828138913623 0.170080142475512 0.6090828138913623 0.26714158504007124 0.4689818937370139 0.26714158504007124
12 0.7931136835856336 0.5503116651825468 0.9403383793410507 0.5503116651825468 0.9403383793410507 0.6518254674977738 0.7931136835856336 0.6518254674977738
12 0.4238646482635797 0.8931433659839715 0.6090828138913624 0.8931433659839715 0.6090828138913624 1.0 0.4238646482635797 1.0
12 0.327693677649154 0.8121104185218165 0.4713564856040367 0.8121104185218165 0.4713564856040367 0.9349955476402493 0.327693677649154 0.9349955476402493
12 0.1792816859602256 0.7284060552092609 0.3644998515880083 0.7284060552092609 0.3644998515880083 0.8619768477292965 0.1792816859602256 0.8619768477292965
