0 0.27337488869100623 0.5164737310774711 0.4853072128227961 0.5164737310774711 0.4853072128227961 0.7515583259127337 0.27337488869100623 0.7515583259127337
0 0.03561887800534283 0.46838824577025806 0.2377560106856634 0.46838824577025806 0.2377560106856634 0.7061442564559216 0.03561887800534283 0.7061442564559216
0 0.564559216384684 0.5360641139804097 0.7684772929652717 0.5360641139804097 0.7684772929652717 0.7613535173642031 0.564559216384684 0.7613535173642031
0 0.5173642030276047 0.31255565449688333 0.7310774710596618 0.31255565449688333 0.7310774710596618 0.5271593944790739 0.5173642030276047 0.5271593944790739
0 0.41852181656277826 0.12644701691896706 0.6242208370436331 0.12644701691896706 0.6242208370436331 0.3517364203027605 0.41852181656277826 0.3517364203027605
0 0.767586821015138 0.2235084594835263 0.9608192341941229 0.2235084594835263 0.9608192341941229 0.41050756901157615 0.767586821015138 0.41050756901157615
0 0.7328584149599287 0.38557435440783616 0.9073909171861085 0.38557435440783616 0.9073909171861085 0.5583259127337489 0.7328584149599287 0.5583259127337489
0 0.8067675868210151 0.5396260017809439 0.9795191451469278 0.5396260017809439 0.9795191451469278 0.7390917186108638 0.8067675868210151 0.7390917186108638
0 0.2653606411398041 0.25289403383793413 0.4746215494211933 0.25289403383793413 0.4746215494211933 0.4541406945681211 0.2653606411398041 0.4541406945681211
0 0.16295636687444348 0.037399821905609976 0.35796972395369553 0.037399821905609976 0.35796972395369553 0.2341941228851291 0.16295636687444348 0.2341941228851291
0 0.12822796081923418 0.3089937666963491 0.26625111308993765 0.3089937666963491 0.26625111308993765 0.45592163846838824 0.12822796081923418 0.45592163846838824
