9 0.3205699020480855 0.5378450578806767 0.47462154942119317 0.5378450578806767 0.47462154942119317 0.686553873552983 0.3205699020480855 0.686553873552983
9 0.24398931433659843 0.3882457702582369 0.3962600178094389 0.3882457702582369 0.3962600178094389 0.5316117542297417 0.24398931433659843 0.5316117542297417
9 0.4968833481745324 0.4870881567230632 0.628673196794301 0.4870881567230632 0.628673196794301 0.6295636687444345 0.4968833481745324 0.6295636687444345
9 0.5431878895814782 0.3561887800534283 0.692787177203918 0.3561887800534283 0.692787177203918 0.4951024042742654 0.5431878895814782 0.4951024042742654
9 0.7479964381121992 0.46660730186999105 0.8851291184327693 0.46660730186999105 0.8851291184327693 0.5966162065894924 0.7479964381121992 0.5966162065894924
9 0.6473731077471059 0.5440783615316117 0.7684772929652716 0.5440783615316117 0.7684772929652716 0.667853962600178 0.6473731077471059 0.667853962600178
9 0.5066785396260017 0.6642920747996438 0.6829919857524487 0.6642920747996438 0.6829919857524487 0.8495102404274265 0.5066785396260017 0.8495102404274265
9 0.2217275155832591 0.616206589492431 0.3490650044523597 0.616206589492431 0.3490650044523597 0.7435440783615317 0.2217275155832591 0.7435440783615317
9 0.9002671415850402 0.6447016918967052 1.0 0.6447016918967052 1.0 0.7738201246660729 0.9002671415850402 0.7738201246660729
9 0.8227960819234196 0.7747105966162066 0.9545859305431879 0.7747105966162066 0.9545859305431879 0.90026714158504 0.8227960819234196 0.90026714158504
9 0.6731967943009797 0.7524487978628674 0.7916295636687446 0.7524487978628674 0.7916295636687446 0.8628673196794301 0.6731967943009797 0.8628673196794301
9 0.7444345503116652 0.6295636687444346 0.8913624220837045 0.6295636687444346 0.8913624220837045 0.7800534283170082 0.7444345503116652 0.7800534283170082
9 0.7925200356188778 0.3615316117542298 0.92520035618878 0.3615316117542298 0.92520035618878 0.47640249332146045 0.7925200356188778 0.47640249332146045
9 0.8628673196794302 0.4532502226179875 1.0 0.4532502226179875 1.0 0.5814781834372217 0.8628673196794302 0.5814781834372217
9 0.3597506678539626 0.6705253784505788 0.5200356188780053 0.6705253784505788 0.5200356188780053 0.819234194122885 0.3597506678539626 0.819234194122885
