11 0.7195013357079252 0.45414069456812123 0.8869100623330366 0.45414069456812123 0.8869100623330366 0.6268922528940339 0.7195013357079252 0.6268922528940339
11 0.7346393588601959 0.21727515583259133 0.8922528940338379 0.21727515583259133 0.8922528940338379 0.3766696349065005 0.7346393588601959 0.3766696349065005
11 0.25645592163846836 0.5102404274265361 0.446126447016919 0.5102404274265361 0.446126447016919 0.6936776491540516 0.25645592163846836 0.6936776491540516
11 0.03294746215494212 0.3570792520035619 0.2413178984861977 0.3570792520035619 0.2413178984861977 0.5716829919857525 0.03294746215494212 0.5716829919857525
11 0.2252894033837934 0.31522707034728403 0.3935886019590383 0.31522707034728403 0.3935886019590383 0.5111308993766697 0.2252894033837934 0.5111308993766697
11 0.41495992876224397 0.3490650044523598 0.5752448797862867 0.3490650044523598 0.5752448797862867 0.5253784505788067 0.41495992876224397 0.5253784505788067
11 0.5503116651825467 0.4372217275155833 0.7114870881567229 0.4372217275155833 0.7114870881567229 0.6090828138913624 0.5503116651825467 0.6090828138913624
11 0.45859305431878894 0.5627782724844167 0.6260017809439004 0.5627782724844167 0.6260017809439004 0.7105966162065896 0.45859305431878894 0.7105966162065896
11 0.018699910952804988 0.5699020480854853 0.16651825467497774 0.5699020480854853 0.16651825467497774 0.7257346393588603 0.018699910952804988 0.7257346393588603
11 0.8495102404274266 0.39536954585930556 1.0 0.39536954585930556 1.0 0.566340160284951 0.8495102404274266 0.566340160284951
11 0.6829919857524487 0.39269813000890474 0.8040961709706145 0.39269813000890474 0.8040961709706145 0.5138023152270703 0.6829919857524487 0.5138023152270703
11 0.5164737310774711 0.3365983971504897 0.653606411398041 0.3365983971504897 0.653606411398041 0.46660730186999105 0.5164737310774711 0.46660730186999105
11 0.5948352626892253 0.23152270703472838 0.6963490650044524 0.23152270703472838 0.6963490650044524 0.3365983971504897 0.5948352626892253 0.3365983971504897
