9 0.46215494211932323 0.5440783615316117 0.6357969723953695 0.5440783615316117 0.6357969723953695 0.7212822796081924 0.46215494211932323 0.7212822796081924
9 0.23686553873552982 0.5387355298308103 0.4113980409617098 0.5387355298308103 0.4113980409617098 0.6945681211041853 0.23686553873552982 0.6945681211041853
9 0.19857524487978628 0.68833481745325 0.40071237756010686 0.68833481745325 0.40071237756010686 0.877114870881567 0.19857524487978628 0.877114870881567
9 0.37310774710596617 0.6936776491540515 0.5761353517364202 0.6936776491540515 0.5761353517364202 0.8842386464826356 0.37310774710596617 0.8842386464826356
9 0.5832591273374889 0.622439893143366 0.8201246660730187 0.622439893143366 0.8201246660730187 0.8201246660730187 0.5832591273374889 0.8201246660730187
9 0.4951024042742654 0.40694568121104185 0.678539626001781 0.40694568121104185 0.678539626001781 0.5716829919857525 0.4951024042742654 0.5716829919857525
9 0.649154051647373 0.35173642030276037 0.7889581478183436 0.35173642030276037 0.7889581478183436 0.5244879786286731 0.649154051647373 0.5244879786286731
9 0.17898486197684776 0.3472840605520926 0.352626892252894 0.3472840605520926 0.352626892252894 0.5040071237756011 0.17898486197684776 0.5040071237756011
9 0.3597506678539626 0.3312555654496883 0.5093499554764025 0.3312555654496883 0.5093499554764025 0.4817453250222618 0.3597506678539626 0.4817453250222618
9 0.2894033837934106 0.45592163846838824 0.44523597506678536 0.45592163846838824 0.44523597506678536 0.578806767586821 0.2894033837934106 0.578806767586821
9 0.037399821905609976 0.3998219056099732 0.21638468388245768 0.3998219056099732 0.21638468388245768 0.560106856634016 0.037399821905609976 0.560106856634016
9 -1.1102230246251566e-17 0.5307212822796082 0.1878895814781835 0.5307212822796082 0.1878895814781835 0.7114870881567232 -1.1102230246251566e-17 0.7114870881567232
9 0.0 0.7195013357079248 0.11576135351736419 0.7195013357079248 0.11576135351736419 0.9358860195903824 0.0 0.9358860195903824
9 0.4007123775601069 0.8744434550311666 0.628673196794301 0.8744434550311666 0.628673196794301 1.0 0.4007123775601069 1.0
9 0.016918967052537832 0.8299198575244877 0.21104185218165625 0.8299198575244877 0.21104185218165625 0.9999999999999997 0.016918967052537832 0.9999999999999997
9 0.04007123775601071 0.6749777382012466 0.24042742653606414 0.6749777382012466 0.24042742653606414 0.878005342831701 0.04007123775601071 0.878005342831701
9 0.14158504007123776 0.21816562778272483 0.3107747105966162 0.21816562778272483 0.3107747105966162 0.365093499554764 0.14158504007123776 0.365093499554764
9 0.03561887800534283 0.2778272484416741 0.1807658058771149 0.2778272484416741 0.1807658058771149 0.42475512021371326 0.03561887800534283 0.42475512021371326
9 0.6883348174532502 0.8005342831700801 0.8744434550311666 0.8005342831700801 0.8744434550311666 0.9750667853962599 0.6883348174532502 0.9750667853962599
