11 0.6509349955476401 0.4416740872662511 0.8245770258236866 0.4416740872662511 0.8245770258236866 0.6179875333926981 0.6509349955476401 0.6179875333926981
11 0.4657168299198575 0.5111308993766697 0.659839715048976 0.5111308993766697 0.659839715048976 0.6981300089047195 0.4657168299198575 0.6981300089047195
11 0.5512021371326804 0.21905609973285844 0.717720391807658 0.21905609973285844 0.717720391807658 0.3909171861086376 0.5512021371326804 0.3909171861086376
11 0.2591273374888691 0.5057880676758683 0.4692787177203918 0.5057880676758683 0.4692787177203918 0.7105966162065895 0.2591273374888691 0.7105966162065895
11 0.14247551202137132 0.40160284951024044 0.33748886910062337 0.40160284951024044 0.33748886910062337 0.5966162065894925 0.14247551202137132 0.5966162065894925
11 0.7889581478183436 0.42742653606411396 0.9323241317898484 0.42742653606411396 0.9323241317898484 0.5903829029385576 0.7889581478183436 0.5903829029385576
11 0.46749777382012464 0.4078361531611755 0.6179875333926981 0.4078361531611755 0.6179875333926981 0.5485307212822796 0.46749777382012464 0.5485307212822796
11 0.3170080142475512 0.375779162956367 0.46393588601959035 0.375779162956367 0.46393588601959035 0.5209260908281389 0.3170080142475512 0.5209260908281389
11 0.13624220837043632 0.6384683882457702 0.3517364203027605 0.6384683882457702 0.3517364203027605 0.829919857524488 0.13624220837043632 0.829919857524488
11 0.9073909171861088 0.41050756901157615 1.0 0.41050756901157615 1.0 0.6179875333926982 0.9073909171861088 0.6179875333926982
11 0.6936776491540517 0.2813891362422084 0.8370436331255565 0.2813891362422084 0.8370436331255565 0.4363312555654497 0.6936776491540517 0.4363312555654497
11 0.597506678539626 0.38913624220837045 0.7248441674087265 0.38913624220837045 0.7248441674087265 0.5200356188780054 0.597506678539626 0.5200356188780054
11 0.4479073909171862 0.3392698130008905 0.5699020480854854 0.3392698130008905 0.5699020480854854 0.45592163846838824 0.4479073909171862 0.45592163846838824
11 0.13000890471950133 0.34995547640249325 0.27871772039180764 0.34995547640249325 0.27871772039180764 0.46215494211932323 0.13000890471950133 0.46215494211932323
