15 0.4122885129118432 0.182546749777382 0.628673196794301 0.182546749777382 0.628673196794301 0.40071237756010686 0.4122885129118432 0.40071237756010686
15 0.5992876224398932 0.0854853072128228 0.8352626892252893 0.0854853072128228 0.8352626892252893 0.327693677649154 0.5992876224398932 0.327693677649154
15 0.2404274265360641 0.321460373998219 0.5066785396260017 0.321460373998219 0.5066785396260017 0.5699020480854852 0.2404274265360641 0.5699020480854852
15 0.5841495992876224 0.5004452359750667 0.8771148708815673 0.5004452359750667 0.8771148708815673 0.7711487088156723 0.5841495992876224 0.7711487088156723
15 0.3873552983081033 0.5235975066785397 0.5868210151380231 0.5235975066785397 0.5868210151380231 0.7301869991095282 0.3873552983081033 0.7301869991095282
15 0.27248441674087265 0.705253784505788 0.5031166518254675 0.705253784505788 0.5031166518254675 0.9341050756901158 0.27248441674087265 0.9341050756901158
15 0.13446126447016915 0.6464826357969726 0.33926981300089043 0.6464826357969726 0.33926981300089043 0.8495102404274266 0.13446126447016915 0.8495102404274266
15 0.12110418521816561 0.45235975066785394 0.30632235084594833 0.45235975066785394 0.30632235084594833 0.653606411398041 0.12110418521816561 0.653606411398041
15 0.031166518254674976 0.176313446126447 0.29118432769367764 0.176313446126447 0.29118432769367764 0.4416740872662511 0.031166518254674976 0.4416740872662511
15 0.23597506678539626 0.06055209260908281 0.4683882457702582 0.06055209260908281 0.4683882457702582 0.30365093499554763 0.23597506678539626 0.30365093499554763
15 0.5859305431878896 0.32591273374888696 0.8032056990204808 0.32591273374888696 0.8032056990204808 0.5200356188780053 0.5859305431878896 0.5200356188780053
15 0.691006233303651 0.7319679430097952 0.9136242208370435 0.7319679430097952 0.9136242208370435 0.98753339269813 0.691006233303651 0.98753339269813
15 0.45681211041852143 0.8308103294746212 0.717720391807658 0.8308103294746212 0.717720391807658 0.9999999999999997 0.45681211041852143 0.9999999999999997
15 0.780053428317008 0.23775601068566346 0.9759572573463937 0.23775601068566346 0.9759572573463937 0.45235975066785394 0.780053428317008 0.45235975066785394
15 0.8459483526268923 0.5111308993766691 1.0000000000000002 0.5111308993766691 1.0000000000000002 0.7702582368655382 0.8459483526268923 0.7702582368655382
