11 0.581032947462155 0.5298308103294747 0.6524933214603739 0.5298308103294747 0.6524933214603739 0.6260017809439004 0.581032947462155 0.6260017809439004
11 0.6798753339269813 0.3472840605520926 0.7606856634016028 0.3472840605520926 0.7606856634016028 0.4434550311665182 0.6798753339269813 0.4434550311665182
11 0.6344612644701693 0.4113980409617098 0.6979073909171861 0.4113980409617098 0.6979073909171861 0.49777382012466614 0.6344612644701693 0.49777382012466614
11 0.5870436331255566 0.4568121104185219 0.652493321460374 0.4568121104185219 0.652493321460374 0.5378450578806767 0.5870436331255566 0.5378450578806767
11 0.7613535173642031 0.3009795191451469 0.8441674087266252 0.3009795191451469 0.8441674087266252 0.41495992876224397 0.7613535173642031 0.41495992876224397
11 0.7393143365983971 0.4078361531611755 0.818121104185218 0.4078361531611755 0.818121104185218 0.49599287622439897 0.7393143365983971 0.49599287622439897
11 0.6959038290293854 0.43187889581478184 0.7573463935886019 0.43187889581478184 0.7573463935886019 0.5227070347284061 0.6959038290293854 0.5227070347284061
11 0.6378005342831701 0.4888691006233304 0.7139358860195902 0.4888691006233304 0.7139358860195902 0.5743544078361531 0.6378005342831701 0.5743544078361531
11 0.5276046304541407 0.4292074799643812 0.6010685663401604 0.4292074799643812 0.6010685663401604 0.5093499554764025 0.5276046304541407 0.5093499554764025
11 0.5175868210151381 0.5040071237756011 0.5990650044523598 0.5040071237756011 0.5990650044523598 0.5957257346393589 0.5175868210151381 0.5957257346393589
11 0.6030721282279609 0.3419412288512912 0.6852181656277827 0.3419412288512912 0.6852181656277827 0.4211932324131789 0.6030721282279609 0.4211932324131789
11 0.6618432769367767 0.25200356188780054 0.7526714158504008 0.25200356188780054 0.7526714158504008 0.3579697239536955 0.6618432769367767 0.3579697239536955
11 0.7653606411398042 0.22617987533392703 0.8455031166518256 0.22617987533392703 0.8455031166518256 0.3232413178984862 0.7653606411398042 0.3232413178984862
11 0.7613535173642031 0.15494211932324134 0.8368210151380233 0.15494211932324134 0.8368210151380233 0.2466607301869991 0.7613535173642031 0.2466607301869991
11 0.6718610863757791 0.18699910952804988 0.7426536064113981 0.18699910952804988 0.7426536064113981 0.2715939447907391 0.6718610863757791 0.2715939447907391
11 0.5703472840605521 0.25467497773820125 0.6391362422083705 0.25467497773820125 0.6391362422083705 0.3330365093499555 0.5703472840605521 0.3330365093499555
11 0.8802315227070349 0.24131789848619772 0.9750667853962599 0.24131789848619772 0.9750667853962599 0.352626892252894 0.8802315227070349 0.352626892252894
11 0.8040961709706145 0.352626892252894 0.8989314336598399 0.352626892252894 0.8989314336598399 0.46037399821905606 0.8040961709706145 0.46037399821905606
11 0.7987533392698132 0.4479073909171861 0.8862422083704365 0.4479073909171861 0.8862422083704365 0.5485307212822796 0.7987533392698132 0.5485307212822796
