0 0.27960819234194123 0.3642030276046305 0.4870881567230631 0.3642030276046305 0.4870881567230631 0.5743544078361532 0.27960819234194123 0.5743544078361532
0 -1.7763568394002505e-17 0.6669634906500446 0.20569902048085484 0.6669634906500446 0.20569902048085484 0.8949243098842387 -1.7763568394002505e-17 0.8949243098842387
0 0.3232413178984862 0.560106856634016 0.5182546749777381 0.560106856634016 0.5182546749777381 0.7791629563668745 0.3232413178984862 0.7791629563668745
0 0.08014247551202137 0.11576135351736419 0.32769367764915397 0.11576135351736419 0.32769367764915397 0.36420302760463047 0.08014247551202137 0.36420302760463047
0 0.35440783615316124 0.06055209260908281 0.5609973285841496 0.06055209260908281 0.5609973285841496 0.28406055209260905 0.35440783615316124 0.28406055209260905
0 0.6651825467497774 0.07658058771148708 0.8521816562778272 0.07658058771148708 0.8521816562778272 0.2920747996438112 0.6651825467497774 0.2920747996438112
0 0.6669634906500446 0.3455031166518255 0.8138913624220837 0.3455031166518255 0.8138913624220837 0.49421193232413185 0.6669634906500446 0.49421193232413185
0 0.553873552983081 0.21371326803205698 0.7292965271593946 0.21371326803205698 0.7292965271593946 0.3864648263579697 0.553873552983081 0.3864648263579697
0 0.2920747996438112 0.23330365093499553 0.5057880676758681 0.23330365093499553 0.5057880676758681 0.4194122885129118 0.2920747996438112 0.4194122885129118
0 0.5129118432769367 0.5378450578806767 0.7337488869100622 0.5378450578806767 0.7337488869100622 0.7524487978628671 0.5129118432769367 0.7524487978628671
0 0.83793410507569 0.37488869100623323 1.0 0.37488869100623323 1.0 0.5743544078361532 0.83793410507569 0.5743544078361532
0 0.7043633125556545 0.6064113980409617 0.8895814781834372 0.6064113980409617 0.8895814781834372 0.8530721282279607 0.7043633125556545 0.8530721282279607
0 0.17542297417631347 0.7319679430097952 0.4390026714158505 0.7319679430097952 0.4390026714158505 0.9786286731967941 0.17542297417631347 0.9786286731967941
0 0.024042742653606407 0.4817453250222618 0.2466607301869991 0.4817453250222618 0.2466607301869991 0.6865538735529831 0.024042742653606407 0.6865538735529831
0 0.4639358860195904 0.7319679430097952 0.6847729296527161 0.7319679430097952 0.6847729296527161 0.9626001780943901 0.4639358860195904 0.9626001780943901
