0 0.05699020480854853 0.25556544968833483 0.19768477292965272 0.25556544968833483 0.19768477292965272 0.4176313446126447 0.05699020480854853 0.4176313446126447
0 0.25289403383793413 0.188780053428317 0.4176313446126447 0.188780053428317 0.4176313446126447 0.3508459483526269 0.25289403383793413 0.3508459483526269
0 0.8076580587711487 0.09528049866429207 0.9136242208370435 0.09528049866429207 0.9136242208370435 0.2217275155832591 0.8076580587711487 0.2217275155832591
0 0.36420302760463047 0.6438112199465716 0.5449688334817453 0.6438112199465716 0.5449688334817453 0.8245770258236866 0.36420302760463047 0.8245770258236866
0 0.6295636687444346 0.4220837043633125 0.7969723953695458 0.4220837043633125 0.7969723953695458 0.578806767586821 0.6295636687444346 0.578806767586821
0 0.053428317008014245 0.0943900267141585 0.20658949243098843 0.0943900267141585 0.20658949243098843 0.24487978628673193 0.053428317008014245 0.24487978628673193
0 0.0819234194122885 0.6028495102404274 0.25556544968833483 0.6028495102404274 0.25556544968833483 0.7720391807658059 0.0819234194122885 0.7720391807658059
0 4.34993883201308e-18 0.502226179875333 0.14603739982190558 0.502226179875333 0.14603739982190558 0.6794300979519136 4.34993883201308e-18 0.6794300979519136
0 0.39536954585930545 0.5253784505788067 0.5734639358860195 0.5253784505788067 0.5734639358860195 0.692787177203918 0.39536954585930545 0.692787177203918
0 0.3223508459483526 0.33303650934995516 0.48441674087266245 0.33303650934995516 0.48441674087266245 0.4951024042742652 0.3223508459483526 0.4951024042742652
