16 0.3811219946571683 0.37488869100623323 0.6304541406945681 0.37488869100623323 0.6304541406945681 0.6268922528940337 0.3811219946571683 0.6268922528940337
16 0.6179875333926982 0.24131789848619772 0.8334817453250223 0.24131789848619772 0.8334817453250223 0.4416740872662511 0.6179875333926982 0.4416740872662511
16 0.7328584149599287 0.06055209260908281 0.9180765805877115 0.06055209260908281 0.9180765805877115 0.28762243989314334 0.7328584149599287 0.28762243989314334
16 0.3419412288512912 0.10863757791629564 0.5307212822796082 0.10863757791629564 0.5307212822796082 0.27515583259127335 0.3419412288512912 0.27515583259127335
16 0.11932324131789848 0.19056099732858414 0.3561887800534283 0.19056099732858414 0.3561887800534283 0.4292074799643812 0.11932324131789848 0.4292074799643812
16 1.7763568394002505e-17 0.3668744434550312 0.21994657168299198 0.3668744434550312 0.21994657168299198 0.6108637577916296 1.7763568394002505e-17 0.6108637577916296
16 0.22707034728406061 0.38557435440783616 0.43811219946571683 0.38557435440783616 0.43811219946571683 0.6028495102404275 0.22707034728406061 0.6028495102404275
16 0.3597506678539626 0.26447016918967053 0.560106856634016 0.26447016918967053 0.560106856634016 0.4247551202137133 0.3597506678539626 0.4247551202137133
16 0.7203918076580598 0.39269813000890463 0.9456812110418522 0.39269813000890463 0.9456812110418522 0.6073018699910953 0.7203918076580598 0.6073018699910953
16 0.7729296527159394 0.680320569902048 0.9830810329474622 0.680320569902048 0.9830810329474622 0.90026714158504 0.7729296527159394 0.90026714158504
16 0.3882457702582369 0.7221727515583259 0.5796972395369547 0.7221727515583259 0.5796972395369547 0.8619768477292965 0.3882457702582369 0.8619768477292965
16 0.6500445235975065 0.7123775601068566 0.8352626892252893 0.7123775601068566 0.8352626892252893 0.9145146927871772 0.6500445235975065 0.9145146927871772
16 0.3285841495992876 0.8138913624220837 0.591273374888691 0.8138913624220837 0.591273374888691 1.0 0.3285841495992876 1.0
