12 0.5212229148115167 0.5173642030276047 0.6957554170376967 0.5173642030276047 0.6957554170376967 0.653606411398041 0.5212229148115167 0.653606411398041
12 0.5770258236865539 0.40872662511130897 0.755120213713268 0.40872662511130897 0.755120213713268 0.5325022261798753 0.5770258236865539 0.5325022261798753
12 0.7396853665776194 0.383793410507569 0.902344909468685 0.383793410507569 0.902344909468685 0.49510240427426544 0.7396853665776194 0.49510240427426544
12 0.6791332739685366 0.4728406055209261 0.8453547046601365 0.4728406055209261 0.8453547046601365 0.5939447907390918 0.6791332739685366 0.5939447907390918
12 0.46660730186999105 0.3864648263579697 0.6150192935589196 0.3864648263579697 0.6150192935589196 0.4977738201246661 0.46660730186999105 0.4977738201246661
12 0.3680617393885426 0.48085485307212816 0.5425942416147225 0.48085485307212816 0.5425942416147225 0.6144256455921638 0.3680617393885426 0.6144256455921638
12 0.3229444939151083 0.6179875333926982 0.5259720985455624 0.6179875333926982 0.5259720985455624 0.7693677649154054 0.3229444939151083 0.7693677649154054
12 0.550905313149302 0.7257346393588598 0.7634312852478478 0.7257346393588598 0.7634312852478478 0.8913624220837044 0.550905313149302 0.8913624220837044
12 0.7254378153754825 0.6634016028495094 0.9344018996734934 0.6634016028495094 0.9344018996734934 0.8236865538735524 0.7254378153754825 0.8236865538735524
12 0.8702879192638765 0.5957257346393589 1.0 0.5957257346393589 1.0 0.711487088156723 0.8702879192638765 0.711487088156723
12 0.632828732561591 0.5859305431878896 0.8097358266547937 0.5859305431878896 0.8097358266547937 0.7008014247551202 0.632828732561591 0.7008014247551202
12 0.616206589492431 0.22617987533392697 0.7658058771148709 0.22617987533392697 0.7658058771148709 0.3250222617987533 0.616206589492431 0.3250222617987533
12 0.5449688334817454 0.3285841495992875 0.6743840902344911 0.3285841495992875 0.6743840902344911 0.4176313446126447 0.5449688334817454 0.4176313446126447
12 0.6791332739685366 0.3178984861976848 0.8275452656574652 0.3178984861976848 0.8275452656574652 0.41317898486197696 0.6791332739685366 0.41317898486197696
12 0.807361234787771 0.26447016918967053 0.9676461858118136 0.26447016918967053 0.9676461858118136 0.3820124666073018 0.807361234787771 0.3820124666073018
12 0.4974769961412883 0.21638468388245774 0.6375779162956366 0.21638468388245774 0.6375779162956366 0.3250222617987534 0.4974769961412883 0.3250222617987534
12 0.39536954585930545 0.32591273374888696 0.5378450578806767 0.32591273374888696 0.5378450578806767 0.42564559216384684 0.39536954585930545 0.42564559216384684
12 0.3680617393885426 0.2466607301869991 0.4974769961412882 0.2466607301869991 0.4974769961412882 0.3259127337488869 0.3680617393885426 0.3259127337488869
12 0.352626892252894 0.13624220837043635 0.4974769961412883 0.13624220837043635 0.4974769961412883 0.24487978628673202 0.352626892252894 0.24487978628673202
12 0.3383793410507569 0.7889581478183438 0.5057880676758681 0.7889581478183438 0.5057880676758681 0.9073909171861088 0.3383793410507569 0.9073909171861088
12 0.20540219649747699 0.8263579697239536 0.377560106856634 0.8263579697239536 0.377560106856634 0.9670525378450577 0.20540219649747699 0.9670525378450577
12 0.14841199168892846 0.597506678539626 0.3229444939151083 0.597506678539626 0.3229444939151083 0.7230632235084596 0.14841199168892846 0.7230632235084596
12 0.24220837043633123 0.4933214603739982 0.40130602552686256 0.4933214603739982 0.40130602552686256 0.6135351736420303 0.24220837043633123 0.6135351736420303
