1 0.23152270703472838 0.47818343722172757 0.39269813000890474 0.47818343722172757 0.39269813000890474 0.6536064113980411 0.23152270703472838 0.6536064113980411
1 0.39715048975957257 0.5057880676758683 0.5289403383793411 0.5057880676758683 0.5289403383793411 0.6482635796972396 0.39715048975957257 0.6482635796972396
1 0.5636687444345503 0.6019590382902938 0.7025823686553874 0.6019590382902938 0.7025823686553874 0.7373107747105966 0.5636687444345503 0.7373107747105966
1 0.6473731077471059 0.5467497773820125 0.7987533392698128 0.5467497773820125 0.7987533392698128 0.6847729296527161 0.6473731077471059 0.6847729296527161
1 0.597506678539626 0.44078361531611754 0.7515583259127337 0.44078361531611754 0.7515583259127337 0.566340160284951 0.597506678539626 0.566340160284951
1 0.23864648263579696 0.32680320569902044 0.40872662511130897 0.32680320569902044 0.40872662511130897 0.44256455921638466 0.23864648263579696 0.44256455921638466
1 0.2146037399821906 0.21994657168299198 0.34728406055209265 0.21994657168299198 0.34728406055209265 0.333926981300089 0.2146037399821906 0.333926981300089
1 0.2778272484416741 0.10685663401602849 0.44434550311665194 0.10685663401602849 0.44434550311665194 0.2288512911843277 0.2778272484416741 0.2288512911843277
1 0.4229741763134461 0.17720391807658062 0.6073018699910953 0.17720391807658062 0.6073018699910953 0.3348174532502226 0.4229741763134461 0.3348174532502226
1 0.007123775601068566 0.40338379341050756 0.2065894924309884 0.40338379341050756 0.2065894924309884 0.5387355298308104 0.007123775601068566 0.5387355298308104
1 0.004452359750667854 0.25200356188780054 0.195013357079252 0.25200356188780054 0.195013357079252 0.40338379341050756 0.004452359750667854 0.40338379341050756
1 0.04630454140694569 0.15316117542297417 0.22885129118432773 0.15316117542297417 0.22885129118432773 0.29741763134461263 0.04630454140694569 0.29741763134461263
1 0.35084594835262695 0.6206589492430988 0.4951024042742654 0.6206589492430988 0.4951024042742654 0.8281389136242209 0.35084594835262695 0.8281389136242209
1 0.16562778272484413 0.6188780053428317 0.31433659839715045 0.6188780053428317 0.31433659839715045 0.7907390917186108 0.16562778272484413 0.7907390917186108
1 0.3766696349065004 0.7934105075690114 0.5565449688334818 0.7934105075690114 0.5565449688334818 0.9483526268922529 0.3766696349065004 0.9483526268922529
1 0.5262689225289403 0.7346393588601959 0.7159394479073908 0.7346393588601959 0.7159394479073908 0.9073909171861088 0.5262689225289403 0.9073909171861088
1 0.44523597506678536 0.42831700801424755 0.5868210151380232 0.42831700801424755 0.5868210151380232 0.5431878895814782 0.44523597506678536 0.5431878895814782
1 0.5917812706397044 0.30493247134636264 0.7493246344126642 0.3868194174882393 0.7037390308922281 0.4745221546960355 0.5461956671192684 0.39263520855415884
1 2.636779683484747e-18 0.6883348174532502 0.1495992876224399 0.6883348174532502 0.1495992876224399 0.8958147818343722 2.636779683484747e-18 0.8958147818343722
1 0.2466607301869991 0.8414959928762243 0.39626001780943904 0.8414959928762243 0.39626001780943904 0.993766696349065 0.2466607301869991 0.993766696349065
1 0.10418521816562779 0.7791629563668745 0.2680320569902048 0.7791629563668745 0.2680320569902048 0.948352626892253 0.10418521816562779 0.948352626892253
1 0.10952804986642921 0.49777382012466614 0.2894033837934105 0.49777382012466614 0.2894033837934105 0.6518254674977739 0.10952804986642921 0.6518254674977739
1 0.433659839715049 0.32413178984861973 0.5725734639358862 0.32413178984861973 0.5725734639358862 0.4434550311665182 0.433659839715049 0.4434550311665182
