4 0.47996438112199463 0.560106856634016 0.8023152270703472 0.560106856634016 0.8023152270703472 0.8014247551202138 0.47996438112199463 0.8014247551202138
4 0.13357079252003562 0.5066785396260017 0.43455031166518265 0.5066785396260017 0.43455031166518265 0.7658058771148707 0.13357079252003562 0.7658058771148707
4 0.3285841495992876 0.740872662511131 0.6883348174532502 0.740872662511131 0.6883348174532502 1.0 0.3285841495992876 1.0
4 0.019590382902938557 0.7284060552092619 0.3446126447016919 0.7284060552092619 0.3446126447016919 1.0000000000000002 0.019590382902938557 1.0000000000000002
4 0.26001780943900266 0.3472840605520926 0.5075690115761352 0.3472840605520926 0.5075690115761352 0.560106856634016 0.26001780943900266 0.560106856634016
4 0.44523597506678536 0.12644701691896706 0.6785396260017809 0.12644701691896706 0.6785396260017809 0.3455031166518254 0.44523597506678536 0.3455031166518254
4 0.7471059661620658 0.25200356188780054 0.9750667853962599 0.25200356188780054 0.9750667853962599 0.40872662511130897 0.7471059661620658 0.40872662511130897
4 0.709706144256456 0.433659839715049 0.9670525378450578 0.433659839715049 0.9670525378450578 0.717720391807658 0.709706144256456 0.717720391807658
4 0.7168299198575245 0.7141585040071238 1.0 0.7141585040071238 1.0 1.0 0.7168299198575245 1.0
4 -8.881784197001253e-18 0.0819234194122885 0.2591273374888691 0.0819234194122885 0.2591273374888691 0.2902938557435441 -8.881784197001253e-18 0.2902938557435441
