12 0.597506678539626 0.5307212822796082 0.7871772039180766 0.5307212822796082 0.7871772039180766 0.6847729296527161 0.597506678539626 0.6847729296527161
12 0.2466607301869991 0.4372217275155833 0.4176313446126447 0.4372217275155833 0.4176313446126447 0.5859305431878896 0.2466607301869991 0.5859305431878896
12 0.3668744434550312 0.37488869100623323 0.5262689225289403 0.37488869100623323 0.5262689225289403 0.5209260908281389 0.3668744434550312 0.5209260908281389
12 0.7951914514692787 0.2983081032947462 0.9492430988423863 0.2983081032947462 0.9492430988423863 0.45770258236865535 0.7951914514692787 0.45770258236865535
12 0.6669634906500447 0.3196794300979519 0.7969723953695459 0.3196794300979519 0.7969723953695459 0.4505788067675868 0.6669634906500447 0.4505788067675868
12 0.5040071237756011 0.4256455921638469 0.6375779162956368 0.4256455921638469 0.6375779162956368 0.553873552983081 0.5040071237756011 0.553873552983081
12 0.6473731077471059 0.44078361531611754 0.7871772039180764 0.44078361531611754 0.7871772039180764 0.5672306322350845 0.6473731077471059 0.5672306322350845
12 0.3009795191451469 0.591273374888691 0.4568121104185219 0.591273374888691 0.4568121104185219 0.7586821015138023 0.3009795191451469 0.7586821015138023
12 0.11398040961709706 0.5966162065894924 0.3027604630454141 0.5966162065894924 0.3027604630454141 0.7836153161175423 0.11398040961709706 0.7836153161175423
12 0.10062333036509348 0.341941228851291 0.26090828138913624 0.341941228851291 0.26090828138913624 0.5004452359750667 0.10062333036509348 0.5004452359750667
12 0.23597506678539631 0.2715939447907391 0.4042742653606411 0.2715939447907391 0.4042742653606411 0.42119323241317896 0.23597506678539631 0.42119323241317896
12 0.41852181656277826 0.2493321460373998 0.5681211041852181 0.2493321460373998 0.5681211041852181 0.39269813000890474 0.41852181656277826 0.39269813000890474
12 0.5378450578806767 0.29385574354407834 0.6847729296527161 0.29385574354407834 0.6847729296527161 0.4514692787177204 0.5378450578806767 0.4514692787177204
12 0.5556544968833481 0.14959928762243993 0.7061442564559217 0.14959928762243993 0.7061442564559217 0.30899376669634904 0.5556544968833481 0.30899376669634904
12 0.6901157613535173 0.17542297417631347 0.8539626001780942 0.17542297417631347 0.8539626001780942 0.3330365093499555 0.6901157613535173 0.3330365093499555
