15 0.35262689225289406 0.25467497773820114 0.5948352626892256 0.25467497773820114 0.5948352626892256 0.49599287622439897 0.35262689225289406 0.49599287622439897
15 0.09528049866429207 0.21816562778272483 0.3472840605520926 0.21816562778272483 0.3472840605520926 0.46838824577025806 0.09528049866429207 0.46838824577025806
15 0.7114870881567231 0.42475512021371314 0.929652715939448 0.42475512021371314 0.929652715939448 0.6500445235975066 0.7114870881567231 0.6500445235975066
15 0.5672306322350846 0.3232413178984862 0.7426536064113979 0.3232413178984862 0.7426536064113979 0.4692787177203918 0.5672306322350846 0.4692787177203918
15 0.4060552092609083 0.4728406055209261 0.6215494211932324 0.4728406055209261 0.6215494211932324 0.6571682991985752 0.4060552092609083 0.6571682991985752
15 0.19056099732858414 0.5930543187889582 0.43989314336598395 0.5930543187889582 0.43989314336598395 0.8406055209260909 0.19056099732858414 0.8406055209260909
15 0.4425645592163846 0.6313446126447017 0.6384683882457701 0.6313446126447017 0.6384683882457701 0.8486197684772929 0.4425645592163846 0.8486197684772929
15 0.6580587711487088 0.6117542297417632 0.8352626892252893 0.6117542297417632 0.8352626892252893 0.7853962600178095 0.6580587711487088 0.7853962600178095
15 0.025823686553873553 0.4772929652715939 0.2154942119323241 0.4772929652715939 0.2154942119323241 0.6669634906500446 0.025823686553873553 0.6669634906500446
15 0.21816562778272483 0.41852181656277826 0.40694568121104185 0.41852181656277826 0.40694568121104185 0.6117542297417631 0.21816562778272483 0.6117542297417631
15 0.18165627782724844 -8.881784197001253e-18 0.3909171861086376 -8.881784197001253e-18 0.3909171861086376 0.188780053428317 0.18165627782724844 0.188780053428317
15 0.0026714158504007124 0.051647373107747106 0.20480854853072128 0.051647373107747106 0.20480854853072128 0.2769367764915405 0.0026714158504007124 0.2769367764915405
15 0.37488869100623323 0.06233303650934995 0.5209260908281388 0.06233303650934995 0.5209260908281388 0.25022261798753337 0.37488869100623323 0.25022261798753337
15 5.273559366969494e-18 0.6580587711487088 0.170080142475512 0.6580587711487088 0.170080142475512 0.8762243989314337 5.273559366969494e-18 0.8762243989314337
