5 0.622439893143366 0.6349065004452361 0.7382012466607302 0.6349065004452361 0.7382012466607302 0.7506678539626002 0.622439893143366 0.7506678539626002
5 0.07034728406055209 0.03205699020480848 0.6010685663401595 0.03205699020480848 0.6010685663401595 0.8815672306322343 0.07034728406055209 0.8815672306322343
5 0.5805877114870882 0.4256455921638469 0.6910062333036509 0.4256455921638469 0.6910062333036509 0.5512021371326803 0.5805877114870882 0.5512021371326803
5 0.0 0.2146037399821906 0.14069456812110417 0.2146037399821906 0.14069456812110417 0.3268032056990205 0.0 0.3268032056990205
5 0.011576135351736423 0.13268032056990206 0.12377560106856635 0.13268032056990206 0.12377560106856635 0.22172751558325915 0.011576135351736423 0.22172751558325915
5 0.16473731077471063 0.13089937666963491 0.24577025823686555 0.13089937666963491 0.24577025823686555 0.21905609973285842 0.16473731077471063 0.21905609973285842
5 0.08904719501335707 0.08726625111308994 0.18521816562778276 0.08726625111308994 0.18521816562778276 0.15939447907390916 0.08904719501335707 0.15939447907390916
5 0.02226179875333927 0.016918967052537846 0.13446126447016918 0.016918967052537846 0.13446126447016918 0.09973285841495994 0.02226179875333927 0.09973285841495994
5 0.12199465716829921 0.2056990204808549 0.21371326803205698 0.2056990204808549 0.21371326803205698 0.288512911843277 0.12199465716829921 0.288512911843277
5 5.273559366969494e-18 0.31522707034728403 0.08370436331255567 0.31522707034728403 0.08370436331255567 0.4140694568121103 5.273559366969494e-18 0.4140694568121103
5 0.5672306322350846 0.7141585040071238 0.6731967943009797 0.7141585040071238 0.6731967943009797 0.8290293855743543 0.5672306322350846 0.8290293855743543
5 0.4755120213713269 0.8040961709706145 0.5850400712377563 0.8040961709706145 0.5850400712377563 0.9260908281389139 0.4755120213713269 0.9260908281389139
5 0.36420302760463047 0.8993766696349065 0.49421193232413174 0.8993766696349065 0.49421193232413174 1.0 0.36420302760463047 1.0
5 0.5609973285841496 0.572573463935886 0.6794300979519146 0.572573463935886 0.6794300979519146 0.684772929652716 0.5609973285841496 0.684772929652716
