0 0.1674087266251113 0.5004452359750667 0.35262689225289406 0.5004452359750667 0.35262689225289406 0.678539626001781 0.1674087266251113 0.678539626001781
0 0.30008904719501334 0.19590382902938558 0.47016918967052546 0.19590382902938558 0.47016918967052546 0.3668744434550312 0.30008904719501334 0.3668744434550312
0 0.3944790739091718 0.08370436331255565 0.5155832591273375 0.08370436331255565 0.5155832591273375 0.21015138023152272 0.3944790739091718 0.21015138023152272
0 0.5004452359750667 0.22083704363312556 0.6536064113980411 0.22083704363312556 0.6536064113980411 0.3882457702582368 0.5004452359750667 0.3882457702582368
0 0.7613535173642031 0.13891362422083706 0.934105075690116 0.13891362422083706 0.934105075690116 0.31967943009795197 0.7613535173642031 0.31967943009795197
0 0.649154051647373 0.5218165627782725 0.8094390026714158 0.5218165627782725 0.8094390026714158 0.6954585930543188 0.649154051647373 0.6954585930543188
0 0.7773820124666073 0.47818343722172757 0.9572573463935886 0.47818343722172757 0.9572573463935886 0.6642920747996438 0.7773820124666073 0.6642920747996438
0 0.40961709706144256 0.5921638468388246 0.603739982190561 0.5921638468388246 0.603739982190561 0.7782724844167409 0.40961709706144256 0.7782724844167409
0 0.5957257346393589 0.7907390917186109 0.7666963490650046 0.7907390917186109 0.7666963490650046 0.9706144256455922 0.5957257346393589 0.9706144256455922
0 0.7586821015138021 0.6714158504007124 0.9510240427426535 0.6714158504007124 0.9510240427426535 0.8432769367764915 0.7586821015138021 0.8432769367764915
0 0.8005342831700801 0.8575244879786286 0.9955476402493323 0.8575244879786286 0.9955476402493323 1.0 0.8005342831700801 1.0
0 0.17720391807658062 0.7818343722172751 0.3668744434550311 0.7818343722172751 0.3668744434550311 0.9768477292965271 0.17720391807658062 0.9768477292965271
0 0.33481745325022255 0.5013357079252003 0.4853072128227961 0.5013357079252003 0.4853072128227961 0.6589492430988424 0.33481745325022255 0.6589492430988424
