0 0.12199465716829921 0.25467497773820125 0.25022261798753337 0.25467497773820125 0.25022261798753337 0.390026714158504 0.12199465716829921 0.390026714158504
0 0.25645592163846836 0.2493321460373998 0.3766696349065005 0.2493321460373998 0.3766696349065005 0.3615316117542298 0.25645592163846836 0.3615316117542298
0 0.3624220837043633 0.3045414069456812 0.4755120213713268 0.3045414069456812 0.4755120213713268 0.4158504007123775 0.3624220837043633 0.4158504007123775
0 0.4300979519145147 0.4042742653606412 0.5396260017809439 0.4042742653606412 0.5396260017809439 0.5022261798753339 0.4300979519145147 0.5022261798753339
0 0.7524487978628673 0.48441674087266245 0.9073909171861085 0.48441674087266245 0.9073909171861085 0.6188780053428315 0.7524487978628673 0.6188780053428315
0 0.42653606411398043 0.5084594835262689 0.5903829029385574 0.5084594835262689 0.5903829029385574 0.6455921638468387 0.42653606411398043 0.6455921638468387
0 0.24487978628673196 0.6571682991985752 0.4078361531611754 0.6571682991985752 0.4078361531611754 0.8450578806767588 0.24487978628673196 0.8450578806767588
0 0.5912733748886912 0.6179875333926982 0.7328584149599291 0.6179875333926982 0.7328584149599291 0.7622439893143368 0.5912733748886912 0.7622439893143368
0 0.6242208370436332 0.20926090828138913 0.7542297417631346 0.20926090828138913 0.7542297417631346 0.3241317898486198 0.6242208370436332 0.3241317898486198
0 0.5164737310774711 0.21816562778272483 0.6331255565449688 0.21816562778272483 0.6331255565449688 0.35262689225289395 0.5164737310774711 0.35262689225289395
0 0.48797862867319686 0.16473731077471063 0.5903829029385576 0.16473731077471063 0.5903829029385576 0.2591273374888691 0.48797862867319686 0.2591273374888691
0 0.3989314336598396 0.2235084594835263 0.5218165627782724 0.2235084594835263 0.5218165627782724 0.3365983971504897 0.3989314336598396 0.3365983971504897
0 0.7230632235084596 0.13624220837043632 0.8138913624220837 0.13624220837043632 0.8138913624220837 0.22528940338379339 0.7230632235084596 0.22528940338379339
0 0.5494211932324132 0.7586821015138024 0.6954585930543188 0.7586821015138024 0.6954585930543188 0.898486197684773 0.5494211932324132 0.898486197684773
0 0.8317008014247552 0.6340160284951024 0.98753339269813 0.6340160284951024 0.98753339269813 0.8049866429207478 0.8317008014247552 0.8049866429207478
0 0.8664292074799644 0.8076580587711487 1.0 0.8076580587711487 1.0 0.9403383793410507 0.8664292074799644 0.9403383793410507
0 0.47462154942119317 0.6518254674977739 0.597506678539626 0.6518254674977739 0.597506678539626 0.7595725734639359 0.47462154942119317 0.7595725734639359
0 0.19590382902938558 0.5057880676758683 0.3365983971504898 0.5057880676758683 0.3365983971504898 0.6215494211932324 0.19590382902938558 0.6215494211932324
0 0.11041852181656278 0.6028495102404274 0.2537845057880676 0.6028495102404274 0.2537845057880676 0.755120213713268 0.11041852181656278 0.755120213713268
0 0.24309884238646481 0.3410507569011576 0.3829029385574355 0.3410507569011576 0.3829029385574355 0.4755120213713268 0.24309884238646481 0.4755120213713268
0 0.5636687444345503 0.39893143365983974 0.6580587711487087 0.39893143365983974 0.6580587711487087 0.5138023152270703 0.5636687444345503 0.5138023152270703
0 0.7177203918076576 0.3241317898486196 0.8308103294746213 0.3241317898486196 0.8308103294746213 0.4283170080142474 0.7177203918076576 0.4283170080142474
0 0.8913624220837043 0.22707034728406061 0.9982190560997329 0.22707034728406061 0.9982190560997329 0.3401602849510241 0.8913624220837043 0.3401602849510241
