12 0.5782131196200653 0.3882457702582368 0.765805877114871 0.3882457702582368 0.765805877114871 0.5191451469278717 0.5782131196200653 0.5191451469278717
12 0.3716236271890769 0.45592163846838824 0.5212229148115167 0.45592163846838824 0.5212229148115167 0.5503116651825468 0.3716236271890769 0.5503116651825468
12 0.3680617393885426 0.3365983971504897 0.5200356188780053 0.3365983971504897 0.5200356188780053 0.44523597506678536 0.3680617393885426 0.44523597506678536
12 0.2873256159097655 0.4131789848619768 0.4238646482635797 0.4131789848619768 0.4238646482635797 0.5084594835262689 0.2873256159097655 0.5084594835262689
12 0.22439893143365983 0.5066785396260017 0.3787474027901455 0.5066785396260017 0.3787474027901455 0.628673196794301 0.22439893143365983 0.628673196794301
12 0.344315820718314 0.5405164737310775 0.5093499554764025 0.5405164737310775 0.5093499554764025 0.6482635796972396 0.344315820718314 0.6482635796972396
12 0.49628970020777663 0.5601068566340157 0.6126447016918968 0.5601068566340157 0.6126447016918968 0.6607301869991096 0.49628970020777663 0.6607301869991096
12 0.5936479667557139 0.5957257346393589 0.749183734045711 0.5957257346393589 0.749183734045711 0.705253784505788 0.5936479667557139 0.705253784505788
12 0.41080439299495397 0.6838824577025823 0.632828732561591 0.6838824577025823 0.632828732561591 0.844167408726625 0.41080439299495397 0.844167408726625
12 0.197091124962897 0.6108637577916296 0.37281092312258834 0.6108637577916296 0.37281092312258834 0.740872662511131 0.197091124962897 0.740872662511131
12 0.344315820718314 0.6571682991985754 0.508162659542891 0.6571682991985754 0.508162659542891 0.7738201246660732 0.344315820718314 0.7738201246660732
12 0.5877114870881567 0.7186108637577917 0.7954882754526565 0.7186108637577917 0.7954882754526565 0.8824577025823688 0.5877114870881567 0.8824577025823688
12 0.2825764321757198 0.19323241317898485 0.44642327100029683 0.19323241317898485 0.44642327100029683 0.3107747105966162 0.2825764321757198 0.3107747105966162
12 0.24220837043633123 0.28138913624220835 0.3787474027901454 0.28138913624220835 0.3787474027901454 0.37043633125556547 0.24220837043633123 0.37043633125556547
12 0.19471653309587414 0.37043633125556547 0.35737607598693977 0.37043633125556547 0.35737607598693977 0.4666073018699911 0.19471653309587414 0.4666073018699911
12 0.49628970020777674 0.29118432769367764 0.6031463342238053 0.29118432769367764 0.6031463342238053 0.3686553873552983 0.49628970020777674 0.3686553873552983
12 0.5687147521519739 0.22350845948352627 0.6862570495696052 0.22350845948352627 0.6862570495696052 0.3072128227960819 0.5687147521519739 0.3072128227960819
12 0.5841495992876226 0.30632235084594833 0.707628376372811 0.30632235084594833 0.707628376372811 0.3882457702582369 0.5841495992876226 0.3882457702582369
12 0.27070347284060553 0.8076580587711487 0.4951024042742654 0.8076580587711487 0.4951024042742654 0.981300089047195 0.27070347284060553 0.981300089047195
12 0.04749183734045711 0.780053428317008 0.255268625704957 0.780053428317008 0.255268625704957 0.9465716829919856 0.04749183734045711 0.9465716829919856
12 0.06055209260908281 0.634906500445236 0.22914811516770556 0.634906500445236 0.22914811516770556 0.7702582368655387 0.06055209260908281 0.7702582368655387
12 0.1329771445532799 0.5583259127337489 0.26714158504007124 0.5583259127337489 0.26714158504007124 0.6455921638468388 0.1329771445532799 0.6455921638468388
12 0.1709706144256456 0.4692787177203918 0.3027604630454141 0.4692787177203918 0.3027604630454141 0.5565449688334817 0.1709706144256456 0.5565449688334817
12 0.027307806470762842 0.4995547640249331 0.19115464529533985 0.4995547640249331 0.19115464529533985 0.6135351736420301 0.027307806470762842 0.6135351736420301
12 0.09260908281389138 0.3935886019590383 0.22321163550014847 0.3935886019590383 0.22321163550014847 0.4861976847729296 0.09260908281389138 0.4861976847729296
