0 0.7978628673196795 0.5182546749777382 0.9572573463935886 0.5182546749777382 0.9572573463935886 0.6571682991985752 0.7978628673196795 0.6571682991985752
0 0.8130008904719501 0.7105966162065895 0.9741763134461264 0.7105966162065895 0.9741763134461264 0.867319679430098 0.8130008904719501 0.867319679430098
0 0.16295636687444348 0.8512911843276938 0.321460373998219 0.8512911843276938 0.321460373998219 0.9884238646482637 0.16295636687444348 0.9884238646482637
0 0.13178984861976847 0.642920747996438 0.2555654496883349 0.642920747996438 0.2555654496883349 0.7702582368655386 0.13178984861976847 0.7702582368655386
0 0.0 0.679430097951914 0.11665182546749785 0.679430097951914 0.11665182546749785 0.835262689225289 0.0 0.835262689225289
0 0.3161175422974176 0.7444345503116652 0.4968833481745325 0.7444345503116652 0.4968833481745325 0.8904719501335707 0.3161175422974176 0.8904719501335707
0 0.1558325912733749 0.5716829919857525 0.2804986642920749 0.5716829919857525 0.2804986642920749 0.6634016028495103 0.1558325912733749 0.6634016028495103
0 0.0017809439002671415 0.5627782724844167 0.12199465716829919 0.5627782724844167 0.12199465716829919 0.6749777382012467 0.0017809439002671415 0.6749777382012467
0 0.44879786286731965 0.6749777382012465 0.5930543187889582 0.6749777382012465 0.5930543187889582 0.8236865538735529 0.44879786286731965 0.8236865538735529
0 0.5191451469278717 0.8388245770258237 0.6634016028495102 0.8388245770258237 0.6634016028495102 0.9902048085485308 0.5191451469278717 0.9902048085485308
