1 0.38958016989366656 0.4977097500162512 0.5084357229786954 0.5252061839389015 0.47150620588550046 0.6848369997611313 0.3526506528004716 0.6573405658384809
1 0.20750080617852157 0.37903718180473667 0.3391614483992104 0.32008465543726616 0.410486727214175 0.47937777812402604 0.27882608499348616 0.5383303044914967
1 0.24131789848619772 0.20926090828138913 0.4033837934105077 0.20926090828138913 0.4033837934105077 0.3187889581478183 0.24131789848619772 0.3187889581478183
1 0.40052935041677196 0.07493245092027107 0.5028662541345403 0.0006626305006301465 0.6201130817985357 0.1622178523399842 0.5177761780807674 0.23648767275962515
1 0.4595489529079168 0.2860081681313363 0.5936705904443383 0.33477967269003034 0.563239329261197 0.41846564094367683 0.42911769172477554 0.36969413638498283
1 0.39536954585930545 0.377560106856634 0.5173642030276046 0.377560106856634 0.5173642030276046 0.5057880676758681 0.39536954585930545 0.5057880676758681
1 0.5814781834372217 0.47195013357079235 0.7097061442564558 0.47195013357079235 0.7097061442564558 0.6001780943900266 0.5814781834372217 0.6001780943900266
1 0.5869636858776789 0.33767173714170773 0.7434142315840612 0.27972709058379575 0.7795992535175928 0.3774266498043438 0.6231487078112106 0.4353712963622558
1 0.14069456812110417 0.37399821905609976 0.25645592163846836 0.37399821905609976 0.25645592163846836 0.522707034728406 0.14069456812110417 0.522707034728406
1 0.21774915353213248 0.480228224343643 0.3289274600495745 0.5124784201273258 0.2795031147064518 0.6828623474944207 0.16832480818900972 0.6506121517107377
1 0.5085236513972213 0.708388454574405 0.6506056592476736 0.5696627146259331 0.740808494640178 0.66204787668116 0.5987264867897257 0.8007736166296321
1 0.42454339560076293 0.6315718412141463 0.5848155620895432 0.6936126798549607 0.5362758385933621 0.8190069655534364 0.3760036721045818 0.7569661269126223
1 0.24933214603739992 0.7123775601068567 0.4176313446126448 0.7123775601068567 0.4176313446126448 0.8423864648263579 0.24933214603739992 0.8423864648263579
1 0.022829317741218193 0.30694751556663624 0.17962177086503978 0.2696159791085856 0.20602197344310866 0.3804968299364813 0.04922952031928709 0.41782836639453197
1 0.02936441586565698 0.1236766821194212 0.2081858444126893 0.16456813608609003 0.17900602046560016 0.2921737185929539 0.00018459191856783888 0.25128226462628506
1 0.2983081032947462 0.321460373998219 0.3998219056099732 0.321460373998219 0.3998219056099732 0.40071237756010686 0.2983081032947462 0.40071237756010686
1 0.6589492430988425 0.4122885129118432 0.8174532502226183 0.4122885129118432 0.8174532502226183 0.5414069456812112 0.6589492430988425 0.5414069456812112
1 0.4968833481745324 0.41317898486197685 0.6108637577916296 0.41317898486197685 0.6108637577916296 0.5280498664292075 0.4968833481745324 0.5280498664292075
1 0.4416740872662511 0.19323241317898485 0.5716829919857523 0.19323241317898485 0.5716829919857523 0.31255565449688344 0.4416740872662511 0.31255565449688344
1 0.5962221634393492 0.17701087816407457 0.7473909871721608 0.234350776821346 0.7113886873593912 0.32926593087319644 0.5602198636265796 0.27192603221592504
1 0.20837043633125557 0.0943900267141585 0.3312555654496883 0.0943900267141585 0.3312555654496883 0.21371326803205698 0.20837043633125557 0.21371326803205698
1 0.0 0.5805877114870882 0.1567230632235084 0.5805877114870882 0.1567230632235084 0.7435440783615317 0.0 0.7435440783615317
