14 0.390026714158504 0.47016918967052546 0.6518254674977739 0.47016918967052546 0.6518254674977739 0.7043633125556544 0.390026714158504 0.7043633125556544
14 0.6714158504007124 0.44523597506678536 0.9216384683882458 0.44523597506678536 0.9216384683882458 0.6901157613535173 0.6714158504007124 0.6901157613535173
14 0.30365093499554763 0.6731967943009795 0.5627782724844167 0.6731967943009795 0.5627782724844167 0.9029385574354408 0.30365093499554763 0.9029385574354408
14 0.6749777382012466 0.686553873552983 0.9269813000890471 0.686553873552983 0.9269813000890471 0.8975957257346393 0.6749777382012466 0.8975957257346393
14 0.07747105966162066 0.3846838824577025 0.2671415850400712 0.3846838824577025 0.2671415850400712 0.5699020480854852 0.07747105966162066 0.5699020480854852
14 0.14514692787177205 0.28495102404274264 0.3383793410507569 0.28495102404274264 0.3383793410507569 0.4416740872662511 0.14514692787177205 0.4416740872662511
14 0.16028495102404275 0.17186108637577915 0.307212822796082 0.17186108637577915 0.307212822796082 0.31967943009795186 0.16028495102404275 0.31967943009795186
14 0.3161175422974176 0.2056990204808549 0.46393588601959035 0.2056990204808549 0.46393588601959035 0.32680320569902055 0.3161175422974176 0.32680320569902055
14 0.4158504007123776 0.10418521816562779 0.5378450578806767 0.10418521816562779 0.5378450578806767 0.22796081923419412 0.4158504007123776 0.22796081923419412
14 0.5333926981300089 0.14247551202137132 0.6723063223508461 0.14247551202137132 0.6723063223508461 0.25645592163846836 0.5333926981300089 0.25645592163846836
14 0.4764024933214603 0.2404274265360641 0.6562778272484416 0.2404274265360641 0.6562778272484416 0.38913624220837034 0.4764024933214603 0.38913624220837034
14 0.6838824577025824 0.15939447907390916 0.8227960819234196 0.15939447907390916 0.8227960819234196 0.3027604630454141 0.6838824577025824 0.3027604630454141
14 0.686553873552983 0.08103294746215495 0.7889581478183436 0.08103294746215495 0.7889581478183436 0.1674087266251113 0.686553873552983 0.1674087266251113
14 0.6616206589492432 0.2742653606411398 0.8272484416740874 0.2742653606411398 0.8272484416740874 0.44078361531611754 0.6616206589492432 0.44078361531611754
14 0.45592163846838824 0.3722172751558326 0.6580587711487088 0.3722172751558326 0.6580587711487088 0.5227070347284061 0.45592163846838824 0.5227070347284061
14 0.2653606411398041 0.3980409617097062 0.4292074799643812 0.3980409617097062 0.4292074799643812 0.5672306322350846 0.2653606411398041 0.5672306322350846
14 0.1745325022261799 0.5654496883348175 0.37845057880676763 0.5654496883348175 0.37845057880676763 0.7435440783615317 0.1745325022261799 0.7435440783615317
14 0.0 0.6455921638468389 0.19412288512911846 0.6455921638468389 0.19412288512911846 0.8806767586821014 0.0 0.8806767586821014
