0 0.19145146927871776 0.20926090828138913 0.47016918967052534 0.20926090828138913 0.47016918967052534 0.49243098842386457 0.19145146927871776 0.49243098842386457
0 0.33303650934995555 4.34993883201308e-18 0.5422974176313446 4.34993883201308e-18 0.5422974176313446 0.1896705253784506 0.33303650934995555 0.1896705253784506
0 0.5877114870881567 0.1558325912733749 0.8263579697239537 0.1558325912733749 0.8263579697239537 0.4078361531611754 0.5877114870881567 0.4078361531611754
0 0.597506678539626 -8.881784197001253e-18 0.8913624220837043 -8.881784197001253e-18 0.8913624220837043 0.19056099732858414 0.597506678539626 0.19056099732858414
0 0.8477292965271594 -4.440892098500625e-18 1.0 -4.440892098500625e-18 1.0 0.15761353517364202 0.8477292965271594 0.15761353517364202
0 0.19590382902938558 0.5805877114870882 0.49777382012466603 0.5805877114870882 0.49777382012466603 0.8183437221727516 0.19590382902938558 0.8183437221727516
0 0.4416740872662511 0.33125556544968826 0.6714158504007125 0.33125556544968826 0.6714158504007125 0.6153161175422974 0.4416740872662511 0.6153161175422974
0 -1.7763568394002505e-17 0.08370436331255565 0.1878895814781835 0.08370436331255565 0.1878895814781835 0.3339269813000891 -1.7763568394002505e-17 0.3339269813000891
0 0.6384683882457701 0.5992876224398933 0.8824577025823683 0.5992876224398933 0.8824577025823683 0.8521816562778275 0.6384683882457701 0.8521816562778275
0 0.4808548530721282 0.7613535173642031 0.7070347284060552 0.7613535173642031 0.7070347284060552 0.98753339269813 0.4808548530721282 0.98753339269813
0 0.7871772039180766 0.45592163846838824 1.0 0.45592163846838824 1.0 0.7212822796081922 0.7871772039180766 0.7212822796081922
