9 0.4692787177203918 0.5040071237756011 0.5796972395369546 0.5040071237756011 0.5796972395369546 0.6144256455921638 0.4692787177203918 0.6144256455921638
9 0.7016918967052539 0.5752448797862868 0.8174532502226183 0.5752448797862868 0.8174532502226183 0.6642920747996439 0.7016918967052539 0.6642920747996439
9 0.5832591273374889 0.6055209260908282 0.6936776491540515 0.6055209260908282 0.6936776491540515 0.7221727515583259 0.5832591273374889 0.7221727515583259
9 0.846838824577026 0.5138023152270703 0.9821905609973287 0.5138023152270703 0.9821905609973287 0.6420302760463045 0.846838824577026 0.6420302760463045
9 0.6402493321460373 0.4853072128227961 0.7355298308103294 0.4853072128227961 0.7355298308103294 0.5743544078361533 0.6402493321460373 0.5743544078361533
9 0.7061442564559216 0.327693677649154 0.7925200356188778 0.327693677649154 0.7925200356188778 0.4113980409617098 0.7061442564559216 0.4113980409617098
9 0.7925200356188778 0.340160284951024 0.8833481745325023 0.340160284951024 0.8833481745325023 0.4292074799643812 0.7925200356188778 0.4292074799643812
9 0.5672306322350846 0.3829029385574355 0.659839715048976 0.3829029385574355 0.659839715048976 0.46215494211932323 0.5672306322350846 0.46215494211932323
9 0.6170970614425646 0.3357079252003562 0.7008014247551203 0.3357079252003562 0.7008014247551203 0.42653606411398043 0.6170970614425646 0.42653606411398043
9 0.5022261798753339 0.42297417631344614 0.5939447907390917 0.42297417631344614 0.5939447907390917 0.5155832591273375 0.5022261798753339 0.5155832591273375
9 0.39715048975957257 0.3873552983081033 0.4817453250222618 0.3873552983081033 0.4817453250222618 0.4746215494211933 0.39715048975957257 0.4746215494211933
9 0.43989314336598395 0.2947462154942119 0.5218165627782725 0.2947462154942119 0.5218165627782725 0.3704363312555655 0.43989314336598395 0.3704363312555655
9 0.566340160284951 0.28138913624220835 0.6447016918967051 0.28138913624220835 0.6447016918967051 0.3642030276046304 0.566340160284951 0.3642030276046304
9 0.4959928762243988 0.3570792520035619 0.5618878005342831 0.3570792520035619 0.5618878005342831 0.42653606411398043 0.4959928762243988 0.42653606411398043
9 0.3072128227960819 0.49421193232413174 0.40516473731077474 0.49421193232413174 0.40516473731077474 0.5752448797862867 0.3072128227960819 0.5752448797862867
9 0.37845057880676763 0.5574354407836153 0.4630454140694569 0.5574354407836153 0.4630454140694569 0.6580587711487087 0.37845057880676763 0.6580587711487087
9 0.7996438112199464 0.4701691896705253 0.8975957257346392 0.4701691896705253 0.8975957257346392 0.5565449688334818 0.7996438112199464 0.5565449688334818
9 0.8628673196794301 0.4024933214603739 0.9510240427426536 0.4024933214603739 0.9510240427426536 0.4942119323241317 0.8628673196794301 0.4942119323241317
9 0.672306322350846 0.4247551202137133 0.7640249332146037 0.4247551202137133 0.7640249332146037 0.5111308993766697 0.672306322350846 0.5111308993766697
9 0.5805877114870882 0.44879786286731965 0.6464826357969724 0.44879786286731965 0.6464826357969724 0.5244879786286731 0.5805877114870882 0.5244879786286731
9 0.7203918076580588 0.5173642030276047 0.8138913624220837 0.5173642030276047 0.8138913624220837 0.616206589492431 0.7203918076580588 0.616206589492431
9 0.7524487978628674 0.653606411398041 0.8655387355298308 0.653606411398041 0.8655387355298308 0.765805877114871 0.7524487978628674 0.765805877114871
9 0.871772039180766 0.6313446126447017 0.9813000890471951 0.6313446126447017 0.9813000890471951 0.7435440783615317 0.871772039180766 0.7435440783615317
