5 0.17542297417631347 0.47373107747105964 0.40872662511130914 0.47373107747105964 0.40872662511130914 0.6438112199465716 0.17542297417631347 0.6438112199465716
5 0.5235975066785397 0.3045414069456812 0.686553873552983 0.3045414069456812 0.686553873552983 0.44434550311665194 0.5235975066785397 0.44434550311665194
5 0.6295636687444346 0.09973285841495994 0.8112199465716831 0.09973285841495994 0.8112199465716831 0.3072128227960819 0.6295636687444346 0.3072128227960819
5 0.327693677649154 0.20747996438112198 0.4888691006233304 0.20747996438112198 0.4888691006233304 0.3499554764024933 0.327693677649154 0.3499554764024933
5 0.6749777382012466 0.35529830810329477 0.8984861976847729 0.35529830810329477 0.8984861976847729 0.5013357079252004 0.6749777382012466 0.5013357079252004
5 0.5405164737310775 0.43811219946571683 0.7043633125556547 0.43811219946571683 0.7043633125556547 0.6447016918967053 0.5405164737310775 0.6447016918967053
5 0.4113980409617098 0.4211932324131789 0.5574354407836154 0.4211932324131789 0.5574354407836154 0.6509349955476402 0.4113980409617098 0.6509349955476402
5 0.3187889581478183 0.3374888691006233 0.5022261798753339 0.3374888691006233 0.5022261798753339 0.4861976847729296 0.3187889581478183 0.4861976847729296
5 0.15048975957257346 0.3410507569011576 0.33837934105075684 0.3410507569011576 0.33837934105075684 0.5512021371326803 0.15048975957257346 0.5512021371326803
5 0.7390917186108638 0.5458593054318789 0.8815672306322351 0.5458593054318789 0.8815672306322351 0.6945681211041853 0.7390917186108638 0.6945681211041853
5 0.5921638468388247 0.6375779162956366 0.8067675868210153 0.6375779162956366 0.8067675868210153 0.7880676758682101 0.5921638468388247 0.7880676758682101
5 0.41317898486197685 0.7613535173642031 0.6313446126447017 0.7613535173642031 0.6313446126447017 0.9243098842386465 0.41317898486197685 0.9243098842386465
5 0.048085485307212815 0.5654496883348175 0.24844167408726628 0.5654496883348175 0.24844167408726628 0.7168299198575245 0.048085485307212815 0.7168299198575245
5 0.2341941228851291 0.09260908281389138 0.3980409617097062 0.09260908281389138 0.3980409617097062 0.23953695458593058 0.2341941228851291 0.23953695458593058
