4 0.47373107747105964 0.43811219946571683 0.6749777382012467 0.43811219946571683 0.6749777382012467 0.5859305431878896 0.47373107747105964 0.5859305431878896
4 0.686553873552983 0.16473731077471063 0.8512911843276938 0.16473731077471063 0.8512911843276938 0.3615316117542298 0.686553873552983 0.3615316117542298
4 0.5699020480854853 0.3009795191451469 0.697239536954586 0.3009795191451469 0.697239536954586 0.4505788067675868 0.5699020480854853 0.4505788067675868
4 0.3107747105966162 0.28227960819234194 0.48441674087266245 0.28227960819234194 0.48441674087266245 0.4354407836153161 0.3107747105966162 0.4354407836153161
4 0.32502226179875326 0.4425645592163846 0.4710596616206589 0.4425645592163846 0.4710596616206589 0.6073018699910953 0.32502226179875326 0.6073018699910953
4 0.12377560106856635 0.47996438112199463 0.2769367764915406 0.47996438112199463 0.2769367764915406 0.6767586821015138 0.12377560106856635 0.6767586821015138
4 0.26625111308993765 0.5672306322350846 0.4096170970614425 0.5672306322350846 0.4096170970614425 0.7186108637577917 0.26625111308993765 0.7186108637577917
4 0.5093499554764025 0.591273374888691 0.692787177203918 0.591273374888691 0.692787177203918 0.7604630454140696 0.5093499554764025 0.7604630454140696
4 0.42297417631344614 0.6393588601959038 0.5244879786286731 0.6393588601959038 0.5244879786286731 0.7729296527159394 0.42297417631344614 0.7729296527159394
4 0.7497773820124665 0.4835262689225289 0.9465716829919857 0.4835262689225289 0.9465716829919857 0.6331255565449688 0.7497773820124665 0.6331255565449688
4 0.686553873552983 0.5894924309884239 0.8085485307212824 0.5894924309884239 0.8085485307212824 0.7355298308103294 0.686553873552983 0.7355298308103294
4 0.6651825467497774 0.4078361531611755 0.7818343722172751 0.4078361531611755 0.7818343722172751 0.5707925200356189 0.6651825467497774 0.5707925200356189
4 0.10863757791629564 0.11219946571682991 0.32056990204808555 0.11219946571682991 0.32056990204808555 0.3009795191451469 0.10863757791629564 0.3009795191451469
4 0.08726625111308994 0.3027604630454141 0.3045414069456812 0.3027604630454141 0.3045414069456812 0.46749777382012464 0.08726625111308994 0.46749777382012464
4 0.39715048975957257 0.10952804986642921 0.566340160284951 0.10952804986642921 0.566340160284951 0.2671415850400712 0.39715048975957257 0.2671415850400712
4 0.6981300089047195 0.7292965271593945 0.8637577916295637 0.7292965271593945 0.8637577916295637 0.8922528940338379 0.6981300089047195 0.8922528940338379
