9 0.3431285247848026 0.46482635796972394 0.45592163846838824 0.46482635796972394 0.45592163846838824 0.5512021371326803 0.3431285247848026 0.5512021371326803
9 0.15197387948946275 0.7212822796081924 0.3288809735826655 0.7212822796081924 0.3288809735826655 0.8682101513802316 0.15197387948946275 0.8682101513802316
9 0.0819234194122885 0.6402493321460373 0.2493321460373998 0.6402493321460373 0.2493321460373998 0.7497773820124666 0.0819234194122885 0.7497773820124666
9 0.3383793410507569 0.6571682991985752 0.477292965271594 0.6571682991985752 0.477292965271594 0.7542297417631344 0.3383793410507569 0.7542297417631344
9 0.607895517957851 0.6580587711487088 0.771742356782428 0.6580587711487088 0.771742356782428 0.7666963490650044 0.607895517957851 0.7666963490650044
9 0.37993469872365687 0.7969723953695458 0.5699020480854853 0.7969723953695458 0.5699020480854853 0.9296527159394479 0.37993469872365687 0.9296527159394479
9 0.7456218462451767 0.5218165627782725 0.8940338379341052 0.5218165627782725 0.8940338379341052 0.6357969723953696 0.7456218462451767 0.6357969723953696
9 0.5307212822796081 0.4906500445235974 0.6565746512318195 0.4906500445235974 0.6565746512318195 0.5814781834372218 0.5307212822796081 0.5814781834372218
9 0.4677945978035025 0.4211932324131789 0.574651231819531 0.4211932324131789 0.574651231819531 0.49599287622439886 0.4677945978035025 0.49599287622439886
9 0.12704066488572277 0.43098842386464825 0.280201840308697 0.43098842386464825 0.280201840308697 0.5244879786286731 0.12704066488572277 0.5244879786286731
9 0.09973285841495994 0.5307212822796082 0.23271000296823985 0.5307212822796082 0.23271000296823985 0.6242208370436333 0.09973285841495994 0.6242208370436333
9 0.23745918670228555 0.5841495992876224 0.3858711783912141 0.5841495992876224 0.3858711783912141 0.6812110418521816 0.23745918670228555 0.6812110418521816
9 0.38705847432472545 0.5512021371326803 0.5319085782131197 0.5512021371326803 0.5319085782131197 0.6455921638468388 0.38705847432472545 0.6455921638468388
9 0.5010388839418225 0.6260017809439004 0.624517661027011 0.6260017809439004 0.624517661027011 0.7195013357079254 0.5010388839418225 0.7195013357079254
9 0.5888987830216682 0.7666963490650044 0.7515583259127337 0.7666963490650044 0.7515583259127337 0.8913624220837043 0.5888987830216682 0.8913624220837043
9 0.7574948055802908 0.7827248441674086 0.9225289403383792 0.7827248441674086 0.9225289403383792 0.920747996438112 0.7574948055802908 0.920747996438112
