0 0.24398931433659843 0.3659839715048976 0.4479073909171861 0.3659839715048976 0.4479073909171861 0.5645592163846839 0.24398931433659843 0.5645592163846839
0 0.4514692787177204 0.26981300089047194 0.642920747996438 0.26981300089047194 0.642920747996438 0.4479073909171861 0.4514692787177204 0.4479073909171861
0 0.5271593944790739 0.0730186999109528 0.7916295636687445 0.0730186999109528 0.7916295636687445 0.32235084594835256 0.5271593944790739 0.32235084594835256
0 0.4523597506678539 0.6055209260908282 0.6642920747996438 0.6055209260908282 0.6642920747996438 0.8432769367764916 0.4523597506678539 0.8432769367764916
0 0.2056990204808549 0.5903829029385574 0.42297417631344614 0.5903829029385574 0.42297417631344614 0.8058771148708815 0.2056990204808549 0.8058771148708815
0 0.6251113089937667 0.4176313446126447 0.8192341941228851 0.4176313446126447 0.8192341941228851 0.6215494211932324 0.6251113089937667 0.6215494211932324
0 0.7640249332146037 0.7622439893143366 0.9813000890471951 0.7622439893143366 0.9813000890471951 0.9715048975957258 0.7640249332146037 0.9715048975957258
0 0.09349955476402494 0.2056990204808549 0.29029385574354405 0.2056990204808549 0.29029385574354405 0.4033837934105075 0.09349955476402494 0.4033837934105075
0 0.26268922528940336 0.15672306322350846 0.4915405164737311 0.15672306322350846 0.4915405164737311 0.3490650044523598 0.26268922528940336 0.3490650044523598
0 0.02226179875333927 0.5823686553873553 0.232413178984862 0.5823686553873553 0.232413178984862 0.7666963490650044 0.02226179875333927 0.7666963490650044
