0 0.5636687444345503 0.3980409617097062 0.7408726625111308 0.3980409617097062 0.7408726625111308 0.5574354407836154 0.5636687444345503 0.5574354407836154
0 0.5503116651825467 0.3285841495992876 0.715939447907391 0.3285841495992876 0.715939447907391 0.45770258236865546 0.5503116651825467 0.45770258236865546
0 0.42030276046304543 0.8254674977738202 0.5645592163846839 0.8254674977738202 0.5645592163846839 0.9572573463935886 0.42030276046304543 0.9572573463935886
0 0.26001780943900266 0.3962600178094389 0.4211932324131789 0.3962600178094389 0.4211932324131789 0.560106856634016 0.26001780943900266 0.560106856634016
0 0.3490650044523598 0.3027604630454141 0.4986642920747996 0.3027604630454141 0.4986642920747996 0.4407836153161175 0.3490650044523598 0.4407836153161175
0 0.433659839715049 0.15761353517364202 0.5645592163846839 0.15761353517364202 0.5645592163846839 0.28227960819234194 0.433659839715049 0.28227960819234194
0 0.667853962600178 0.25289403383793413 0.8165627782724845 0.25289403383793413 0.8165627782724845 0.37310774710596617 0.667853962600178 0.37310774710596617
0 0.8138913624220837 0.3811219946571683 0.948352626892253 0.3811219946571683 0.948352626892253 0.49243098842386457 0.8138913624220837 0.49243098842386457
0 0.5520926090828139 0.0427426536064114 0.6687444345503116 0.0427426536064114 0.6687444345503116 0.14870881567230632 0.5520926090828139 0.14870881567230632
0 0.5378450578806767 0.14514692787177205 0.6562778272484416 0.14514692787177205 0.6562778272484416 0.2671415850400713 0.5378450578806767 0.2671415850400713
0 0.004452359750667854 0.26981300089047194 0.11576135351736419 0.26981300089047194 0.11576135351736419 0.3659839715048976 0.004452359750667854 0.3659839715048976
0 0.21816562778272483 0.22261798753339268 0.3508459483526269 0.22261798753339268 0.3508459483526269 0.34639358860195896 0.21816562778272483 0.34639358860195896
0 0.33303650934995555 0.04986642920747997 0.44879786286731976 0.04986642920747997 0.44879786286731976 0.1709706144256456 0.33303650934995555 0.1709706144256456
0 0.6393588601959038 0.12288512911843277 0.7471059661620658 0.12288512911843277 0.7471059661620658 0.24220837043633123 0.6393588601959038 0.24220837043633123
0 0.8406055209260909 0.4933214603739982 1.0 0.4933214603739982 1.0 0.6304541406945681 0.8406055209260909 0.6304541406945681
