0 -4.440892098500626e-18 0.7008014247551202 0.1460373998219056 0.7008014247551202 0.1460373998219056 0.8691006233303651 -4.440892098500626e-18 0.8691006233303651
0 0.25378450578806766 0.13535173642030277 0.3944790739091719 0.13535173642030277 0.3944790739091719 0.2591273374888692 0.25378450578806766 0.2591273374888692
0 0.03383793410507569 3.3306690738754695e-18 0.19234194122885132 3.3306690738754695e-18 0.19234194122885132 0.13891362422083703 0.03383793410507569 0.13891362422083703
0 0.47818343722172757 0.3998219056099732 0.6135351736420304 0.3998219056099732 0.6135351736420304 0.5129118432769367 0.47818343722172757 0.5129118432769367
0 0.38201246660730187 0.5387355298308103 0.5218165627782725 0.5387355298308103 0.5218165627782725 0.6705253784505789 0.38201246660730187 0.6705253784505789
0 0.7248441674087266 0.3107747105966162 0.8290293855743546 0.3107747105966162 0.8290293855743546 0.4292074799643811 0.7248441674087266 0.4292074799643811
0 0.7720391807658059 0.5004452359750667 0.8984861976847729 0.5004452359750667 0.8984861976847729 0.6126447016918968 0.7720391807658059 0.6126447016918968
0 0.7898486197684772 0.7702582368655387 0.9492430988423866 0.7702582368655387 0.9492430988423866 0.931433659839715 0.7898486197684772 0.931433659839715
0 0.769367764915405 0.6170970614425646 0.9065004452359752 0.6170970614425646 0.9065004452359752 0.7560106856634015 0.769367764915405 0.7560106856634015
0 0.4292074799643812 0.8227960819234196 0.566340160284951 0.8227960819234196 0.566340160284951 0.954585930543188 0.4292074799643812 0.954585930543188
0 0.24220837043633123 0.7747105966162066 0.4042742653606411 0.7747105966162066 0.4042742653606411 0.9332146037399821 0.24220837043633123 0.9332146037399821
0 0.21371326803205698 0.5512021371326803 0.3517364203027605 0.5512021371326803 0.3517364203027605 0.6856634016028496 0.21371326803205698 0.6856634016028496
0 0.19145146927871776 0.4416740872662511 0.3125556544968834 0.4416740872662511 0.3125556544968834 0.5529830810329475 0.19145146927871776 0.5529830810329475
0 0.3223508459483526 0.47818343722172757 0.42742653606411396 0.47818343722172757 0.42742653606411396 0.597506678539626 0.3223508459483526 0.597506678539626
0 0.5654496883348175 0.25022261798753337 0.6829919857524488 0.25022261798753337 0.6829919857524488 0.37845057880676763 0.5654496883348175 0.37845057880676763
