0 0.3018699910952805 0.3321460373998219 0.5048975957257346 0.3321460373998219 0.5048975957257346 0.5316117542297417 0.3018699910952805 0.5316117542297417
0 0.08014247551202137 0.4550311665182547 0.30186999109528045 0.4550311665182547 0.30186999109528045 0.6562778272484416 0.08014247551202137 0.6562778272484416
0 0.13178984861976847 0.04541406945681211 0.3161175422974177 0.04541406945681211 0.3161175422974177 0.2288512911843277 0.13178984861976847 0.2288512911843277
0 0.11130899376669634 0.23775601068566346 0.3205699020480855 0.23775601068566346 0.3205699020480855 0.4372217275155833 0.11130899376669634 0.4372217275155833
0 0.2902938557435441 0.13178984861976847 0.49599287622439897 0.13178984861976847 0.49599287622439897 0.34906500445235983 0.2902938557435441 0.34906500445235983
0 0.6260017809439002 0.1495992876224399 0.8637577916295637 0.1495992876224399 0.8637577916295637 0.36420302760463047 0.6260017809439002 0.36420302760463047
0 0.7818343722172753 0.07479964381121995 0.9643811219946573 0.07479964381121995 0.9643811219946573 0.25823686553873554 0.7818343722172753 0.25823686553873554
0 0.26268922528940336 0.77560106856634 0.5173642030276047 0.77560106856634 0.5173642030276047 1.0 0.26268922528940336 1.0
0 0.4719501335707925 0.655387355298308 0.6936776491540516 0.655387355298308 0.6936776491540516 0.889581478183437 0.4719501335707925 0.889581478183437
0 0.686553873552983 0.7506678539626002 0.9287622439893142 0.7506678539626002 0.9287622439893142 1.0 0.686553873552983 1.0
0 0.6634016028495102 0.5218165627782725 0.8851291184327693 0.5218165627782725 0.8851291184327693 0.7506678539626002 0.6634016028495102 0.7506678539626002
0 0.83793410507569 0.41050756901157615 1.0 0.41050756901157615 1.0 0.6251113089937667 0.83793410507569 0.6251113089937667
