12 0.5609973285841496 0.390026714158504 0.7399821905609975 0.390026714158504 0.7399821905609975 0.5503116651825468 0.5609973285841496 0.5503116651825468
12 0.40694568121104185 0.3205699020480855 0.5903829029385576 0.3205699020480855 0.5903829029385576 0.49243098842386457 0.40694568121104185 0.49243098842386457
12 0.19590382902938558 0.41050756901157615 0.40071237756010686 0.41050756901157615 0.40071237756010686 0.5912733748886909 0.19590382902938558 0.5912733748886909
12 0.5173642030276047 0.5316117542297417 0.6874443455031166 0.5316117542297417 0.6874443455031166 0.703472840605521 0.5173642030276047 0.703472840605521
12 0.6687444345503115 0.5325022261798753 0.8601959038290292 0.5325022261798753 0.8601959038290292 0.7257346393588603 0.6687444345503115 0.7257346393588603
12 0.3615316117542298 0.5004452359750667 0.5342831700801426 0.5004452359750667 0.5342831700801426 0.6625111308993766 0.3615316117542298 0.6625111308993766
12 0.11219946571682991 0.5859305431878896 0.3276936776491541 0.5859305431878896 0.3276936776491541 0.7960819234194124 0.11219946571682991 0.7960819234194124
12 0.2947462154942119 0.6447016918967051 0.4897595725734639 0.6447016918967051 0.4897595725734639 0.8414959928762242 0.2947462154942119 0.8414959928762242
12 0.47996438112199463 0.6883348174532502 0.6651825467497774 0.6883348174532502 0.6651825467497774 0.8566340160284951 0.47996438112199463 0.8566340160284951
12 0.0 0.41495992876224397 0.16473731077471063 0.41495992876224397 0.16473731077471063 0.6669634906500445 0.0 0.6669634906500445
12 0.3811219946571683 0.20926090828138913 0.5351736420302761 0.20926090828138913 0.5351736420302761 0.34728406055209265 0.3811219946571683 0.34728406055209265
12 0.5102404274265361 0.170080142475512 0.6331255565449688 0.170080142475512 0.6331255565449688 0.2769367764915405 0.5102404274265361 0.2769367764915405
12 0.6634016028495102 0.24398931433659843 0.7827248441674088 0.24398931433659843 0.7827248441674088 0.3633125556544968 0.6634016028495102 0.3633125556544968
12 0.6580587711487088 0.365093499554764 0.8085485307212822 0.365093499554764 0.8085485307212822 0.5262689225289403 0.6580587711487088 0.5262689225289403
12 0.8495102404274263 0.5431878895814771 0.9999999999999993 0.5431878895814771 0.9999999999999993 0.7088156723063213 0.8495102404274263 0.7088156723063213
12 0.7604630454140696 0.659839715048976 0.9367764915405167 0.659839715048976 0.9367764915405167 0.8165627782724844 0.7604630454140696 0.8165627782724844
12 0.11398040961709706 0.23686553873552982 0.24844167408726625 0.23686553873552982 0.24844167408726625 0.33926981300089043 0.11398040961709706 0.33926981300089043
12 0.8272484416740873 0.3472840605520926 0.9456812110418522 0.3472840605520926 0.9456812110418522 0.46304541406945676 0.8272484416740873 0.46304541406945676
12 0.145146927871772 0.8245770258236863 0.35796972395369553 0.8245770258236863 0.35796972395369553 1.0 0.145146927871772 1.0
