0 0.08014247551202137 0.05253784505788068 0.4158504007123776 0.05253784505788068 0.4158504007123776 0.3579697239536955 0.08014247551202137 0.3579697239536955
0 0.6357969723953697 0.09795191451469279 0.9260908281389139 0.09795191451469279 0.9260908281389139 0.3811219946571683 0.6357969723953697 0.3811219946571683
0 0.2769367764915405 0.2894033837934105 0.5957257346393589 0.2894033837934105 0.5957257346393589 0.5707925200356189 0.2769367764915405 0.5707925200356189
0 0.10596616206589493 0.47640249332146034 0.3757791629563669 0.47640249332146034 0.3757791629563669 0.7809439002671416 0.10596616206589493 0.7809439002671416
0 0.2146037399821906 0.709706144256456 0.4381121994657169 0.709706144256456 0.4381121994657169 0.9697239536954586 0.2146037399821906 0.9697239536954586
0 0.4007123775601069 0.77560106856634 0.7132680320569903 0.77560106856634 0.7132680320569903 1.0 0.4007123775601069 1.0
0 0.678539626001781 0.5253784505788067 0.9545859305431879 0.5253784505788067 0.9545859305431879 0.7640249332146036 0.678539626001781 0.7640249332146036
0 0.6927871772039179 0.740872662511131 0.8744434550311664 0.740872662511131 0.8744434550311664 0.9643811219946573 0.6927871772039179 0.9643811219946573
0 0.5333926981300089 0.3089937666963491 0.8423864648263579 0.3089937666963491 0.8423864648263579 0.6170970614425646 0.5333926981300089 0.6170970614425646
0 0.358860195903829 0.5048975957257348 0.6518254674977737 0.5048975957257348 0.6518254674977737 0.7925200356188782 0.358860195903829 0.7925200356188782
0 0.0 0.2858414959928767 0.20837043633125557 0.2858414959928767 0.20837043633125557 0.6064113980409619 0.0 0.6064113980409619
