0 0.41674087266251114 0.3659839715048976 0.5894924309884237 0.3659839715048976 0.5894924309884237 0.5440783615316118 0.41674087266251114 0.5440783615316118
0 0.6981300089047195 0.3419412288512912 0.8557435440783615 0.3419412288512912 0.8557435440783615 0.4888691006233304 0.6981300089047195 0.4888691006233304
0 0.4835262689225289 0.780053428317008 0.6901157613535174 0.780053428317008 0.6901157613535174 0.9857524487978628 0.4835262689225289 0.9857524487978628
0 0.17186108637577915 0.5823686553873554 0.3250222617987533 0.5823686553873554 0.3250222617987533 0.7292965271593945 0.17186108637577915 0.7292965271593945
0 0.20302760463045416 0.7943009795191451 0.37934105075690117 0.7943009795191451 0.37934105075690117 0.9590382902938558 0.20302760463045416 0.9590382902938558
0 0.25378450578806766 0.4060552092609083 0.37310774710596617 0.4060552092609083 0.37310774710596617 0.5093499554764025 0.25378450578806766 0.5093499554764025
0 0.20747996438112198 0.06767586821015138 0.3063223508459484 0.06767586821015138 0.3063223508459484 0.1727515583259127 0.20747996438112198 0.1727515583259127
0 0.06144256455921639 0.13535173642030277 0.1585040071237756 0.13535173642030277 0.1585040071237756 0.24309884238646481 0.06144256455921639 0.24309884238646481
0 0.1246660730186999 -2.220446049250313e-18 0.2430988423864648 -2.220446049250313e-18 0.2430988423864648 0.10062333036509351 0.1246660730186999 0.10062333036509351
0 0.17542297417631347 0.1736420302760463 0.2965271593944791 0.1736420302760463 0.2965271593944791 0.2929652715939448 0.17542297417631347 0.2929652715939448
0 0.0365093499554764 0.5431878895814782 0.18432769367764915 0.5431878895814782 0.18432769367764915 0.7016918967052538 0.0365093499554764 0.7016918967052538
0 0.07836153161175423 0.6981300089047195 0.25823686553873554 0.6981300089047195 0.25823686553873554 0.871772039180766 0.07836153161175423 0.871772039180766
0 0.13891362422083706 0.49243098842386457 0.26001780943900266 0.49243098842386457 0.26001780943900266 0.6135351736420303 0.13891362422083706 0.6135351736420303
0 0.672306322350846 0.6233303650934996 0.7853962600178095 0.6233303650934996 0.7853962600178095 0.7382012466607302 0.672306322350846 0.7382012466607302
0 0.8334817453250223 0.4692787177203918 0.98753339269813 0.4692787177203918 0.98753339269813 0.6073018699910954 0.8334817453250223 0.6073018699910954
0 0.6945681211041851 0.14247551202137132 0.7916295636687445 0.14247551202137132 0.7916295636687445 0.23597506678539623 0.6945681211041851 0.23597506678539623
0 0.7506678539626002 0.07658058771148708 0.8646482635796974 0.07658058771148708 0.8646482635796974 0.19412288512911846 0.7506678539626002 0.19412288512911846
0 0.42475512021371314 0.7195013357079252 0.5316117542297417 0.7195013357079252 0.5316117542297417 0.8575244879786286 0.42475512021371314 0.8575244879786286
