4 0.3365983971504897 0.5699020480854853 0.4532502226179875 0.5699020480854853 0.4532502226179875 0.6616206589492432 0.3365983971504897 0.6616206589492432
4 0.5209260908281389 0.5939447907390917 0.6420302760463047 0.5939447907390917 0.6420302760463047 0.6812110418521816 0.5209260908281389 0.6812110418521816
4 0.4176313446126447 0.5316117542297417 0.5066785396260017 0.5316117542297417 0.5066785396260017 0.603739982190561 0.4176313446126447 0.603739982190561
4 0.3437221727515583 0.5155832591273375 0.4354407836153161 0.5155832591273375 0.4354407836153161 0.591273374888691 0.3437221727515583 0.591273374888691
4 0.25022261798753337 0.5414069456812111 0.3561887800534283 0.5414069456812111 0.3561887800534283 0.6447016918967052 0.25022261798753337 0.6447016918967052
4 0.3232413178984862 0.6544968833481746 0.4185218165627783 0.6544968833481746 0.4185218165627783 0.7622439893143366 0.3232413178984862 0.7622439893143366
4 0.47818343722172757 0.6963490650044524 0.5966162065894924 0.6963490650044524 0.5966162065894924 0.831700801424755 0.47818343722172757 0.831700801424755
4 0.3089937666963491 0.7836153161175423 0.44523597506678547 0.7836153161175423 0.44523597506678547 0.906500445235975 0.3089937666963491 0.906500445235975
4 0.6616206589492432 0.8325912733748886 0.7373107747105968 0.8325912733748886 0.7373107747105968 0.9296527159394478 0.6616206589492432 0.9296527159394478
4 0.7195013357079252 0.8699910952804987 0.8281389136242209 0.8699910952804987 0.8281389136242209 0.9830810329474621 0.7195013357079252 0.9830810329474621
4 0.5084594835262689 0.8913624220837043 0.6375779162956366 0.8913624220837043 0.6375779162956366 1.0 0.5084594835262689 1.0
4 0.4060552092609083 0.8655387355298308 0.5129118432769367 0.8655387355298308 0.5129118432769367 0.9768477292965272 0.4060552092609083 0.9768477292965272
4 0.20837043633125557 0.8450578806767588 0.3285841495992876 0.8450578806767588 0.3285841495992876 0.95013357079252 0.20837043633125557 0.95013357079252
4 0.19234194122885126 0.699020480854853 0.3009795191451469 0.699020480854853 0.3009795191451469 0.819234194122885 0.19234194122885126 0.819234194122885
