0 0.08904719501335707 0.3374888691006233 0.3268032056990205 0.3374888691006233 0.3268032056990205 0.5476402493321461 0.08904719501335707 0.5476402493321461
0 0.31344612644701697 0.3668744434550312 0.5200356188780053 0.3668744434550312 0.5200356188780053 0.5592163846838825 0.31344612644701697 0.5592163846838825
0 0.6758682101513801 0.14692787177203917 0.8085485307212822 0.14692787177203917 0.8085485307212822 0.27248441674087265 0.6758682101513801 0.27248441674087265
0 0.8112199465716831 0.42653606411398043 0.9661620658949243 0.42653606411398043 0.9661620658949243 0.6019590382902938 0.8112199465716831 0.6019590382902938
0 0.6126447016918967 0.5253784505788067 0.8049866429207478 0.5253784505788067 0.8049866429207478 0.7061442564559216 0.6126447016918967 0.7061442564559216
0 -2.220446049250313e-18 0.4853072128227961 0.20480854853072128 0.4853072128227961 0.20480854853072128 0.7150489759572574 -2.220446049250313e-18 0.7150489759572574
0 0.07123775601068566 0.05253784505788068 0.23864648263579696 0.05253784505788068 0.23864648263579696 0.2341941228851291 0.07123775601068566 0.2341941228851291
0 0.020480854853072127 0.22261798753339268 0.20480854853072128 0.22261798753339268 0.20480854853072128 0.3944790739091718 0.020480854853072127 0.3944790739091718
0 0.3170080142475512 0.14781834372217276 0.46304541406945676 0.14781834372217276 0.46304541406945676 0.27604630454140694 0.3170080142475512 0.27604630454140694
0 0.17097061442564562 0.1585040071237756 0.32858414959928767 0.1585040071237756 0.32858414959928767 0.33748886910062337 0.17097061442564562 0.33748886910062337
0 0.45057880676758655 0.1611754229741763 0.5779162956366874 0.1611754229741763 0.5779162956366874 0.27337488869100623 0.45057880676758655 0.27337488869100623
0 0.5342831700801425 0.232413178984862 0.6562778272484416 0.232413178984862 0.6562778272484416 0.37310774710596617 0.5342831700801425 0.37310774710596617
0 0.5004452359750667 0.39536954585930545 0.6651825467497775 0.39536954585930545 0.6651825467497775 0.5645592163846839 0.5004452359750667 0.5645592163846839
