11 0.5734639358860196 0.3686553873552983 0.6954585930543188 0.3686553873552983 0.6954585930543188 0.4719501335707925 0.5734639358860196 0.4719501335707925
11 0.7212822796081924 0.2965271593944791 0.8334817453250223 0.2965271593944791 0.8334817453250223 0.3900267141585041 0.7212822796081924 0.3900267141585041
11 0.5422974176313446 0.28851291184327693 0.6375779162956366 0.28851291184327693 0.6375779162956366 0.3864648263579697 0.5422974176313446 0.3864648263579697
11 0.377560106856634 0.3419412288512912 0.4870881567230632 0.3419412288512912 0.4870881567230632 0.44434550311665183 0.377560106856634 0.44434550311665183
11 0.2983081032947462 0.3018699910952805 0.41050756901157603 0.3018699910952805 0.41050756901157603 0.40694568121104174 0.2983081032947462 0.40694568121104174
11 0.4033837934105077 0.4211932324131789 0.5173642030276047 0.4211932324131789 0.5173642030276047 0.5405164737310774 0.4033837934105077 0.5405164737310774
11 0.3018699910952805 0.4113980409617098 0.41317898486197685 0.4113980409617098 0.41317898486197685 0.5129118432769367 0.3018699910952805 0.5129118432769367
11 0.43455031166518265 0.3089937666963491 0.5218165627782725 0.3089937666963491 0.5218165627782725 0.40516473731077474 0.43455031166518265 0.40516473731077474
11 0.5129118432769367 0.41941228851291185 0.6108637577916296 0.41941228851291185 0.6108637577916296 0.5164737310774711 0.5129118432769367 0.5164737310774711
11 0.4755120213713269 0.5040071237756011 0.5992876224398932 0.5040071237756011 0.5992876224398932 0.5948352626892253 0.4755120213713269 0.5948352626892253
11 0.6936776491540516 0.464826357969724 0.7791629563668745 0.464826357969724 0.7791629563668745 0.5556544968833481 0.6936776491540516 0.5556544968833481
11 0.6731967943009795 0.3615316117542297 0.756901157613535 0.3615316117542297 0.756901157613535 0.4630454140694569 0.6731967943009795 0.4630454140694569
11 0.6206589492430988 0.27604630454140694 0.6918967052537847 0.27604630454140694 0.6918967052537847 0.36776491540516476 0.6206589492430988 0.36776491540516476
11 0.6776491540516473 0.25734639358860195 0.7684772929652716 0.25734639358860195 0.7684772929652716 0.3508459483526269 0.6776491540516473 0.3508459483526269
11 0.705253784505788 0.19679430097951914 0.7800534283170079 0.19679430097951914 0.7800534283170079 0.28049866429207476 0.705253784505788 0.28049866429207476
11 0.6170970614425646 0.19768477292965272 0.7088156723063223 0.19768477292965272 0.7088156723063223 0.2831700801424755 0.6170970614425646 0.2831700801424755
11 0.5422974176313446 0.22885129118432773 0.6277827248441674 0.22885129118432773 0.6277827248441674 0.31166518254674985 0.5422974176313446 0.31166518254674985
11 0.46749777382012464 0.22796081923419412 0.5592163846838825 0.22796081923419412 0.5592163846838825 0.3348174532502226 0.46749777382012464 0.3348174532502226
11 0.7791629563668745 0.4861976847729296 0.8797862867319679 0.4861976847729296 0.8797862867319679 0.5868210151380231 0.7791629563668745 0.5868210151380231
11 0.8477292965271594 0.42831700801424755 0.9376669634906499 0.42831700801424755 0.9376669634906499 0.5093499554764024 0.8477292965271594 0.5093499554764024
11 0.6304541406945681 0.5903829029385574 0.7399821905609972 0.5903829029385574 0.7399821905609972 0.684772929652716 0.6304541406945681 0.684772929652716
11 0.622439893143366 0.5129118432769367 0.7150489759572574 0.5129118432769367 0.7150489759572574 0.6081923419412288 0.622439893143366 0.6081923419412288
11 0.5431878895814782 0.642920747996438 0.6544968833481746 0.642920747996438 0.6544968833481746 0.7640249332146036 0.5431878895814782 0.7640249332146036
11 0.5467497773820125 0.5574354407836153 0.641139804096171 0.5574354407836153 0.641139804096171 0.6598397150489759 0.5467497773820125 0.6598397150489759
11 0.7070347284060552 0.5298308103294747 0.8014247551202138 0.5298308103294747 0.8014247551202138 0.6277827248441674 0.7070347284060552 0.6277827248441674
11 0.44612644701691884 0.622439893143366 0.5663401602849509 0.622439893143366 0.5663401602849509 0.7275155832591274 0.44612644701691884 0.7275155832591274
11 0.3704363312555657 0.564559216384684 0.47284060552092627 0.564559216384684 0.47284060552092627 0.6731967943009796 0.3704363312555657 0.6731967943009796
11 0.2769367764915405 0.4968833481745325 0.3864648263579697 0.4968833481745325 0.3864648263579697 0.6117542297417631 0.2769367764915405 0.6117542297417631
11 0.1941228851291185 0.4220837043633125 0.30276046304541415 0.4220837043633125 0.30276046304541415 0.5458593054318789 0.1941228851291185 0.5458593054318789
11 0.10774710596616206 0.3428317008014248 0.20658949243098843 0.3428317008014248 0.20658949243098843 0.44523597506678536 0.10774710596616206 0.44523597506678536
11 0.170080142475512 0.5325022261798753 0.282279608192342 0.5325022261798753 0.282279608192342 0.655387355298308 0.170080142475512 0.655387355298308
11 0.19234194122885126 0.6366874443455031 0.3098842386464826 0.6366874443455031 0.3098842386464826 0.7622439893143366 0.19234194122885126 0.7622439893143366
11 0.7871772039180766 0.24131789848619772 0.8815672306322351 0.24131789848619772 0.8815672306322351 0.34372217275155836 0.7871772039180766 0.34372217275155836
