0 0.6135351736420303 0.06589492430988424 0.8682101513802314 0.06589492430988424 0.8682101513802314 0.3365983971504897 0.6135351736420303 0.3365983971504897
0 0.23775601068566346 0.6527159394479074 0.3926981300089048 0.6527159394479074 0.3926981300089048 0.815672306322351 0.23775601068566346 0.815672306322351
0 0.3374888691006233 0.49955476402493304 0.5342831700801424 0.49955476402493304 0.5342831700801424 0.6856634016028493 0.3374888691006233 0.6856634016028493
0 0.6055209260908282 0.7016918967052539 0.8388245770258236 0.7016918967052539 0.8388245770258236 0.9314336598397152 0.6055209260908282 0.9314336598397152
0 0.5752448797862867 0.4683882457702582 0.8112199465716828 0.4683882457702582 0.8112199465716828 0.6847729296527159 0.5752448797862867 0.6847729296527159
0 0.3829029385574355 0.2956366874443455 0.5280498664292075 0.2956366874443455 0.5280498664292075 0.45592163846838824 0.3829029385574355 0.45592163846838824
0 0.1246660730186999 0.2252894033837934 0.4078361531611755 0.2252894033837934 0.4078361531611755 0.4790739091718611 0.1246660730186999 0.4790739091718611
0 0.3116651825467498 0.0008904719501335708 0.5503116651825468 0.0008904719501335708 0.5503116651825468 0.26981300089047194 0.3116651825467498 0.26981300089047194
0 0.08459483526268922 0.464826357969724 0.25378450578806766 0.464826357969724 0.25378450578806766 0.6384683882457701 0.08459483526268922 0.6384683882457701
0 0.4300979519145147 0.6812110418521816 0.597506678539626 0.6812110418521816 0.597506678539626 0.8664292074799643 0.4300979519145147 0.8664292074799643
