0 0.22707034728406061 0.2056990204808549 0.35084594835262695 0.2056990204808549 0.35084594835262695 0.31789848619768474 0.22707034728406061 0.31789848619768474
0 0.32947462154942125 0.14425645592163847 0.4354407836153162 0.14425645592163847 0.4354407836153162 0.26179875333926983 0.32947462154942125 0.26179875333926983
0 0.08370436331255565 0.3170080142475512 0.22439893143365983 0.3170080142475512 0.22439893143365983 0.45146927871772047 0.08370436331255565 0.45146927871772047
0 0.5200356188780053 0.13357079252003562 0.6260017809439002 0.13357079252003562 0.6260017809439002 0.23063223508459485 0.5200356188780053 0.23063223508459485
0 0.2680320569902048 0.6651825467497774 0.4247551202137133 0.6651825467497774 0.4247551202137133 0.8423864648263578 0.2680320569902048 0.8423864648263578
0 0.4434550311665182 0.42297417631344614 0.5752448797862867 0.42297417631344614 0.5752448797862867 0.5645592163846839 0.4434550311665182 0.5645592163846839
0 0.5645592163846839 0.3481745325022262 0.6758682101513801 0.3481745325022262 0.6758682101513801 0.47373107747105964 0.5645592163846839 0.47373107747105964
0 0.22617987533392697 0.5031166518254675 0.3686553873552983 0.5031166518254675 0.3686553873552983 0.6375779162956366 0.22617987533392697 0.6375779162956366
0 0.3268032056990206 0.3081032947462155 0.4300979519145148 0.3081032947462155 0.4300979519145148 0.42297417631344614 0.3268032056990206 0.42297417631344614
0 0.0730186999109528 0.4532502226179875 0.22617987533392697 0.4532502226179875 0.22617987533392697 0.5992876224398931 0.0730186999109528 0.5992876224398931
0 0.19056099732858414 0.3490650044523598 0.346393588601959 0.3490650044523598 0.346393588601959 0.5022261798753339 0.19056099732858414 0.5022261798753339
0 0.6179875333926982 0.11754229741763136 0.7061442564559217 0.11754229741763136 0.7061442564559217 0.21905609973285844 0.6179875333926982 0.21905609973285844
0 0.7355298308103295 0.13357079252003562 0.8263579697239537 0.13357079252003562 0.8263579697239537 0.2341941228851291 0.7355298308103295 0.2341941228851291
0 0.3116651825467498 0.06055209260908281 0.40694568121104185 0.06055209260908281 0.40694568121104185 0.163846838824577 0.3116651825467498 0.163846838824577
0 0.9056099732858415 0.06856634016028496 0.9910952804986641 0.06856634016028496 0.9910952804986641 0.1807658058771149 0.9056099732858415 0.1807658058771149
0 0.8334817453250224 0.15850400712377566 0.9376669634906506 0.15850400712377566 0.9376669634906506 0.26447016918967053 0.8334817453250224 0.26447016918967053
0 0.8904719501335707 0.29741763134461263 0.9982190560997327 0.29741763134461263 0.9982190560997327 0.4113980409617098 0.8904719501335707 0.4113980409617098
0 0.9047195013357079 0.44612644701691884 1.0 0.44612644701691884 1.0 0.5699020480854852 0.9047195013357079 0.5699020480854852
0 0.8539626001780944 0.6268922528940338 1.0 0.6268922528940338 1.0 0.7845057880676761 0.8539626001780944 0.7845057880676761
0 0.5796972395369546 0.641139804096171 0.7382012466607302 0.641139804096171 0.7382012466607302 0.7925200356188778 0.5796972395369546 0.7925200356188778
0 0.5057880676758683 0.7782724844167409 0.6883348174532502 0.7782724844167409 0.6883348174532502 0.9536954585930545 0.5057880676758683 0.9536954585930545
0 0.026714158504007122 0.6883348174532502 0.1834372217275156 0.6883348174532502 0.1834372217275156 0.8263579697239537 0.026714158504007122 0.8263579697239537
0 0.6322350845948352 0.5120213713268033 0.7836153161175423 0.5120213713268033 0.7836153161175423 0.6589492430988425 0.6322350845948352 0.6589492430988425
0 0.3490650044523597 0.5966162065894924 0.46660730186999116 0.5966162065894924 0.46660730186999116 0.7105966162065894 0.3490650044523597 0.7105966162065894
0 0.705253784505788 0.9073909171861088 0.8504007123775601 0.9073909171861088 0.8504007123775601 1.0 0.705253784505788 1.0
0 0.4897595725734639 0.23152270703472838 0.6340160284951024 0.23152270703472838 0.6340160284951024 0.3499554764024933 0.4897595725734639 0.3499554764024933
