5 0.3158207183140398 0.43544078361531613 0.5592163846838825 0.43544078361531613 0.5592163846838825 0.5859305431878896 0.3158207183140398 0.5859305431878896
5 0.582962303354111 0.3793410507569012 0.7693677649154053 0.3793410507569012 0.7693677649154053 0.47996438112199463 0.582962303354111 0.47996438112199463
5 0.3668744434550312 0.5921638468388246 0.582962303354111 0.5921638468388246 0.582962303354111 0.7729296527159396 0.3668744434550312 0.7729296527159396
5 0.5544672009498367 0.5592163846838826 0.780053428317008 0.5592163846838826 0.780053428317008 0.7346393588601959 0.5544672009498367 0.7346393588601959
5 0.4547343425348769 0.30988423864648273 0.6114574057583853 0.30988423864648273 0.6114574057583853 0.44345503116651835 0.4547343425348769 0.44345503116651835
5 0.5485307212822796 0.1923419412288513 0.715939447907391 0.1923419412288513 0.715939447907391 0.3161175422974177 0.5485307212822796 0.3161175422974177
5 0.2956366874443455 0.28495102404274264 0.47016918967052534 0.28495102404274264 0.47016918967052534 0.427426536064114 0.2956366874443455 0.427426536064114
5 0.28376372810923123 0.1923419412288513 0.42742653606411396 0.1923419412288513 0.42742653606411396 0.2911843276936777 0.28376372810923123 0.2911843276936777
5 0.41911546452953397 0.11665182546749778 0.6007717423567824 0.11665182546749778 0.6007717423567824 0.269813000890472 0.41911546452953397 0.269813000890472
5 0.6114574057583853 0.0365093499554764 0.7693677649154053 0.0365093499554764 0.7693677649154053 0.1611754229741763 0.6114574057583853 0.1611754229741763
5 0.8551498961116059 0.1843276936776492 1.0 0.1843276936776492 1.0 0.2920747996438112 0.8551498961116059 0.2920747996438112
5 0.7123775601068566 0.13891362422083706 0.8441674087266252 0.13891362422083706 0.8441674087266252 0.23864648263579694 0.7123775601068566 0.23864648263579694
5 0.7206886316414368 0.2226179875333927 0.8679133273968538 0.2226179875333927 0.8679133273968538 0.34194122885129125 0.7206886316414368 0.34194122885129125
5 0.8548530721282279 0.2840605520926091 1.0 0.2840605520926091 1.0 0.40872662511130897 0.8548530721282279 0.40872662511130897
5 0.6648857227663996 0.4853072128227961 0.8655387355298308 0.4853072128227961 0.8655387355298308 0.6081923419412288 0.6648857227663996 0.6081923419412288
5 0.829919857524488 0.40160284951024044 0.9973285841495994 0.40160284951024044 0.9973285841495994 0.5431878895814782 0.829919857524488 0.5431878895814782
5 0.8334817453250224 0.5449688334817449 1.0 0.5449688334817449 1.0 0.7079252003561884 0.8334817453250224 0.7079252003561884
9 0.1199168892846542 0.3659839715048975 0.3027604630454141 0.3659839715048975 0.3027604630454141 0.5111308993766696 0.1199168892846542 0.5111308993766696
9 0.10210745028198279 0.21905609973285844 0.24695755417037696 0.21905609973285844 0.24695755417037696 0.2991985752448798 0.10210745028198279 0.2991985752448798
9 -4.440892098500628e-18 0.7346393588601959 0.20184030869694275 0.7346393588601959 0.20184030869694275 0.9136242208370436 -4.440892098500628e-18 0.9136242208370436
9 0.18284357376075988 0.7390917186108638 0.3395666369842683 0.7390917186108638 0.3395666369842683 0.8869100623330365 0.18284357376075988 0.8869100623330365
9 0.1329771445532799 0.4835262689225289 0.3051350549124369 0.4835262689225289 0.3051350549124369 0.6402493321460374 0.1329771445532799 0.6402493321460374
9 0.13772632828732562 0.641139804096171 0.327693677649154 0.641139804096171 0.327693677649154 0.7675868210151379 0.13772632828732562 0.7675868210151379
9 0.0 0.3178984861976847 0.13772632828732562 0.3178984861976847 0.13772632828732562 0.4968833481745322 0.0 0.4968833481745322
