12 0.27960819234194123 0.5333926981300089 0.4888691006233304 0.5333926981300089 0.4888691006233304 0.7114870881567231 0.27960819234194123 0.7114870881567231
12 0.5494211932324132 0.4211932324131791 0.7497773820124665 0.4211932324131791 0.7497773820124665 0.6099732858414961 0.5494211932324132 0.6099732858414961
12 0.5894924309884239 0.23864648263579696 0.7595725734639359 0.23864648263579696 0.7595725734639359 0.39715048975957257 0.5894924309884239 0.39715048975957257
12 0.5458593054318789 0.08459483526268922 0.7284060552092609 0.08459483526268922 0.7284060552092609 0.25467497773820125 0.5458593054318789 0.25467497773820125
12 0.377560106856634 0.009795191451469279 0.5592163846838825 0.009795191451469279 0.5592163846838825 0.1861086375779163 0.377560106856634 0.1861086375779163
12 0.42297417631344614 0.182546749777382 0.5707925200356189 0.182546749777382 0.5707925200356189 0.33748886910062337 0.42297417631344614 0.33748886910062337
12 0.17987533392698127 0.23953695458593058 0.3517364203027604 0.23953695458593058 0.3517364203027604 0.3998219056099734 0.17987533392698127 0.3998219056099734
12 0.7239536954585932 0.1513802315227069 0.8904719501335709 0.1513802315227069 0.8904719501335709 0.32769367764915397 0.7239536954585932 0.32769367764915397
12 0.6714158504007124 0.004452359750667854 0.8548530721282279 0.004452359750667854 0.8548530721282279 0.15761353517364202 0.6714158504007124 0.15761353517364202
12 0.8601959038290294 0.048975957257346395 1.0 0.048975957257346395 1.0 0.2475512021371327 0.8601959038290294 0.2475512021371327
12 0.8343722172751559 0.3348174532502226 1.0 0.3348174532502226 1.0 0.4915405164737311 0.8343722172751559 0.4915405164737311
12 0.7132680320569901 0.45592163846838824 0.8913624220837043 0.45592163846838824 0.8913624220837043 0.6197684772929652 0.7132680320569901 0.6197684772929652
12 0.7951914514692784 0.5601068566340157 1.0 0.5601068566340157 1.0 0.7693677649154049 0.7951914514692784 0.7693677649154049
12 0.5921638468388241 0.5841495992876217 0.7871772039180766 0.5841495992876217 0.7871772039180766 0.7613535173642031 0.5921638468388241 0.7613535173642031
12 0.340160284951024 0.7061442564559216 0.510240427426536 0.7061442564559216 0.510240427426536 0.8780053428317007 0.340160284951024 0.8780053428317007
12 0.14959928762243987 0.6455921638468388 0.32146037399821903 0.6455921638468388 0.32146037399821903 0.8147818343722173 0.14959928762243987 0.8147818343722173
12 0.25823686553873554 0.3829029385574355 0.4292074799643812 0.3829029385574355 0.4292074799643812 0.545859305431879 0.25823686553873554 0.545859305431879
12 0.5405164737310778 0.7711487088156715 0.6972395369545862 0.7711487088156715 0.6972395369545862 0.9430097951914516 0.5405164737310778 0.9430097951914516
12 0.682101513802314 0.8147818343722171 0.8708815672306306 0.8147818343722171 0.8708815672306306 1.0 0.682101513802314 1.0
12 0.8521816562778275 0.7284060552092609 1.0 0.7284060552092609 1.0 0.9073909171861085 0.8521816562778275 0.9073909171861085
