0 0.4158504007123776 0.3695458593054319 0.6723063223508461 0.3695458593054319 0.6723063223508461 0.6260017809439002 0.4158504007123776 0.6260017809439002
0 0.2902938557435441 0.21816562778272483 0.5235975066785397 0.21816562778272483 0.5235975066785397 0.45681211041852177 0.2902938557435441 0.45681211041852177
0 0.0943900267141585 0.24309884238646481 0.31522707034728403 0.24309884238646481 0.31522707034728403 0.4772929652715939 0.0943900267141585 0.4772929652715939
0 0.46304541406945676 0.6651825467497774 0.7328584149599288 0.6651825467497774 0.7328584149599288 0.9323241317898486 0.46304541406945676 0.9323241317898486
0 0.3081032947462155 0.5672306322350846 0.5298308103294747 0.5672306322350846 0.5298308103294747 0.7586821015138024 0.3081032947462155 0.7586821015138024
0 0.2778272484416741 0.7506678539626002 0.5271593944790738 0.7506678539626002 0.5271593944790738 1.0 0.2778272484416741 1.0
0 0.6295636687444346 0.8539626001780944 0.88780053428317 0.8539626001780944 0.88780053428317 1.0 0.6295636687444346 1.0
0 0.7008014247551202 0.6090828138913624 0.9536954585930543 0.6090828138913624 0.9536954585930543 0.867319679430098 0.7008014247551202 0.867319679430098
0 0.7880676758682101 0.08370436331255565 1.0 0.08370436331255565 1.0 0.3463935886019589 0.7880676758682101 0.3463935886019589
0 0.4514692787177203 0.11130899376669634 0.7123775601068566 0.11130899376669634 0.7123775601068566 0.3624220837043634 0.4514692787177203 0.3624220837043634
