0 0.39091718610863757 0.5699020480854853 0.6081923419412288 0.5699020480854853 0.6081923419412288 0.7764915405164738 0.39091718610863757 0.7764915405164738
0 0.5886019590382903 0.49688334817453256 0.7951914514692787 0.49688334817453256 0.7951914514692787 0.7105966162065895 0.5886019590382903 0.7105966162065895
0 0.5298308103294749 0.7097061442564564 0.7747105966162069 0.7097061442564564 0.7747105966162069 0.88780053428317 0.5298308103294749 0.88780053428317
0 0.028495102404274265 0.48619768477292963 0.219946571682992 0.48619768477292963 0.219946571682992 0.697239536954586 0.028495102404274265 0.697239536954586
0 0.20391807658058775 0.5779162956366874 0.4060552092609083 0.5779162956366874 0.4060552092609083 0.7658058771148709 0.20391807658058775 0.7658058771148709
0 0.23953695458593058 0.24487978628673196 0.41317898486197685 0.24487978628673196 0.41317898486197685 0.39536954585930545 0.23953695458593058 0.39536954585930545
0 0.7016918967052539 0.11219946571682994 0.9180765805877116 0.11219946571682994 0.9180765805877116 0.3383793410507569 0.7016918967052539 0.3383793410507569
0 0.585040071237756 0.2163846838824577 0.7577916295636687 0.2163846838824577 0.7577916295636687 0.4096170970614425 0.585040071237756 0.4096170970614425
0 0.45235975066785394 0.19056099732858414 0.6108637577916296 0.19056099732858414 0.6108637577916296 0.37488869100623323 0.45235975066785394 0.37488869100623323
0 0.43989314336598395 0.37132680320569894 0.6322350845948351 0.37132680320569894 0.6322350845948351 0.5618878005342831 0.43989314336598395 0.5618878005342831
0 0.2466607301869991 0.41050756901157615 0.46215494211932323 0.41050756901157615 0.46215494211932323 0.6170970614425646 0.2466607301869991 0.6170970614425646
0 0.7079252003561888 0.3597506678539626 0.9590382902938558 0.3597506678539626 0.9590382902938558 0.5841495992876224 0.7079252003561888 0.5841495992876224
0 0.772039180765806 0.6767586821015138 0.9554764024933216 0.6767586821015138 0.9554764024933216 0.8993766696349065 0.772039180765806 0.8993766696349065
0 0.2965271593944791 0.7951914514692787 0.5369545859305432 0.7951914514692787 0.5369545859305432 1.0 0.2965271593944791 1.0
0 0.11932324131789848 0.7640249332146037 0.3348174532502226 0.7640249332146037 0.3348174532502226 0.948352626892253 0.11932324131789848 0.948352626892253
0 0.5485307212822793 0.8815672306322351 0.7960819234194118 0.8815672306322351 0.7960819234194118 0.9999999999999992 0.5485307212822793 0.9999999999999992
