0 0.4238646482635797 0.4113980409617098 0.5574354407836154 0.4113980409617098 0.5574354407836154 0.5565449688334817 0.4238646482635797 0.5565449688334817
0 0.43633125556544966 0.2591273374888691 0.5333926981300089 0.2591273374888691 0.5333926981300089 0.34906500445235983 0.43633125556544966 0.34906500445235983
0 0.4256455921638469 0.16562778272484416 0.5218165627782725 0.16562778272484416 0.5218165627782725 0.25467497773820125 0.4256455921638469 0.25467497773820125
0 0.28495102404274264 0.5654496883348175 0.42653606411398043 0.5654496883348175 0.42653606411398043 0.7016918967052538 0.28495102404274264 0.7016918967052538
0 0.1460373998219056 0.49955476402493315 0.27515583259127335 0.49955476402493315 0.27515583259127335 0.6518254674977738 0.1460373998219056 0.6518254674977738
0 0.2956366874443455 0.44968833481745324 0.4354407836153161 0.44968833481745324 0.4354407836153161 0.5859305431878896 0.2956366874443455 0.5859305431878896
0 0.553873552983081 0.4755120213713269 0.7016918967052538 0.4755120213713269 0.7016918967052538 0.6028495102404274 0.553873552983081 0.6028495102404274
0 0.5565449688334817 0.5859305431878896 0.7105966162065895 0.5859305431878896 0.7105966162065895 0.7105966162065895 0.5565449688334817 0.7105966162065895
0 0.14692787177203917 0.3846838824577025 0.2920747996438112 0.3846838824577025 0.2920747996438112 0.5182546749777382 0.14692787177203917 0.5182546749777382
0 0.3027604630454141 0.3704363312555655 0.433659839715049 0.3704363312555655 0.433659839715049 0.48441674087266257 0.3027604630454141 0.48441674087266257
0 0.4300979519145147 0.340160284951024 0.5627782724844167 0.340160284951024 0.5627782724844167 0.4416740872662512 0.4300979519145147 0.4416740872662512
0 0.3178984861976848 0.27960819234194123 0.4158504007123776 0.27960819234194123 0.4158504007123776 0.3695458593054319 0.3178984861976848 0.3695458593054319
0 0.7355298308103295 0.8361531611754229 0.9403383793410509 0.8361531611754229 0.9403383793410509 1.0 0.7355298308103295 1.0
0 0.6509349955476398 0.2626892252894033 0.7747105966162067 0.2626892252894033 0.7747105966162067 0.382012466607302 0.6509349955476398 0.382012466607302
