0 0.25823686553873554 0.5583259127337489 0.4007123775601069 0.5583259127337489 0.4007123775601069 0.7070347284060553 0.25823686553873554 0.7070347284060553
0 0.14069456812110417 0.740872662511131 0.29741763134461263 0.740872662511131 0.29741763134461263 0.9154051647373109 0.14069456812110417 0.9154051647373109
0 0.4772929652715939 0.7889581478183436 0.6402493321460373 0.7889581478183436 0.6402493321460373 0.9501335707925199 0.4772929652715939 0.9501335707925199
0 0.28138913624220835 0.8290293855743546 0.439893143365984 0.8290293855743546 0.439893143365984 0.990204808548531 0.28138913624220835 0.990204808548531
0 0.3570792520035619 0.6856634016028496 0.5191451469278718 0.6856634016028496 0.5191451469278718 0.8388245770258239 0.3570792520035619 0.8388245770258239
0 0.4915405164737311 0.620658949243099 0.5912733748886909 0.620658949243099 0.5912733748886909 0.7186108637577917 0.4915405164737311 0.7186108637577917
0 0.4719501335707925 0.4639358860195904 0.6251113089937668 0.4639358860195904 0.6251113089937668 0.6064113980409618 0.4719501335707925 0.6064113980409618
0 0.37399821905609976 0.3802315227070348 0.5022261798753339 0.3802315227070348 0.5022261798753339 0.500445235975067 0.37399821905609976 0.500445235975067
0 0.2021371326803206 0.3633125556544969 0.3348174532502226 0.3633125556544969 0.3348174532502226 0.4933214603739983 0.2021371326803206 0.4933214603739983
0 0.13000890471950133 0.47373107747105964 0.2956366874443455 0.47373107747105964 0.2956366874443455 0.603739982190561 0.13000890471950133 0.603739982190561
0 0.1460373998219056 0.6019590382902938 0.2920747996438112 0.6019590382902938 0.2920747996438112 0.7292965271593944 0.1460373998219056 0.7292965271593944
0 -6.661338147750939e-18 0.6340160284951023 0.1789848619768477 0.6340160284951023 0.1789848619768477 0.8263579697239537 -6.661338147750939e-18 0.8263579697239537
0 0.8067675868210153 0.5102404274265361 0.960819234194123 0.5102404274265361 0.960819234194123 0.6500445235975066 0.8067675868210153 0.6500445235975066
0 0.6562778272484416 0.7702582368655387 0.8201246660730187 0.7702582368655387 0.8201246660730187 0.9394479073909171 0.6562778272484416 0.9394479073909171
0 0.831700801424755 0.7880676758682101 0.9795191451469278 0.7880676758682101 0.9795191451469278 0.9554764024933216 0.831700801424755 0.9554764024933216
