0 0.12021371326803205 0.5627782724844167 0.32591273374888685 0.5627782724844167 0.32591273374888685 0.7337488869100622 0.12021371326803205 0.7337488869100622
0 0.11932324131789848 0.39269813000890474 0.340160284951024 0.39269813000890474 0.340160284951024 0.5796972395369546 0.11932324131789848 0.5796972395369546
0 0.47462154942119317 0.4710596616206589 0.6251113089937667 0.4710596616206589 0.6251113089937667 0.6215494211932324 0.47462154942119317 0.6215494211932324
0 0.6580587711487088 0.38557435440783616 0.8281389136242209 0.38557435440783616 0.8281389136242209 0.5520926090828139 0.6580587711487088 0.5520926090828139
0 0.6936776491540516 0.6260017809439002 0.8486197684772929 0.6260017809439002 0.8486197684772929 0.7880676758682101 0.6936776491540516 0.7880676758682101
0 0.5164737310774711 0.7275155832591274 0.6918967052537843 0.7275155832591274 0.6918967052537843 0.8975957257346393 0.5164737310774711 0.8975957257346393
0 0.16829919857524486 0.7008014247551202 0.3624220837043633 0.7008014247551202 0.3624220837043633 0.8833481745325023 0.16829919857524486 0.8833481745325023
0 0.35796972395369553 0.5690115761353517 0.4888691006233304 0.5690115761353517 0.4888691006233304 0.7221727515583259 0.35796972395369553 0.7221727515583259
0 1.5422510404410012e-17 0.5503116651825464 0.1442564559216385 0.5503116651825464 0.1442564559216385 0.7631344612644696 1.5422510404410012e-17 0.7631344612644696
0 0.3802315227070348 0.3597506678539626 0.5360641139804097 0.3597506678539626 0.5360641139804097 0.5298308103294747 0.3802315227070348 0.5298308103294747
0 0.015138023152270702 0.12644701691896706 0.18699910952804985 0.12644701691896706 0.18699910952804985 0.28851291184327693 0.015138023152270702 0.28851291184327693
0 0.009795191451469279 0.2920747996438112 0.18254674977738203 0.2920747996438112 0.18254674977738203 0.45235975066785394 0.009795191451469279 0.45235975066785394
0 0.2235084594835263 0.014247551202137132 0.3659839715048976 0.014247551202137132 0.3659839715048976 0.14069456812110417 0.2235084594835263 0.14069456812110417
0 0.35796972395369553 0.07390917186108638 0.5048975957257347 0.07390917186108638 0.5048975957257347 0.2119323241317899 0.35796972395369553 0.2119323241317899
0 0.28495102404274264 0.19323241317898485 0.439893143365984 0.19323241317898485 0.439893143365984 0.3312555654496883 0.28495102404274264 0.3312555654496883
0 0.24577025823686555 0.3027604630454141 0.39536954585930545 0.3027604630454141 0.39536954585930545 0.4470169189670526 0.24577025823686555 0.4470169189670526
0 0.6064113980409617 0.27337488869100623 0.7390917186108635 0.27337488869100623 0.7390917186108635 0.40872662511130897 0.6064113980409617 0.40872662511130897
0 0.6767586821015138 0.025823686553873553 0.8290293855743543 0.025823686553873553 0.8290293855743543 0.18967052537845058 0.6767586821015138 0.18967052537845058
0 0.6616206589492432 0.17809439002671415 0.8236865538735529 0.17809439002671415 0.8236865538735529 0.3178984861976848 0.6616206589492432 0.3178984861976848
0 0.40872662511130897 0.7230632235084596 0.5467497773820125 0.7230632235084596 0.5467497773820125 0.871772039180766 0.40872662511130897 0.871772039180766
0 0.589492430988424 0.8575244879786286 0.7560106856634018 0.8575244879786286 0.7560106856634018 1.0 0.589492430988424 1.0
