0 0.3392698130008905 0.4078361531611755 0.5618878005342832 0.4078361531611755 0.5618878005342832 0.6393588601959038 0.3392698130008905 0.6393588601959038
0 0.028495102404274265 0.42653606411398043 0.2537845057880676 0.42653606411398043 0.2537845057880676 0.641139804096171 0.028495102404274265 0.641139804096171
0 0.1611754229741763 0.25111308993766696 0.4016028495102404 0.25111308993766696 0.4016028495102404 0.48797862867319686 0.1611754229741763 0.48797862867319686
0 0.3116651825467498 0.11576135351736419 0.4888691006233304 0.11576135351736419 0.4888691006233304 0.2858414959928762 0.3116651825467498 0.2858414959928762
0 0.40427426536064104 0.232413178984862 0.6286731967943009 0.232413178984862 0.6286731967943009 0.44879786286731965 0.40427426536064104 0.44879786286731965
0 0.0 0.11487088156723056 0.17898486197684776 0.11487088156723056 0.17898486197684776 0.29563668744434546 0.0 0.29563668744434546
0 0.5556544968833482 0.4639358860195904 0.759572573463936 0.4639358860195904 0.759572573463936 0.6883348174532504 0.5556544968833482 0.6883348174532504
0 0.7462154942119323 0.5316117542297417 0.9839715048975958 0.5316117542297417 0.9839715048975958 0.7408726625111308 0.7462154942119323 0.7408726625111308
0 0.2956366874443455 0.6135351736420303 0.5191451469278717 0.6135351736420303 0.5191451469278717 0.8450578806767588 0.2956366874443455 0.8450578806767588
0 0.053428317008014245 0.6170970614425646 0.2858414959928763 0.6170970614425646 0.2858414959928763 0.8566340160284951 0.053428317008014245 0.8566340160284951
0 0.4835262689225289 0.05877114870881568 0.6642920747996438 0.05877114870881568 0.6642920747996438 0.23864648263579696 0.4835262689225289 0.23864648263579696
0 0.5886019590382903 0.26892252894033836 0.7934105075690115 0.26892252894033836 0.7934105075690115 0.472840605520926 0.5886019590382903 0.472840605520926
