5 0.748886910062333 0.4238646482635797 0.9047195013357078 0.4238646482635797 0.9047195013357078 0.6375779162956366 0.748886910062333 0.6375779162956366
5 0.3446126447016919 0.17720391807658056 0.5903829029385576 0.17720391807658056 0.5903829029385576 0.3570792520035619 0.3446126447016919 0.3570792520035619
5 0.3633125556544969 0.3365983971504897 0.508459483526269 0.3365983971504897 0.508459483526269 0.48797862867319675 0.3633125556544969 0.48797862867319675
5 0.2341941228851291 0.38913624220837045 0.39180765805877116 0.38913624220837045 0.39180765805877116 0.6064113980409617 0.2341941228851291 0.6064113980409617
5 0.08459483526268922 0.3561887800534283 0.22439893143365983 0.3561887800534283 0.22439893143365983 0.4906500445235975 0.08459483526268922 0.4906500445235975
5 0.0730186999109528 0.4888691006233304 0.2769367764915405 0.4888691006233304 0.2769367764915405 0.6740872662511129 0.0730186999109528 0.6740872662511129
5 0.4710596616206589 0.5066785396260017 0.634906500445236 0.5066785396260017 0.634906500445236 0.642920747996438 0.4710596616206589 0.642920747996438
5 0.49955476402493315 0.3793410507569012 0.6696349065004451 0.3793410507569012 0.6696349065004451 0.49777382012466614 0.49955476402493315 0.49777382012466614
5 0.6518254674977739 0.21549421193232413 0.8040961709706145 0.21549421193232413 0.8040961709706145 0.3766696349065004 0.6518254674977739 0.3766696349065004
5 0.6268922528940338 0.4479073909171861 0.7577916295636687 0.4479073909171861 0.7577916295636687 0.609973285841496 0.6268922528940338 0.609973285841496
