1 0.5476402493321461 0.35440783615316124 0.6918967052537847 0.35440783615316124 0.6918967052537847 0.5040071237756011 0.5476402493321461 0.5040071237756011
1 0.6918967052537845 0.3722172751558326 0.819234194122885 0.3722172751558326 0.819234194122885 0.5075690115761354 0.6918967052537845 0.5075690115761354
1 0.6500445235975065 0.4933214603739982 0.7853962600178093 0.4933214603739982 0.7853962600178093 0.6598397150489759 0.6500445235975065 0.6598397150489759
1 0.4808548530721282 0.4870881567230632 0.6064113980409617 0.4870881567230632 0.6064113980409617 0.6384683882457701 0.4808548530721282 0.6384683882457701
1 0.8619768477292965 0.4514692787177204 1.0 0.4514692787177204 1.0 0.6144256455921638 0.8619768477292965 0.6144256455921638
1 0.6669634906500446 0.6438112199465716 0.8504007123775602 0.6438112199465716 0.8504007123775602 0.7880676758682099 0.6669634906500446 0.7880676758682099
1 0.31344612644701686 0.5467497773820125 0.47462154942119317 0.5467497773820125 0.47462154942119317 0.7008014247551202 0.31344612644701686 0.7008014247551202
1 0.2947462154942119 0.39536954585930545 0.44434550311665183 0.39536954585930545 0.44434550311665183 0.5556544968833482 0.2947462154942119 0.5556544968833482
1 0.3686553873552983 0.28138913624220835 0.5378450578806767 0.28138913624220835 0.5378450578806767 0.37845057880676763 0.3686553873552983 0.37845057880676763
1 0.5503116651825467 0.2146037399821906 0.7203918076580588 0.2146037399821906 0.7203918076580588 0.32235084594835267 0.5503116651825467 0.32235084594835267
1 0.3606411398040962 0.14692787177203917 0.5200356188780053 0.14692787177203917 0.5200356188780053 0.27782724844167406 0.3606411398040962 0.27782724844167406
1 0.597506678539626 -8.881784197001253e-18 0.7506678539626004 -8.881784197001253e-18 0.7506678539626004 0.1246660730186999 0.597506678539626 0.1246660730186999
1 0.7542297417631346 0.0365093499554764 0.9100623330365094 0.0365093499554764 0.9100623330365094 0.20658949243098843 0.7542297417631346 0.20658949243098843
1 0.7337488869100623 0.2056990204808549 0.8735529830810328 0.2056990204808549 0.8735529830810328 0.321460373998219 0.7337488869100623 0.321460373998219
1 0.6420302760463046 0.13357079252003562 0.780053428317008 0.13357079252003562 0.780053428317008 0.2564559216384684 0.6420302760463046 0.2564559216384684
1 0.3864648263579697 0.05075690115761354 0.5298308103294745 0.05075690115761354 0.5298308103294745 0.16740872662511136 0.3864648263579697 0.16740872662511136
1 0.4505788067675868 0.36776491540516476 0.578806767586821 0.36776491540516476 0.578806767586821 0.5200356188780054 0.4505788067675868 0.5200356188780054
1 0.5494211932324132 0.6856634016028496 0.6883348174532502 0.6856634016028496 0.6883348174532502 0.8156723063223508 0.5494211932324132 0.8156723063223508
1 0.43098842386464836 0.6242208370436332 0.5743544078361532 0.6242208370436332 0.5743544078361532 0.7693677649154053 0.43098842386464836 0.7693677649154053
1 0.1798753339269813 0.7230632235084596 0.3339269813000891 0.7230632235084596 0.3339269813000891 0.8851291184327696 0.1798753339269813 0.8851291184327696
1 0.1567230632235084 0.8984861976847737 0.3722172751558327 0.8984861976847737 0.3722172751558327 1.0 0.1567230632235084 1.0
1 0.4603739982190561 0.7809439002671416 0.5992876224398932 0.7809439002671416 0.5992876224398932 0.935886019590383 0.4603739982190561 0.935886019590383
1 0.6420302760463046 0.7729296527159394 0.8130008904719501 0.7729296527159394 0.8130008904719501 0.9269813000890473 0.6420302760463046 0.9269813000890473
1 0.8432769367764915 0.616206589492431 1.0 0.616206589492431 1.0 0.7827248441674086 0.8432769367764915 0.7827248441674086
1 0.5779162956366874 0.5894924309884239 0.709706144256456 0.5894924309884239 0.709706144256456 0.6990204808548531 0.5779162956366874 0.6990204808548531
1 0.8967052537845058 0.3072128227960819 1.0 0.3072128227960819 1.0 0.44612644701691884 0.8967052537845058 0.44612644701691884
1 0.7328584149599287 0.3116651825467498 0.8788958147818343 0.3116651825467498 0.8788958147818343 0.4292074799643812 0.7328584149599287 0.4292074799643812
18 0.19412288512911846 0.3365983971504897 0.3579697239536955 0.3365983971504897 0.3579697239536955 0.48441674087266257 0.19412288512911846 0.48441674087266257
18 0.17186108637577915 0.21727515583259127 0.32413178984861973 0.21727515583259127 0.32413178984861973 0.3526268922528941 0.17186108637577915 0.3526268922528941
18 0.19412288512911846 7.771561172376097e-18 0.3303650934995548 7.771561172376097e-18 0.3303650934995548 0.13000890471950133 0.19412288512911846 0.13000890471950133
18 0.07479964381121995 0.030276046304541403 0.21282279608192345 0.030276046304541403 0.21282279608192345 0.16651825467497774 0.07479964381121995 0.16651825467497774
18 0.08726625111308994 0.16295636687444348 0.22172751558325918 0.16295636687444348 0.22172751558325918 0.3072128227960819 0.08726625111308994 0.3072128227960819
18 0.21905609973285842 0.15405164737310775 0.33481745325022266 0.15405164737310775 0.33481745325022266 0.2564559216384684 0.21905609973285842 0.2564559216384684
18 0.06411398040961709 0.2894033837934105 0.1985752448797863 0.2894033837934105 0.1985752448797863 0.4220837043633125 0.06411398040961709 0.4220837043633125
18 0.10418521816562779 0.41406945681211044 0.24487978628673196 0.41406945681211044 0.24487978628673196 0.5583259127337489 0.10418521816562779 0.5583259127337489
18 0.034728406055209264 0.5707925200356189 0.20035618878005343 0.5707925200356189 0.20035618878005343 0.723953695458593 0.034728406055209264 0.723953695458593
18 0.003561887800534283 0.7195013357079252 0.163846838824577 0.7195013357079252 0.163846838824577 0.8548530721282279 0.003561887800534283 0.8548530721282279
18 0.0 0.42831700801424727 0.10240427426536064 0.42831700801424727 0.10240427426536064 0.574354407836153 0.0 0.574354407836153
