0 0.5022261798753339 0.3374888691006233 0.6304541406945681 0.3374888691006233 0.6304541406945681 0.4790739091718611 0.5022261798753339 0.4790739091718611
0 0.7462154942119323 0.5253784505788067 0.8771148708815673 0.5253784505788067 0.8771148708815673 0.6758682101513802 0.7462154942119323 0.6758682101513802
0 0.41050756901157615 0.7221727515583259 0.5779162956366874 0.7221727515583259 0.5779162956366874 0.879786286731968 0.41050756901157615 0.879786286731968
0 0.634906500445236 0.8584149599287624 0.7969723953695458 0.8584149599287624 0.7969723953695458 0.9795191451469278 0.634906500445236 0.9795191451469278
0 0.22707034728406061 0.26090828138913624 0.3339269813000891 0.26090828138913624 0.3339269813000891 0.3695458593054319 0.22707034728406061 0.3695458593054319
0 0.39715048975957257 0.282279608192342 0.49599287622439897 0.282279608192342 0.49599287622439897 0.39180765805877116 0.39715048975957257 0.39180765805877116
0 0.3089937666963491 0.6812110418521816 0.4470169189670526 0.6812110418521816 0.4470169189670526 0.8147818343722174 0.3089937666963491 0.8147818343722174
0 0.4122885129118433 0.566340160284951 0.5547640249332146 0.566340160284951 0.5547640249332146 0.7123775601068565 0.4122885129118433 0.7123775601068565
0 0.6108637577916296 0.609973285841496 0.7506678539626004 0.609973285841496 0.7506678539626004 0.7524487978628673 0.6108637577916296 0.7524487978628673
0 0.6019590382902938 0.7319679430097952 0.7595725734639359 0.7319679430097952 0.7595725734639359 0.8699910952804987 0.6019590382902938 0.8699910952804987
0 3.3306690738754695e-18 0.8308103294746215 0.16473731077471063 0.8308103294746215 0.16473731077471063 0.9982190560997329 3.3306690738754695e-18 0.9982190560997329
0 0.015138023152270702 0.5565449688334817 0.14514692787177208 0.5565449688334817 0.14514692787177208 0.7008014247551202 0.015138023152270702 0.7008014247551202
0 0.12110418521816561 0.4897595725734639 0.25022261798753337 0.4897595725734639 0.25022261798753337 0.6357969723953695 0.12110418521816561 0.6357969723953695
0 0.12288512911843277 0.3980409617097062 0.24844167408726628 0.3980409617097062 0.24844167408726628 0.5111308993766698 0.12288512911843277 0.5111308993766698
0 0.03561887800534283 0.24577025823686555 0.16829919857524486 0.24577025823686555 0.16829919857524486 0.37934105075690117 0.03561887800534283 0.37934105075690117
0 0.25823686553873554 0.11576135351736419 0.3668744434550312 0.11576135351736419 0.3668744434550312 0.21193232413178986 0.25823686553873554 0.21193232413178986
0 0.3481745325022262 0.04452359750667854 0.4505788067675868 0.04452359750667854 0.4505788067675868 0.13802315227070347 0.3481745325022262 0.13802315227070347
0 0.4514692787177204 0.1620658949243099 0.5351736420302761 0.1620658949243099 0.5351736420302761 0.24042742653606414 0.4514692787177204 0.24042742653606414
0 0.7195013357079252 0.36420302760463047 0.8165627782724845 0.36420302760463047 0.8165627782724845 0.46927871772039187 0.7195013357079252 0.46927871772039187
0 0.2493321460373998 0.5031166518254675 0.3633125556544968 0.5031166518254675 0.3633125556544968 0.628673196794301 0.2493321460373998 0.628673196794301
0 0.4425645592163846 0.44879786286731965 0.5503116651825466 0.44879786286731965 0.5503116651825466 0.566340160284951 0.4425645592163846 0.566340160284951
0 0.5645592163846839 0.4683882457702582 0.6838824577025824 0.4683882457702582 0.6838824577025824 0.5841495992876224 0.5645592163846839 0.5841495992876224
0 0.14870881567230634 0.7390917186108638 0.28227960819234194 0.7390917186108638 0.28227960819234194 0.8815672306322351 0.14870881567230634 0.8815672306322351
