0 0.15405164737310775 0.48441674087266245 0.30454140694568116 0.48441674087266245 0.30454140694568116 0.6055209260908282 0.15405164737310775 0.6055209260908282
0 0.3374888691006233 0.3615316117542298 0.466607301869991 0.3615316117542298 0.466607301869991 0.4977738201246662 0.3374888691006233 0.4977738201246662
0 0.4372217275155833 0.1460373998219056 0.5618878005342832 0.1460373998219056 0.5618878005342832 0.2769367764915406 0.4372217275155833 0.2769367764915406
0 0.5805877114870882 0.1861086375779163 0.6607301869991096 0.1861086375779163 0.6607301869991096 0.27604630454140694 0.5805877114870882 0.27604630454140694
0 0.5752448797862867 0.358860195903829 0.6785396260017809 0.358860195903829 0.6785396260017809 0.45681211041852177 0.5752448797862867 0.45681211041852177
0 0.6402493321460373 0.4220837043633125 0.7533392698130007 0.4220837043633125 0.7533392698130007 0.5280498664292075 0.6402493321460373 0.5280498664292075
0 0.7292965271593945 0.5556544968833482 0.8646482635796972 0.5556544968833482 0.8646482635796972 0.6901157613535174 0.7292965271593945 0.6901157613535174
0 0.47640249332146034 0.5476402493321461 0.6073018699910953 0.5476402493321461 0.6073018699910953 0.6981300089047195 0.47640249332146034 0.6981300089047195
0 0.5351736420302761 0.45414069456812106 0.6758682101513802 0.45414069456812106 0.6758682101513802 0.5894924309884239 0.5351736420302761 0.5894924309884239
0 0.7622439893143366 0.41317898486197685 0.9091718610863758 0.41317898486197685 0.9091718610863758 0.5547640249332147 0.7622439893143366 0.5547640249332147
0 0.22083704363312556 0.26179875333926983 0.3285841495992876 0.26179875333926983 0.3285841495992876 0.377560106856634 0.22083704363312556 0.377560106856634
0 0.20747996438112198 0.20391807658058775 0.3072128227960819 0.20391807658058775 0.3072128227960819 0.2991985752448798 0.20747996438112198 0.2991985752448798
0 0.3668744434550312 0.678539626001781 0.5093499554764025 0.678539626001781 0.5093499554764025 0.8174532502226179 0.3668744434550312 0.8174532502226179
0 0.294746215494212 0.5075690115761353 0.4256455921638469 0.5075690115761353 0.4256455921638469 0.6393588601959038 0.294746215494212 0.6393588601959038
0 0.25645592163846836 0.4292074799643812 0.3766696349065005 0.4292074799643812 0.3766696349065005 0.5556544968833482 0.25645592163846836 0.5556544968833482
0 0.4612644701691896 0.3072128227960819 0.5930543187889582 0.3072128227960819 0.5930543187889582 0.4122885129118433 0.4612644701691896 0.4122885129118433
0 0.6731967943009795 0.667853962600178 0.806767586821015 0.667853962600178 0.806767586821015 0.7916295636687445 0.6731967943009795 0.7916295636687445
0 0.699020480854853 0.23686553873552982 0.80053428317008 0.23686553873552982 0.80053428317008 0.34372217275155825 0.699020480854853 0.34372217275155825
0 0.5690115761353517 0.2742653606411398 0.680320569902048 0.2742653606411398 0.680320569902048 0.35796972395369553 0.5690115761353517 0.35796972395369553
0 0.21727515583259127 0.13624220837043632 0.32235084594835267 0.13624220837043632 0.32235084594835267 0.23330365093499558 0.21727515583259127 0.23330365093499558
0 0.3098842386464826 0.2146037399821906 0.3953695458593054 0.2146037399821906 0.3953695458593054 0.3072128227960819 0.3098842386464826 0.3072128227960819
0 0.15761353517364202 0.7016918967052539 0.28762243989314334 0.7016918967052539 0.28762243989314334 0.821905609973286 0.15761353517364202 0.821905609973286
0 0.051647373107747106 0.44968833481745324 0.1558325912733749 0.44968833481745324 0.1558325912733749 0.5618878005342832 0.051647373107747106 0.5618878005342832
0 0.09973285841495994 0.11487088156723063 0.20926090828138913 0.11487088156723063 0.20926090828138913 0.21727515583259127 0.09973285841495994 0.21727515583259127
