1 0.5316117542297417 0.3695458593054319 0.6642920747996438 0.3695458593054319 0.6642920747996438 0.4648263579697239 0.5316117542297417 0.4648263579697239
1 0.3704363312555655 0.42297417631344625 0.4817453250222618 0.42297417631344625 0.4817453250222618 0.545859305431879 0.3704363312555655 0.545859305431879
1 0.21658746758901853 0.4725409404519522 0.30163788459929236 0.5386912647932726 0.1992081348495077 0.6703866573287174 0.1141577178392339 0.6042363329873971
1 0.36776491540516476 0.6206589492430988 0.47907390917186116 0.6206589492430988 0.47907390917186116 0.7809439002671416 0.36776491540516476 0.7809439002671416
1 0.4541406945681214 0.5503116651825467 0.6073018699910951 0.5503116651825467 0.6073018699910951 0.6589492430988422 0.4541406945681214 0.6589492430988422
1 0.5556544968833482 0.4568121104185219 0.6794300979519146 0.4568121104185219 0.6794300979519146 0.5805877114870882 0.5556544968833482 0.5805877114870882
1 0.4657168299198573 0.42920747996438136 0.5832591273374887 0.42920747996438136 0.5832591273374887 0.5449688334817455 0.4657168299198573 0.5449688334817455
1 0.823686553873553 0.46660730186999105 0.9723953695458595 0.46660730186999105 0.9723953695458595 0.5645592163846839 0.823686553873553 0.5645592163846839
1 0.619768477292965 0.5948352626892253 0.8023152270703472 0.5948352626892253 0.8023152270703472 0.7008014247551203 0.619768477292965 0.7008014247551203
1 0.6580587711487089 0.8005342831700801 0.8263579697239537 0.8005342831700801 0.8263579697239537 0.9225289403383792 0.6580587711487089 0.9225289403383792
1 0.6186390400184187 0.7421591442085527 0.7886232551704059 0.6685987236164734 0.8328302386992998 0.7707526990683891 0.6628460235473126 0.8443131196604685
1 0.4746215494211931 0.653606411398041 0.580587711487088 0.653606411398041 0.580587711487088 0.7649154051647373 0.4746215494211931 0.7649154051647373
1 0.4354407836153161 0.751558325912734 0.585040071237756 0.751558325912734 0.585040071237756 0.879786286731968 0.4354407836153161 0.879786286731968
1 0.25823686553873554 0.7453250222617988 0.41317898486197685 0.7453250222617988 0.41317898486197685 0.8646482635796974 0.25823686553873554 0.8646482635796974
1 0.06667818234888304 0.6546464750871618 0.18408934917661704 0.6031001091627921 0.2590160415748324 0.7737664640698424 0.1416048747470984 0.8253128299942121
1 0.251113089937667 0.5609973285841496 0.3615316117542298 0.5609973285841496 0.3615316117542298 0.6758682101513803 0.251113089937667 0.6758682101513803
1 0.2867613807110625 0.3778092582624028 0.38115858685081294 0.2746862599584775 0.45143986594966684 0.339020661595123 0.3570426598099164 0.4421436598990483
1 0.464826357969724 0.26001780943900266 0.5788067675868211 0.26001780943900266 0.5788067675868211 0.3757791629563669 0.464826357969724 0.3757791629563669
1 0.6260017809439002 0.26268922528940336 0.7417631344612645 0.26268922528940336 0.7417631344612645 0.3490650044523598 0.6260017809439002 0.3490650044523598
1 0.613089982683445 0.39501272227743606 0.7241359485415476 0.31155142309746303 0.7867319229265278 0.39483589749104064 0.6756859570684252 0.47829719667101367
1 0.26179875333926983 0.21816562778272483 0.36776491540516476 0.21816562778272483 0.36776491540516476 0.33926981300089043 0.26179875333926983 0.33926981300089043
1 0.007091361943435788 0.33317836889867786 0.0984370475815208 0.2427743913599585 0.15942689273154137 0.30439954739696123 0.06808120709345636 0.3948035249356806
1 0.10716836014368958 0.285159238146588 0.20629473519073213 0.35778648323055673 0.11366868348943795 0.4842085267688149 0.014542308442395393 0.41158128168484615
1 0.13891362422083703 0.3713268032056989 0.24755120213713278 0.3713268032056989 0.24755120213713278 0.48441674087266245 0.13891362422083703 0.48441674087266245
1 0.751558325912734 0.3455031166518255 0.892252894033838 0.3455031166518255 0.892252894033838 0.43722172751558336 0.751558325912734 0.43722172751558336
1 0.6821015138023152 0.4951024042742654 0.7818343722172753 0.4951024042742654 0.7818343722172753 0.5886019590382903 0.6821015138023152 0.5886019590382903
1 0.9029385574354412 0.3535173642030275 0.9884238646482638 0.3535173642030275 0.9884238646482638 0.4309884238646482 0.9029385574354412 0.4309884238646482
1 0.8806767586821016 0.23330365093499553 0.9643811219946572 0.23330365093499553 0.9643811219946572 0.36865538735529824 0.8806767586821016 0.36865538735529824
1 0.3864648263579697 0.3455031166518255 0.5325022261798753 0.3455031166518255 0.5325022261798753 0.4363312555654498 0.3864648263579697 0.4363312555654498
1 0.8530721282279609 0.7221727515583259 0.9617097061442565 0.7221727515583259 0.9617097061442565 0.9029385574354409 0.8530721282279609 0.9029385574354409
