0 0.6010685663401603 0.42297417631344614 0.7773820124666073 0.42297417631344614 0.7773820124666073 0.5770258236865539 0.6010685663401603 0.5770258236865539
0 0.4817453250222618 0.6028495102404274 0.6990204808548531 0.6028495102404274 0.6990204808548531 0.7969723953695459 0.4817453250222618 0.7969723953695459
0 0.09082813891362422 0.44612644701691884 0.24398931433659837 0.44612644701691884 0.24398931433659837 0.6046304541406945 0.09082813891362422 0.6046304541406945
0 0.14247551202137132 0.1558325912733749 0.2769367764915406 0.1558325912733749 0.2769367764915406 0.28495102404274264 0.14247551202137132 0.28495102404274264
0 0.5609973285841496 0.15048975957257346 0.680320569902048 0.15048975957257346 0.680320569902048 0.26001780943900266 0.5609973285841496 0.26001780943900266
0 0.5476402493321461 0.26892252894033836 0.691006233303651 0.26892252894033836 0.691006233303651 0.4060552092609083 0.5476402493321461 0.4060552092609083
0 0.8130008904719501 0.3161175422974176 0.9180765805877115 0.3161175422974176 0.9180765805877115 0.4532502226179875 0.8130008904719501 0.4532502226179875
0 0.7960819234194124 0.07569011576135352 0.9287622439893144 0.07569011576135352 0.9287622439893144 0.21816562778272483 0.7960819234194124 0.21816562778272483
0 0.2947462154942119 0.0365093499554764 0.4470169189670526 0.0365093499554764 0.4470169189670526 0.1549421193232413 0.2947462154942119 0.1549421193232413
0 0.2804986642920748 0.28227960819234194 0.433659839715049 0.28227960819234194 0.433659839715049 0.40694568121104185 0.2804986642920748 0.40694568121104185
0 0.24309884238646481 0.37399821905609976 0.39269813000890474 0.37399821905609976 0.39269813000890474 0.5022261798753339 0.24309884238646481 0.5022261798753339
0 0.39982190560997327 0.20124666073018696 0.5138023152270703 0.20124666073018696 0.5138023152270703 0.34105075690115755 0.39982190560997327 0.34105075690115755
0 0.46215494211932323 0.0730186999109528 0.5779162956366874 0.0730186999109528 0.5779162956366874 0.2306322350845948 0.46215494211932323 0.2306322350845948
0 0.8824577025823688 0.5155832591273375 1.0000000000000002 0.5155832591273375 1.0000000000000002 0.6642920747996438 0.8824577025823688 0.6642920747996438
