15 0.12822796081923418 0.21727515583259127 0.333926981300089 0.21727515583259127 0.333926981300089 0.4033837934105075 0.12822796081923418 0.4033837934105075
15 0.09528049866429207 0.05075690115761354 0.26981300089047194 0.05075690115761354 0.26981300089047194 0.22261798753339268 0.09528049866429207 0.22261798753339268
15 0.23686553873552993 0.04897595725734639 0.3802315227070347 0.04897595725734639 0.3802315227070347 0.20480854853072125 0.23686553873552993 0.20480854853072125
15 0.41495992876224397 0.09528049866429207 0.5609973285841495 0.09528049866429207 0.5609973285841495 0.2582368655387355 0.41495992876224397 0.2582368655387355
15 0.4888691006233304 0.232413178984862 0.6055209260908282 0.232413178984862 0.6055209260908282 0.3481745325022262 0.4888691006233304 0.3481745325022262
15 0.3882457702582368 0.2724844167408727 0.5244879786286731 0.2724844167408727 0.5244879786286731 0.3926981300089048 0.3882457702582368 0.3926981300089048
15 0.28138913624220835 0.3116651825467498 0.4256455921638469 0.3116651825467498 0.4256455921638469 0.47818343722172746 0.28138913624220835 0.47818343722172746
15 0.6821015138023152 0.19412288512911846 0.7951914514692787 0.19412288512911846 0.7951914514692787 0.31522707034728403 0.6821015138023152 0.31522707034728403
15 0.5227070347284061 0.3428317008014248 0.653606411398041 0.3428317008014248 0.653606411398041 0.483526268922529 0.5227070347284061 0.483526268922529
15 0.1807658058771149 0.5449688334817453 0.3766696349065005 0.5449688334817453 0.3766696349065005 0.7159394479073908 0.1807658058771149 0.7159394479073908
15 0.42742653606411396 0.5164737310774711 0.5743544078361533 0.5164737310774711 0.5743544078361533 0.649154051647373 0.42742653606411396 0.649154051647373
15 2.636779683484747e-18 0.40516473731077474 0.17720391807658062 0.40516473731077474 0.17720391807658062 0.6438112199465716 2.636779683484747e-18 0.6438112199465716
