0 0.40961709706144256 0.5120213713268033 0.585040071237756 0.5120213713268033 0.585040071237756 0.6892252894033838 0.40961709706144256 0.6892252894033838
0 0.2769367764915405 0.46215494211932323 0.4514692787177203 0.46215494211932323 0.4514692787177203 0.622439893143366 0.2769367764915405 0.622439893143366
0 0.06856634016028496 0.3570792520035619 0.23953695458593055 0.3570792520035619 0.23953695458593055 0.5164737310774711 0.06856634016028496 0.5164737310774711
0 0.26981300089047194 0.23953695458593058 0.41495992876224397 0.23953695458593058 0.41495992876224397 0.36420302760463047 0.26981300089047194 0.36420302760463047
0 0.14069456812110417 0.17275155832591274 0.2965271593944791 0.17275155832591274 0.2965271593944791 0.3027604630454141 0.14069456812110417 0.3027604630454141
0 0.0 0.07658058771148708 0.11308993766696349 0.07658058771148708 0.11308993766696349 0.21727515583259127 0.0 0.21727515583259127
0 0.4434550311665182 0.08281389136242208 0.5823686553873553 0.08281389136242208 0.5823686553873553 0.22439893143365983 0.4434550311665182 0.22439893143365983
0 0.5414069456812111 0.37845057880676763 0.6910062333036509 0.37845057880676763 0.6910062333036509 0.5298308103294745 0.5414069456812111 0.5298308103294745
0 0.8085485307212822 0.39091718610863757 0.9528049866429209 0.39091718610863757 0.9528049866429209 0.5316117542297417 0.8085485307212822 0.5316117542297417
0 0.7248441674087267 0.4594835262689225 0.8655387355298308 0.4594835262689225 0.8655387355298308 0.6001780943900267 0.7248441674087267 0.6001780943900267
0 0.7168299198575245 0.5636687444345503 0.861086375779163 0.5636687444345503 0.861086375779163 0.7266251113089937 0.7168299198575245 0.7266251113089937
0 0.6144256455921638 0.6375779162956368 0.759572573463936 0.6375779162956368 0.759572573463936 0.7943009795191451 0.6144256455921638 0.7943009795191451
0 0.6055209260908282 0.5120213713268033 0.7453250222617988 0.5120213713268033 0.7453250222617988 0.649154051647373 0.6055209260908282 0.649154051647373
0 0.7444345503116652 0.7186108637577917 0.8664292074799643 0.7186108637577917 0.8664292074799643 0.8512911843276936 0.7444345503116652 0.8512911843276936
0 0.8512911843276938 0.6357969723953696 0.9786286731967945 0.6357969723953696 0.9786286731967945 0.7747105966162066 0.8512911843276938 0.7747105966162066
0 0.5378450578806767 0.27960819234194123 0.6322350845948351 0.27960819234194123 0.6322350845948351 0.3802315227070348 0.5378450578806767 0.3802315227070348
0 0.6945681211041852 0.014247551202137132 0.8272484416740873 0.014247551202137132 0.8272484416740873 0.14692787177203917 0.6945681211041852 0.14692787177203917
0 0.8824577025823686 0.15138023152270705 0.9999999999999999 0.15138023152270705 0.9999999999999999 0.2876224398931434 0.8824577025823686 0.2876224398931434
