0 0.2778272484416741 0.4318788958147819 0.45057880676758677 0.4318788958147819 0.45057880676758677 0.6064113980409618 0.2778272484416741 0.6064113980409618
0 0.4220837043633125 0.3606411398040962 0.5716829919857525 0.3606411398040962 0.5716829919857525 0.5084594835262688 0.4220837043633125 0.5084594835262688
0 0.21638468388245768 0.11843276936776491 0.37845057880676763 0.11843276936776491 0.37845057880676763 0.28673196794300976 0.21638468388245768 0.28673196794300976
0 0.22707034728406061 0.005342831700801425 0.35084594835262695 0.005342831700801425 0.35084594835262695 0.11932324131789848 0.22707034728406061 0.11932324131789848
0 0.4853072128227961 0.053428317008014245 0.6464826357969724 0.053428317008014245 0.6464826357969724 0.21727515583259127 0.4853072128227961 0.21727515583259127
0 0.6696349065004451 0.037399821905609976 0.8272484416740871 0.037399821905609976 0.8272484416740871 0.20926090828138913 0.6696349065004451 0.20926090828138913
0 0.41941228851291185 0.4755120213713269 0.5948352626892254 0.4755120213713269 0.5948352626892254 0.6331255565449688 0.41941228851291185 0.6331255565449688
0 0.17898486197684776 0.3045414069456812 0.35975066785396265 0.3045414069456812 0.35975066785396265 0.48797862867319686 0.17898486197684776 0.48797862867319686
0 0.11665182546749776 0.4612644701691896 0.29741763134461263 0.4612644701691896 0.29741763134461263 0.6331255565449688 0.11665182546749776 0.6331255565449688
0 0.28227960819234194 0.6197684772929652 0.45859305431878894 0.6197684772929652 0.45859305431878894 0.7827248441674086 0.28227960819234194 0.7827248441674086
0 0.47996438112199463 0.6206589492430988 0.6197684772929652 0.6206589492430988 0.6197684772929652 0.7764915405164736 0.47996438112199463 0.7764915405164736
0 0.5814781834372217 0.45770258236865546 0.7159394479073908 0.45770258236865546 0.7159394479073908 0.6099732858414961 0.5814781834372217 0.6099732858414961
0 0.678539626001781 0.680320569902048 0.8334817453250223 0.680320569902048 0.8334817453250223 0.8352626892252893 0.678539626001781 0.8352626892252893
0 0.21905609973285842 0.7569011576135353 0.37132680320569894 0.7569011576135353 0.37132680320569894 0.9323241317898487 0.21905609973285842 0.9323241317898487
