0 0.5547640249332146 0.358860195903829 0.7284060552092608 0.358860195903829 0.7284060552092608 0.5333926981300089 0.5547640249332146 0.5333926981300089
0 0.5414069456812111 0.22617987533392703 0.697239536954586 0.22617987533392703 0.697239536954586 0.382012466607302 0.5414069456812111 0.382012466607302
0 0.5752448797862867 0.5289403383793411 0.7542297417631344 0.5289403383793411 0.7542297417631344 0.7230632235084596 0.5752448797862867 0.7230632235084596
0 0.6108637577916296 0.7328584149599287 0.8058771148708818 0.7328584149599287 0.8058771148708818 0.9572573463935886 0.6108637577916296 0.9572573463935886
0 0.039180765805877114 0.4479073909171861 0.23953695458593058 0.4479073909171861 0.23953695458593058 0.6464826357969724 0.039180765805877114 0.6464826357969724
0 0.011576135351736423 0.6438112199465718 0.22707034728406056 0.6438112199465718 0.22707034728406056 0.8691006233303653 0.011576135351736423 0.8691006233303653
0 0.41050756901157615 0.6384683882457702 0.6179875333926981 0.6384683882457702 0.6179875333926981 0.8548530721282279 0.41050756901157615 0.8548530721282279
0 0.3802315227070348 0.27604630454140694 0.564559216384684 0.27604630454140694 0.564559216384684 0.46215494211932323 0.3802315227070348 0.46215494211932323
0 0.3909171861086376 0.4479073909171861 0.5716829919857525 0.4479073909171861 0.5716829919857525 0.6295636687444346 0.3909171861086376 0.6295636687444346
0 0.21015138023152272 0.21282279608192345 0.40338379341050756 0.21282279608192345 0.40338379341050756 0.4007123775601069 0.21015138023152272 0.4007123775601069
0 0.06055209260908281 0.27871772039180764 0.26001780943900266 0.27871772039180764 0.26001780943900266 0.4737310774710595 0.06055209260908281 0.4737310774710595
