0 0.6028495102404274 0.46215494211932323 0.7711487088156723 0.46215494211932323 0.7711487088156723 0.6357969723953695 0.6028495102404274 0.6357969723953695
0 0.17809439002671415 0.5645592163846839 0.33926981300089043 0.5645592163846839 0.33926981300089043 0.6767586821015138 0.17809439002671415 0.6767586821015138
0 0.35529830810329477 0.7533392698130008 0.5129118432769367 0.7533392698130008 0.5129118432769367 0.9127337488869101 0.35529830810329477 0.9127337488869101
0 0.28851291184327693 0.27604630454140694 0.439893143365984 0.27604630454140694 0.439893143365984 0.4185218165627783 0.28851291184327693 0.4185218165627783
0 0.26981300089047194 0.09884238646482636 0.39269813000890474 0.09884238646482636 0.39269813000890474 0.22261798753339274 0.26981300089047194 0.22261798753339274
0 0.8263579697239537 0.22707034728406061 0.9447907390917186 0.22707034728406061 0.9447907390917186 0.34550311665182554 0.8263579697239537 0.34550311665182554
0 0.21994657168299198 0.4434550311665182 0.36776491540516476 0.4434550311665182 0.36776491540516476 0.5734639358860195 0.21994657168299198 0.5734639358860195
0 0.016028495102404273 0.5111308993766697 0.1674087266251113 0.5111308993766697 0.1674087266251113 0.6785396260017811 0.016028495102404273 0.6785396260017811
0 0.8227960819234196 0.40872662511130897 0.9510240427426536 0.40872662511130897 0.9510240427426536 0.5360641139804095 0.8227960819234196 0.5360641139804095
0 0.5173642030276047 0.3455031166518255 0.628673196794301 0.3455031166518255 0.628673196794301 0.45235975066785394 0.5173642030276047 0.45235975066785394
0 0.352626892252894 0.6473731077471059 0.4772929652715939 0.6473731077471059 0.4772929652715939 0.7666963490650044 0.352626892252894 0.7666963490650044
0 0.1736420302760463 0.6776491540516474 0.30810329474621556 0.6776491540516474 0.30810329474621556 0.8352626892252896 0.1736420302760463 0.8352626892252896
0 0.23508459483526273 0.8067675868210151 0.3731077471059662 0.8067675868210151 0.3731077471059662 0.9697239536954586 0.23508459483526273 0.9697239536954586
0 0.6153161175422974 0.7987533392698131 0.7916295636687446 0.7987533392698131 0.7916295636687446 0.9857524487978628 0.6153161175422974 0.9857524487978628
0 0.8370436331255565 0.649154051647373 0.9893143365983971 0.649154051647373 0.9893143365983971 0.806767586821015 0.8370436331255565 0.806767586821015
0 0.42475512021371314 0.21816562778272483 0.5520926090828138 0.21816562778272483 0.5520926090828138 0.35262689225289395 0.42475512021371314 0.35262689225289395
0 0.19145146927871776 0.170080142475512 0.294746215494212 0.170080142475512 0.294746215494212 0.265360641139804 0.19145146927871776 0.265360641139804
0 0.0008904719501335708 0.3321460373998219 0.12021371326803205 0.3321460373998219 0.12021371326803205 0.46215494211932323 0.0008904719501335708 0.46215494211932323
