0 0.3615316117542298 0.3606411398040962 0.5387355298308105 0.3606411398040962 0.5387355298308105 0.5262689225289403 0.3615316117542298 0.5262689225289403
0 0.655387355298308 0.44434550311665183 0.8308103294746215 0.44434550311665183 0.8308103294746215 0.6242208370436332 0.655387355298308 0.6242208370436332
0 0.6527159394479075 0.1896705253784506 0.8210151380231524 0.1896705253784506 0.8210151380231524 0.37934105075690117 0.6527159394479075 0.37934105075690117
0 0.4354407836153161 0.15227070347284058 0.5948352626892254 0.15227070347284058 0.5948352626892254 0.30543187889581475 0.4354407836153161 0.30543187889581475
0 0.7987533392698131 0.10151380231522708 0.9884238646482637 0.10151380231522708 0.9884238646482637 0.2778272484416741 0.7987533392698131 0.2778272484416741
0 0.17898486197684776 0.5209260908281389 0.3410507569011576 0.5209260908281389 0.3410507569011576 0.6847729296527161 0.17898486197684776 0.6847729296527161
0 0.41495992876224397 0.6758682101513801 0.6473731077471059 0.6758682101513801 0.6473731077471059 0.8833481745325023 0.41495992876224397 0.8833481745325023
0 0.0213713268032057 0.8308103294746215 0.21549421193232413 0.8308103294746215 0.21549421193232413 0.9982190560997329 0.0213713268032057 0.9982190560997329
0 0.8628673196794301 0.6518254674977739 1.0 0.6518254674977739 1.0 0.8397150489759573 0.8628673196794301 0.8397150489759573
0 0.667853962600178 0.6260017809439002 0.8521816562778272 0.6260017809439002 0.8521816562778272 0.8290293855743546 0.667853962600178 0.8290293855743546
0 0.6776491540516474 0.809439002671416 0.831700801424755 0.809439002671416 0.831700801424755 0.9848619768477294 0.6776491540516474 0.9848619768477294
0 0.3775601068566339 0.5289403383793411 0.547640249332146 0.5289403383793411 0.547640249332146 0.6963490650044524 0.3775601068566339 0.6963490650044524
0 0.5102404274265361 0.38557435440783616 0.6838824577025824 0.38557435440783616 0.6838824577025824 0.5627782724844167 0.5102404274265361 0.5627782724844167
0 0.14514692787177205 0.3089937666963491 0.32056990204808555 0.3089937666963491 0.32056990204808555 0.464826357969724 0.14514692787177205 0.464826357969724
0 0.023152270703472845 0.41852181656277826 0.1861086375779163 0.41852181656277826 0.1861086375779163 0.5823686553873553 0.023152270703472845 0.5823686553873553
0 0.3161175422974176 0.08726625111308994 0.45859305431878894 0.08726625111308994 0.45859305431878894 0.20837043633125557 0.3161175422974176 0.20837043633125557
0 0.6607301869991095 0.07747105966162066 0.7916295636687445 0.07747105966162066 0.7916295636687445 0.2039180765805877 0.6607301869991095 0.2039180765805877
