12 0.7105966162065895 0.41852181656277826 0.8414959928762246 0.41852181656277826 0.8414959928762246 0.5494211932324131 0.7105966162065895 0.5494211932324131
12 0.5271593944790739 0.3535173642030276 0.634906500445236 0.3535173642030276 0.634906500445236 0.471059661620659 0.5271593944790739 0.471059661620659
12 0.4505788067675868 0.4238646482635797 0.5636687444345504 0.4238646482635797 0.5636687444345504 0.5467497773820125 0.4505788067675868 0.5467497773820125
12 0.024042742653606407 0.717720391807658 0.2288512911843277 0.717720391807658 0.2288512911843277 0.884238646482636 0.024042742653606407 0.884238646482636
12 0.2653606411398041 0.6188780053428317 0.39626001780943904 0.6188780053428317 0.39626001780943904 0.7373107747105966 0.2653606411398041 0.7373107747105966
12 0.33303650934995543 0.5387355298308103 0.4648263579697239 0.5387355298308103 0.4648263579697239 0.6544968833481746 0.33303650934995543 0.6544968833481746
12 0.3793410507569012 0.6277827248441674 0.49243098842386474 0.6277827248441674 0.49243098842386474 0.7453250222617988 0.3793410507569012 0.7453250222617988
12 0.48708815672306294 0.6473731077471057 0.5939447907390917 0.6473731077471057 0.5939447907390917 0.7666963490650043 0.48708815672306294 0.7666963490650043
12 0.6135351736420303 0.6340160284951024 0.7328584149599288 0.6340160284951024 0.7328584149599288 0.7595725734639359 0.6135351736420303 0.7595725734639359
12 0.5966162065894924 0.7292965271593945 0.6945681211041853 0.7292965271593945 0.6945681211041853 0.8468388245770259 0.5966162065894924 0.8468388245770259
12 0.755120213713268 0.7417631344612645 0.8628673196794301 0.7417631344612645 0.8628673196794301 0.8539626001780944 0.755120213713268 0.8539626001780944
12 0.7159394479073911 0.6295636687444346 0.8147818343722173 0.6295636687444346 0.8147818343722173 0.7355298308103294 0.7159394479073911 0.7355298308103294
12 0.6242208370436332 0.5494211932324132 0.7462154942119325 0.5494211932324132 0.7462154942119325 0.647373107747106 0.6242208370436332 0.647373107747106
12 0.5396260017809439 0.47907390917186116 0.636687444345503 0.47907390917186116 0.636687444345503 0.591273374888691 0.5396260017809439 0.591273374888691
12 0.628673196794301 0.4514692787177203 0.7257346393588602 0.4514692787177203 0.7257346393588602 0.5583259127337489 0.628673196794301 0.5583259127337489
12 0.3437221727515583 0.3419412288512912 0.46393588601959035 0.3419412288512912 0.46393588601959035 0.4692787177203918 0.3437221727515583 0.4692787177203918
12 0.2938557435440783 0.45503116651825437 0.41317898486197685 0.45503116651825437 0.41317898486197685 0.5663401602849512 0.2938557435440783 0.5663401602849512
12 0.352626892252894 0.7417631344612645 0.4648263579697239 0.7417631344612645 0.4648263579697239 0.8432769367764916 0.352626892252894 0.8432769367764916
12 0.24398931433659843 0.7275155832591274 0.358860195903829 0.7275155832591274 0.358860195903829 0.8325912733748886 0.24398931433659843 0.8325912733748886
12 0.08726625111308994 0.6108637577916296 0.2146037399821906 0.6108637577916296 0.2146037399821906 0.7292965271593946 0.08726625111308994 0.7292965271593946
12 0.20926090828138913 0.5360641139804097 0.32947462154942125 0.5360641139804097 0.32947462154942125 0.6482635796972396 0.20926090828138913 0.6482635796972396
12 0.170080142475512 0.42742653606411396 0.29741763134461263 0.42742653606411396 0.29741763134461263 0.5387355298308103 0.170080142475512 0.5387355298308103
12 0.15939447907390913 0.3098842386464826 0.30008904719501334 0.3098842386464826 0.30008904719501334 0.43633125556544966 0.15939447907390913 0.43633125556544966
12 0.2956366874443455 0.21549421193232413 0.42831700801424755 0.21549421193232413 0.42831700801424755 0.34372217275155836 0.2956366874443455 0.34372217275155836
12 0.4416740872662512 0.15850400712377558 0.558325912733749 0.15850400712377558 0.558325912733749 0.28227960819234194 0.4416740872662512 0.28227960819234194
12 0.5262689225289403 0.26714158504007124 0.6402493321460373 0.26714158504007124 0.6402493321460373 0.37310774710596617 0.5262689225289403 0.37310774710596617
12 0.6562778272484416 0.22439893143365983 0.769367764915405 0.22439893143365983 0.769367764915405 0.3437221727515583 0.6562778272484416 0.3437221727515583
12 0.6589492430988425 0.3490650044523598 0.7738201246660732 0.3490650044523598 0.7738201246660732 0.4639358860195904 0.6589492430988425 0.4639358860195904
12 0.751558325912734 0.25467497773820125 0.8699910952804988 0.25467497773820125 0.8699910952804988 0.37399821905609976 0.751558325912734 0.37399821905609976
12 0.772039180765806 0.3597506678539624 0.880676758682101 0.3597506678539624 0.880676758682101 0.46126447016918937 0.772039180765806 0.46126447016918937
