0 0.4808548530721282 0.30810329474621556 0.6260017809439004 0.30810329474621556 0.6260017809439004 0.4683882457702582 0.4808548530721282 0.4683882457702582
0 0.188780053428317 0.5957257346393589 0.36776491540516476 0.5957257346393589 0.36776491540516476 0.7666963490650046 0.188780053428317 0.7666963490650046
0 0.4416740872662511 0.45414069456812123 0.6340160284951023 0.45414069456812123 0.6340160284951023 0.6268922528940338 0.4416740872662511 0.6268922528940338
0 0.3205699020480855 0.358860195903829 0.464826357969724 0.358860195903829 0.464826357969724 0.5004452359750667 0.3205699020480855 0.5004452359750667
0 0.06589492430988424 0.36776491540516476 0.22439893143365983 0.36776491540516476 0.22439893143365983 0.4986642920747996 0.06589492430988424 0.4986642920747996
0 0.008014247551202136 0.6384683882457702 0.18521816562778276 0.6384683882457702 0.18521816562778276 0.7978628673196795 0.008014247551202136 0.7978628673196795
0 0.4853072128227961 0.7524487978628671 0.6794300979519146 0.7524487978628671 0.6794300979519146 0.9545859305431879 0.4853072128227961 0.9545859305431879
0 0.7925200356188778 0.7773820124666073 0.9634906500445233 0.7773820124666073 0.9634906500445233 0.9492430988423866 0.7925200356188778 0.9492430988423866
0 0.8147818343722173 0.6393588601959038 0.9670525378450578 0.6393588601959038 0.9670525378450578 0.8005342831700801 0.8147818343722173 0.8005342831700801
0 0.8459483526268923 0.5013357079252003 1.0 0.5013357079252003 1.0 0.6482635796972396 0.8459483526268923 0.6482635796972396
0 0.6954585930543186 0.5520926090828139 0.8548530721282276 0.5520926090828139 0.8548530721282276 0.6918967052537845 0.6954585930543186 0.6918967052537845
0 0.547640249332146 0.5734639358860196 0.723953695458593 0.5734639358860196 0.723953695458593 0.7497773820124667 0.547640249332146 0.7497773820124667
0 0.6420302760463046 0.3045414069456812 0.7934105075690115 0.3045414069456812 0.7934105075690115 0.44078361531611754 0.6420302760463046 0.44078361531611754
0 0.19323241317898485 0.44879786286731965 0.35707925200356194 0.44879786286731965 0.35707925200356194 0.6055209260908281 0.19323241317898485 0.6055209260908281
0 0.36776491540516476 0.7649154051647374 0.5503116651825468 0.7649154051647374 0.5503116651825468 0.948352626892253 0.36776491540516476 0.948352626892253
0 0.674087266251113 0.7114870881567231 0.819234194122885 0.7114870881567231 0.819234194122885 0.8601959038290294 0.674087266251113 0.8601959038290294
0 0.6170970614425646 0.4354407836153161 0.786286731967943 0.4354407836153161 0.786286731967943 0.5779162956366874 0.6170970614425646 0.5779162956366874
0 0.7702582368655387 0.38557435440783616 0.9323241317898486 0.38557435440783616 0.9323241317898486 0.5547640249332147 0.7702582368655387 0.5547640249332147
0 0.5770258236865539 0.07747105966162066 0.7221727515583259 0.07747105966162066 0.7221727515583259 0.20837043633125557 0.5770258236865539 0.20837043633125557
