0 0.40516473731077474 0.41852181656277826 0.5805877114870882 0.41852181656277826 0.5805877114870882 0.5921638468388245 0.40516473731077474 0.5921638468388245
0 0.0943900267141585 0.41317898486197685 0.26001780943900266 0.41317898486197685 0.26001780943900266 0.5645592163846839 0.0943900267141585 0.5645592163846839
0 0.13089937666963491 0.7471059661620658 0.33926981300089043 0.7471059661620658 0.33926981300089043 0.9269813000890473 0.13089937666963491 0.9269813000890473
0 0.23508459483526273 0.6055209260908282 0.4122885129118433 0.6055209260908282 0.4122885129118433 0.7497773820124665 0.23508459483526273 0.7497773820124665
0 0.3312555654496883 0.7524487978628673 0.5173642030276047 0.7524487978628673 0.5173642030276047 0.9020480854853072 0.3312555654496883 0.9020480854853072
0 0.40338379341050756 0.6019590382902938 0.583259127337489 0.6019590382902938 0.583259127337489 0.756901157613535 0.40338379341050756 0.756901157613535
0 0.5805877114870882 0.6313446126447017 0.7390917186108639 0.6313446126447017 0.7390917186108639 0.7747105966162067 0.5805877114870882 0.7747105966162067
0 0.4933214603739982 0.7355298308103295 0.6402493321460373 0.7355298308103295 0.6402493321460373 0.8851291184327693 0.4933214603739982 0.8851291184327693
0 0.6954585930543188 0.4657168299198575 0.861086375779163 0.4657168299198575 0.861086375779163 0.616206589492431 0.6954585930543188 0.616206589492431
0 0.5565449688334817 0.4594835262689225 0.7150489759572574 0.4594835262689225 0.7150489759572574 0.6331255565449687 0.5565449688334817 0.6331255565449687
0 0.653606411398041 0.22796081923419412 0.8325912733748887 0.22796081923419412 0.8325912733748887 0.40694568121104185 0.653606411398041 0.40694568121104185
0 0.4300979519145147 0.27070347284060553 0.6073018699910953 0.27070347284060553 0.6073018699910953 0.4300979519145147 0.4300979519145147 0.4300979519145147
0 0.27604630454140694 0.3081032947462155 0.47016918967052534 0.3081032947462155 0.47016918967052534 0.4772929652715939 0.27604630454140694 0.4772929652715939
0 0.14425645592163847 0.18432769367764915 0.27871772039180764 0.18432769367764915 0.27871772039180764 0.3009795191451469 0.14425645592163847 0.3009795191451469
0 0.4870881567230632 0.13802315227070347 0.622439893143366 0.13802315227070347 0.622439893143366 0.27693677649154047 0.4870881567230632 0.27693677649154047
0 0.333926981300089 0.12822796081923418 0.48441674087266257 0.12822796081923418 0.48441674087266257 0.2751558325912734 0.333926981300089 0.2751558325912734
0 0.578806767586821 0.04363312555654497 0.7355298308103294 0.04363312555654497 0.7355298308103294 0.21549421193232413 0.578806767586821 0.21549421193232413
0 0.7649154051647372 0.039180765805877114 0.9180765805877114 0.039180765805877114 0.9180765805877114 0.20837043633125557 0.7649154051647372 0.20837043633125557
0 0.7951914514692787 0.35084594835262695 0.9358860195903828 0.35084594835262695 0.9358860195903828 0.514692787177204 0.7951914514692787 0.514692787177204
0 0.7916295636687445 0.6838824577025824 0.9465716829919859 0.6838824577025824 0.9465716829919859 0.8521816562778272 0.7916295636687445 0.8521816562778272
0 0.25289403383793413 0.4808548530721282 0.4078361531611754 0.4808548530721282 0.4078361531611754 0.6188780053428318 0.25289403383793413 0.6188780053428318
0 0.1798753339269813 0.2787177203918077 0.32858414959928767 0.2787177203918077 0.32858414959928767 0.4185218165627783 0.1798753339269813 0.4185218165627783
0 0.3419412288512912 0.018699910952804988 0.464826357969724 0.018699910952804988 0.464826357969724 0.13000890471950133 0.3419412288512912 0.13000890471950133
0 0.23775601068566346 0.07569011576135352 0.3731077471059662 0.07569011576135352 0.3731077471059662 0.23508459483526267 0.23775601068566346 0.23508459483526267
0 0.4354407836153162 0.006233303650934996 0.578806767586821 0.006233303650934996 0.578806767586821 0.14959928762243987 0.4354407836153162 0.14959928762243987
0 0.5681211041852182 0.3348174532502226 0.7212822796081924 0.3348174532502226 0.7212822796081924 0.48797862867319686 0.5681211041852182 0.48797862867319686
