5 0.3606411398040962 0.3829029385574355 0.5120213713268031 0.3829029385574355 0.5120213713268031 0.5485307212822796 0.3606411398040962 0.5485307212822796
5 0.5707925200356189 0.39536954585930545 0.7195013357079252 0.39536954585930545 0.7195013357079252 0.5431878895814781 0.5707925200356189 0.5431878895814781
5 0.4657168299198575 0.3303650934995548 0.6313446126447017 0.3303650934995548 0.6313446126447017 0.46660730186999105 0.4657168299198575 0.46660730186999105
5 0.5200356188780053 0.634906500445236 0.6767586821015138 0.634906500445236 0.6767586821015138 0.7898486197684772 0.5200356188780053 0.7898486197684772
5 0.27337488869100623 0.5592163846838825 0.44434550311665183 0.5592163846838825 0.44434550311665183 0.7604630454140696 0.27337488869100623 0.7604630454140696
5 0.39715048975957257 0.7310774710596616 0.5538735529830809 0.7310774710596616 0.5538735529830809 0.929652715939448 0.39715048975957257 0.929652715939448
5 0.6829919857524487 0.6090828138913624 0.8726625111308993 0.6090828138913624 0.8726625111308993 0.7631344612644703 0.6829919857524487 0.7631344612644703
5 0.8468388245770256 0.4657168299198575 0.9999999999999999 0.4657168299198575 0.9999999999999999 0.6482635796972396 0.8468388245770256 0.6482635796972396
5 0.8112199465716831 0.3561887800534283 0.9706144256455922 0.3561887800534283 0.9706144256455922 0.5173642030276047 0.8112199465716831 0.5173642030276047
5 0.7159394479073906 0.47907390917186116 0.8512911843276935 0.47907390917186116 0.8512911843276935 0.614425645592164 0.7159394479073906 0.614425645592164
5 0.15138023152270705 0.29118432769367764 0.2956366874443455 0.29118432769367764 0.2956366874443455 0.47640249332146034 0.15138023152270705 0.47640249332146034
5 0.4479073909171861 0.20035618878005346 0.5832591273374889 0.20035618878005346 0.5832591273374889 0.3321460373998219 0.4479073909171861 0.3321460373998219
5 0.352626892252894 0.27515583259127335 0.47284060552092616 0.27515583259127335 0.47284060552092616 0.3935886019590383 0.352626892252894 0.3935886019590383
5 0.4710596616206589 0.08103294746215495 0.6117542297417632 0.08103294746215495 0.6117542297417632 0.19145146927871776 0.4710596616206589 0.19145146927871776
5 0.6393588601959038 0.7355298308103293 0.7978628673196795 0.7355298308103293 0.7978628673196795 0.8931433659839714 0.6393588601959038 0.8931433659839714
5 0.21282279608192345 0.709706144256456 0.3668744434550311 0.709706144256456 0.3668744434550311 0.8984861976847729 0.21282279608192345 0.8984861976847729
5 0.27871772039180764 0.3517364203027605 0.40516473731077457 0.3517364203027605 0.40516473731077457 0.4746215494211933 0.27871772039180764 0.4746215494211933
5 0.25111308993766696 0.2341941228851291 0.3704363312555655 0.2341941228851291 0.3704363312555655 0.3561887800534283 0.25111308993766696 0.3561887800534283
