0 0.2653606411398041 0.232413178984862 0.5057880676758684 0.232413178984862 0.5057880676758684 0.4309884238646482 0.2653606411398041 0.4309884238646482
0 0.5583259127337489 0.24309884238646481 0.7996438112199465 0.24309884238646481 0.7996438112199465 0.4683882457702582 0.5583259127337489 0.4683882457702582
0 0.42742653606411396 0.10596616206589493 0.666073018699911 0.10596616206589493 0.666073018699911 0.2991985752448798 0.42742653606411396 0.2991985752448798
0 0.8121104185218166 0.3205699020480855 0.9875333926981301 0.3205699020480855 0.9875333926981301 0.5342831700801424 0.8121104185218166 0.5342831700801424
0 0.31255565449688333 0.4594835262689225 0.5048975957257346 0.4594835262689225 0.5048975957257346 0.6375779162956366 0.31255565449688333 0.6375779162956366
0 0.18699910952804988 0.7880676758682101 0.41050756901157615 0.7880676758682101 0.41050756901157615 1.0 0.18699910952804988 1.0
0 0.3668744434550312 0.6482635796972396 0.5707925200356189 0.6482635796972396 0.5707925200356189 0.8593054318788959 0.3668744434550312 0.8593054318788959
0 0.5280498664292075 0.4683882457702582 0.740872662511131 0.4683882457702582 0.740872662511131 0.6696349065004452 0.5280498664292075 0.6696349065004452
0 0.5841495992876224 0.6749777382012466 0.7880676758682101 0.6749777382012466 0.7880676758682101 0.8886910062333035 0.5841495992876224 0.8886910062333035
0 0.7453250222617988 0.5360641139804097 0.9483526268922529 0.5360641139804097 0.9483526268922529 0.7560106856634017 0.7453250222617988 0.7560106856634017
0 0.6687444345503115 0.05431878895814782 0.8655387355298307 0.05431878895814782 0.8655387355298307 0.26268922528940336 0.6687444345503115 0.26268922528940336
0 0.11932324131789848 0.5645592163846839 0.3321460373998219 0.5645592163846839 0.3321460373998219 0.7773820124666073 0.11932324131789848 0.7773820124666073
0 0.05877114870881568 0.8699910952804987 0.19946571682991987 0.8699910952804987 0.19946571682991987 1.0 0.05877114870881568 1.0
0 0.43633125556544966 0.8281389136242209 0.6420302760463045 0.8281389136242209 0.6420302760463045 1.0 0.43633125556544966 1.0
