5 0.5805877114870882 0.37399821905609976 0.705253784505788 0.37399821905609976 0.705253784505788 0.4683882457702583 0.5805877114870882 0.4683882457702583
5 0.7111902641733452 0.24131789848619772 0.8014247551202137 0.24131789848619772 0.8014247551202137 0.3045414069456812 0.7111902641733452 0.3045414069456812
5 0.591273374888691 0.3107747105966162 0.721875927574948 0.3107747105966162 0.721875927574948 0.38735529830810334 0.591273374888691 0.38735529830810334
5 0.4298011279311368 0.30988423864648273 0.5295339863460967 0.30988423864648273 0.5295339863460967 0.3846838824577026 0.4298011279311368 0.3846838824577026
5 0.5865241911546453 0.8014247551202138 0.696942712971208 0.8014247551202138 0.696942712971208 0.8824577025823688 0.5865241911546453 0.8824577025823688
5 0.48204214900563963 0.674087266251113 0.5794004155535767 0.674087266251113 0.5794004155535767 0.7453250222617989 0.48204214900563963 0.7453250222617989
5 0.5449688334817453 0.7230632235084596 0.6423271000296825 0.7230632235084596 0.6423271000296825 0.786286731967943 0.5449688334817453 0.786286731967943
5 0.7206886316414366 0.43187889581478184 0.8417928168596023 0.43187889581478184 0.8417928168596023 0.5235975066785398 0.7206886316414366 0.5235975066785398
5 0.7848026120510538 0.37577916295636693 0.8833481745325023 0.37577916295636693 0.8833481745325023 0.45235975066785394 0.7848026120510538 0.45235975066785394
5 0.8916592460670824 0.390026714158504 0.9869397447313745 0.390026714158504 0.9869397447313745 0.4577025823686553 0.8916592460670824 0.4577025823686553
5 0.8239833778569308 0.43455031166518254 0.9260908281389135 0.43455031166518254 0.9260908281389135 0.5316117542297418 0.8239833778569308 0.5316117542297418
