11 0.7916295636687445 0.3935886019590383 1.0 0.3935886019590383 1.0 0.6758682101513801 0.7916295636687445 0.6758682101513801
11 0.4594835262689225 0.42742653606411396 0.7016918967052538 0.42742653606411396 0.7016918967052538 0.6892252894033838 0.4594835262689225 0.6892252894033838
11 0.1905609973285842 0.5155832591273375 0.4692787177203918 0.5155832591273375 0.4692787177203918 0.7631344612644703 0.1905609973285842 0.7631344612644703
11 0.3704363312555655 0.17809439002671415 0.6046304541406946 0.17809439002671415 0.6046304541406946 0.3944790739091718 0.3704363312555655 0.3944790739091718
11 0.6527159394479074 0.41495992876224397 0.8486197684772929 0.41495992876224397 0.8486197684772929 0.6233303650934995 0.6527159394479074 0.6233303650934995
11 0.5627782724844167 0.26090828138913624 0.7328584149599288 0.26090828138913624 0.7328584149599288 0.4594835262689224 0.5627782724844167 0.4594835262689224
11 0.44968833481745324 0.3802315227070348 0.5903829029385574 0.3802315227070348 0.5903829029385574 0.5093499554764026 0.44968833481745324 0.5093499554764026
11 0.26179875333926983 0.39626001780943904 0.45859305431878894 0.39626001780943904 0.45859305431878894 0.5743544078361531 0.26179875333926983 0.5743544078361531
11 0.05253784505788068 0.333926981300089 0.2778272484416741 0.333926981300089 0.2778272484416741 0.5298308103294747 0.05253784505788068 0.5298308103294747
11 4.440892098500626e-18 0.49777382012466614 0.24309884238646481 0.49777382012466614 0.24309884238646481 0.7506678539626004 4.440892098500626e-18 0.7506678539626004
