1 0.3561887800534283 0.10863757791629564 0.5235975066785397 0.10863757791629564 0.5235975066785397 0.3615316117542297 0.3561887800534283 0.3615316117542297
1 0.1495992876224399 0.12644701691896706 0.352626892252894 0.12644701691896706 0.352626892252894 0.3953695458593054 0.1495992876224399 0.3953695458593054
1 0.5218165627782725 0.09795191451469279 0.6954585930543188 0.09795191451469279 0.6954585930543188 0.2956366874443455 0.5218165627782725 0.2956366874443455
1 0.7925200356188778 0.31522707034728403 0.9750667853962599 0.31522707034728403 0.9750667853962599 0.5244879786286731 0.7925200356188778 0.5244879786286731
1 0.5138023152270701 0.29029385574354405 0.6927871772039177 0.29029385574354405 0.6927871772039177 0.5164737310774712 0.5138023152270701 0.5164737310774712
1 0.6438112199465726 0.41941228851291157 0.8103294746215498 0.41941228851291157 0.8103294746215498 0.5921638468388241 0.6438112199465726 0.5921638468388241
1 0.32858414959928745 0.38468388245770296 0.5458593054318785 0.38468388245770296 0.5458593054318785 0.6162065894924309 0.32858414959928745 0.6162065894924309
1 0.12110418521816556 0.5396260017809442 0.3294746215494211 0.5396260017809442 0.3294746215494211 0.7880676758682102 0.12110418521816556 0.7880676758682102
1 0.49599287622439836 0.5636687444345498 0.6945681211041844 0.5636687444345498 0.6945681211041844 0.7444345503116645 0.49599287622439836 0.7444345503116645
1 0.773820124666073 0.5360641139804097 0.9732858414959928 0.5360641139804097 0.9732858414959928 0.7435440783615318 0.773820124666073 0.7435440783615318
1 0.4425645592163846 0.7390917186108638 0.6322350845948354 0.7390917186108638 0.6322350845948354 0.9225289403383794 0.4425645592163846 0.9225289403383794
1 0.11754229741763136 0.7729296527159399 0.4247551202137131 0.7729296527159399 0.4247551202137131 0.9919857524487966 0.11754229741763136 0.9919857524487966
1 0.6233303650934996 0.8032056990204809 0.8201246660730187 0.8032056990204809 0.8201246660730187 0.9652715939447909 0.6233303650934996 0.9652715939447909
