11 0.36776491540516476 0.3018699910952805 0.5556544968833482 0.3018699910952805 0.5556544968833482 0.46660730186999105 0.36776491540516476 0.46660730186999105
11 0.5351736420302761 0.20302760463045416 0.6883348174532502 0.20302760463045416 0.6883348174532502 0.3392698130008905 0.5351736420302761 0.3392698130008905
11 0.603739982190561 0.06322350845948353 0.7684772929652717 0.06322350845948353 0.7684772929652717 0.21460373998219054 0.603739982190561 0.21460373998219054
11 0.7702582368655385 0.10952804986642921 0.9243098842386464 0.10952804986642921 0.9243098842386464 0.26981300089047194 0.7702582368655385 0.26981300089047194
11 0.709706144256456 0.2831700801424755 0.8593054318788959 0.2831700801424755 0.8593054318788959 0.4550311665182547 0.709706144256456 0.4550311665182547
11 0.5467497773820125 0.29563668744434557 0.7310774710596618 0.29563668744434557 0.7310774710596618 0.4897595725734639 0.5467497773820125 0.4897595725734639
11 0.4906500445235975 0.43455031166518254 0.6553873552983082 0.43455031166518254 0.6553873552983082 0.5930543187889582 0.4906500445235975 0.5930543187889582
11 0.3455031166518255 0.1745325022261799 0.4737310774710597 0.1745325022261799 0.4737310774710597 0.29919857524487986 0.3455031166518255 0.29919857524487986
11 0.42030276046304543 0.0819234194122885 0.560106856634016 0.0819234194122885 0.560106856634016 0.20480854853072128 0.42030276046304543 0.20480854853072128
11 0.5449688334817459 0.09528049866429208 0.6447016918967051 0.09528049866429208 0.6447016918967051 0.21549421193232413 0.5449688334817459 0.21549421193232413
11 0.27515583259127335 0.28851291184327693 0.4220837043633126 0.28851291184327693 0.4220837043633126 0.4496883348174533 0.27515583259127335 0.4496883348174533
11 0.170080142475512 0.4906500445235975 0.3437221727515583 0.4906500445235975 0.3437221727515583 0.6892252894033837 0.170080142475512 0.6892252894033837
11 0.33926981300089054 0.4594835262689225 0.4942119323241317 0.4594835262689225 0.4942119323241317 0.6126447016918968 0.33926981300089054 0.6126447016918968
11 0.3232413178984862 0.5921638468388246 0.5191451469278718 0.5921638468388246 0.5191451469278718 0.767586821015138 0.3232413178984862 0.767586821015138
11 0.02226179875333927 0.6126447016918967 0.22617987533392697 0.6126447016918967 0.22617987533392697 0.8308103294746215 0.02226179875333927 0.8308103294746215
11 0.19412288512911846 0.7150489759572574 0.3659839715048976 0.7150489759572574 0.3659839715048976 0.8824577025823688 0.19412288512911846 0.8824577025823688
11 0.21193232413178964 0.8219056099732863 0.45057880676758694 0.8219056099732863 0.45057880676758694 1.0 0.21193232413178964 1.0
11 0.7123775601068562 0.4612644701691896 0.8566340160284951 0.4612644701691896 0.8566340160284951 0.6215494211932324 0.7123775601068562 0.6215494211932324
11 0.8397150489759575 0.3499554764024929 0.9937666963490651 0.3499554764024929 0.9937666963490651 0.528049866429207 0.8397150489759575 0.528049866429207
11 0.6064113980409617 0.5547640249332147 0.7916295636687443 0.5547640249332147 0.7916295636687443 0.7382012466607302 0.6064113980409617 0.7382012466607302
11 0.8290293855743546 0.5921638468388245 1.0 0.5921638468388245 1.0 0.7791629563668745 0.8290293855743546 0.7791629563668745
11 0.6447016918967051 0.7284060552092609 0.83793410507569 0.7284060552092609 0.83793410507569 0.9065004452359752 0.6447016918967051 0.9065004452359752
11 0.40961709706144284 0.7221727515583263 0.6162065894924312 0.7221727515583263 0.6162065894924312 0.9474621549421193 0.40961709706144284 0.9474621549421193
11 0.8112199465716827 0.7649154051647374 0.9893143365983971 0.7649154051647374 0.9893143365983971 0.9688334817453251 0.8112199465716827 0.9688334817453251
