1 0.6295636687444346 0.27960819234194123 0.7880676758682101 0.27960819234194123 0.7880676758682101 0.4541406945681211 0.6295636687444346 0.4541406945681211
1 0.433659839715049 0.3196794300979519 0.5850400712377559 0.3196794300979519 0.5850400712377559 0.4657168299198575 0.433659839715049 0.4657168299198575
1 0.28851291184327693 0.45592163846838824 0.4354407836153161 0.45592163846838824 0.4354407836153161 0.5948352626892253 0.28851291184327693 0.5948352626892253
1 0.1611754229741763 0.5093499554764025 0.31789848619768474 0.5093499554764025 0.31789848619768474 0.6696349065004453 0.1611754229741763 0.6696349065004453
1 0.4541406945681208 0.43900267141584987 0.6197684772929649 0.43900267141584987 0.6197684772929649 0.6714158504007118 0.4541406945681208 0.6714158504007118
1 0.5992876224398932 0.44078361531611754 0.7577916295636687 0.44078361531611754 0.7577916295636687 0.6580587711487087 0.5992876224398932 0.6580587711487087
1 0.7533392698130011 0.4470169189670526 0.9234194122885131 0.4470169189670526 0.9234194122885131 0.609973285841496 0.7533392698130011 0.609973285841496
1 0.3944790739091719 0.7943009795191451 0.5930543187889582 0.7943009795191451 0.5930543187889582 1.0 0.3944790739091719 1.0
1 0.5725734639358862 0.6856634016028496 0.772039180765806 0.6856634016028496 0.772039180765806 0.8771148708815674 0.5725734639358862 0.8771148708815674
1 0.7159394479073911 0.6108637577916296 0.931433659839715 0.6108637577916296 0.931433659839715 0.7853962600178095 0.7159394479073911 0.7853962600178095
1 0.17720391807658062 0.8076580587711487 0.40338379341050756 0.8076580587711487 0.40338379341050756 1.0 0.17720391807658062 1.0
1 0.3036509349955477 0.6046304541406946 0.5405164737310774 0.6046304541406946 0.5405164737310774 0.7836153161175422 0.3036509349955477 0.7836153161175422
1 0.14069456812110417 0.6892252894033838 0.33570792520035614 0.6892252894033838 0.33570792520035614 0.8459483526268923 0.14069456812110417 0.8459483526268923
1 0.0586147750254014 0.7044842066677371 0.20027109120329475 0.7434878935494844 0.14708424545545729 0.9366555974284306 0.005427929277563926 0.8976519105466835
1 0.1005543247893463 0.3136250659414895 0.22002957948055257 0.21311413739174842 0.354170471031398 0.37256463112200483 0.23469521634019172 0.4730755596717459
1 0.4354407836153161 0.05609973285841496 0.6037399821905609 0.05609973285841496 0.6037399821905609 0.2154942119323241 0.4354407836153161 0.2154942119323241
1 0.4390026714158505 0.22350845948352624 0.6447016918967052 0.22350845948352624 0.6447016918967052 0.33926981300089043 0.4390026714158505 0.33926981300089043
1 0.3241317898486198 0.3330365093499554 0.4496883348174533 0.3330365093499554 0.4496883348174533 0.47818343722172746 0.3241317898486198 0.47818343722172746
1 0.895070722577114 0.11510792086189323 0.979303821291016 0.21413872610661658 0.8485786833596596 0.3253302227378844 0.7643455846457576 0.2262994174931611
1 0.8851291184327692 0.365093499554764 0.9946571682991984 0.365093499554764 0.9946571682991984 0.5431878895814781 0.8851291184327692 0.5431878895814781
1 0.8548530721282279 0.7337488869100623 1.0 0.7337488869100623 1.0 0.9056099732858415 0.8548530721282279 0.9056099732858415
