0 0.4060552092609083 0.47016918967052546 0.597506678539626 0.47016918967052546 0.597506678539626 0.6500445235975066 0.4060552092609083 0.6500445235975066
0 0.5948352626892253 0.3695458593054319 0.761353517364203 0.3695458593054319 0.761353517364203 0.5093499554764025 0.5948352626892253 0.5093499554764025
0 0.5503116651825467 0.26179875333926983 0.6812110418521817 0.26179875333926983 0.6812110418521817 0.3962600178094391 0.5503116651825467 0.3962600178094391
0 0.723953695458593 0.23152270703472838 0.8628673196794301 0.23152270703472838 0.8628673196794301 0.3633125556544968 0.723953695458593 0.3633125556544968
0 0.1585040071237756 0.6153161175422974 0.3170080142475512 0.6153161175422974 0.3170080142475512 0.7631344612644703 0.1585040071237756 0.7631344612644703
0 0.3935886019590383 0.6420302760463046 0.572573463935886 0.6420302760463046 0.572573463935886 0.8138913624220837 0.3935886019590383 0.8138913624220837
0 0.5004452359750667 0.7827248441674086 0.6874443455031166 0.7827248441674086 0.6874443455031166 0.9626001780943899 0.5004452359750667 0.9626001780943899
0 0.7880676758682101 0.840605520926091 0.9608192341941229 0.840605520926091 0.9608192341941229 1.0 0.7880676758682101 1.0
0 0.8014247551202138 0.686553873552983 0.9759572573463937 0.686553873552983 0.9759572573463937 0.8459483526268922 0.8014247551202138 0.8459483526268922
0 0.5547640249332146 0.6010685663401603 0.7284060552092608 0.6010685663401603 0.7284060552092608 0.7836153161175423 0.5547640249332146 0.7836153161175423
0 0.7061442564559216 0.5663401602849512 0.8904719501335707 0.5663401602849512 0.8904719501335707 0.765805877114871 0.7061442564559216 0.765805877114871
0 0.2983081032947462 0.5289403383793411 0.4443455031166518 0.5289403383793411 0.4443455031166518 0.6723063223508461 0.2983081032947462 0.6723063223508461
0 0.23419412288512928 0.4585930543187886 0.377560106856634 0.4585930543187886 0.377560106856634 0.5859305431878896 0.23419412288512928 0.5859305431878896
0 0.327693677649154 0.3027604630454141 0.49243098842386457 0.3027604630454141 0.49243098842386457 0.44256455921638466 0.327693677649154 0.44256455921638466
0 0.40516473731077474 0.1834372217275156 0.5449688334817453 0.1834372217275156 0.5449688334817453 0.3330365093499555 0.40516473731077474 0.3330365093499555
0 0.2831700801424755 0.05699020480854853 0.4327693677649154 0.05699020480854853 0.4327693677649154 0.176313446126447 0.2831700801424755 0.176313446126447
0 0.017809439002671415 0.08370436331255565 0.1745325022261799 0.08370436331255565 0.1745325022261799 0.2163846838824577 0.017809439002671415 0.2163846838824577
0 0.4220837043633125 0.07569011576135352 0.5529830810329475 0.07569011576135352 0.5529830810329475 0.19145146927871773 0.4220837043633125 0.19145146927871773
0 0.7426536064113979 0.3383793410507569 0.8904719501335707 0.3383793410507569 0.8904719501335707 0.49421193232413185 0.7426536064113979 0.49421193232413185
0 0.4808548530721282 0.3802315227070348 0.6331255565449688 0.3802315227070348 0.6331255565449688 0.5209260908281389 0.4808548530721282 0.5209260908281389
0 0.5966162065894924 0.4808548530721282 0.7364203027604629 0.4808548530721282 0.7364203027604629 0.6375779162956368 0.5966162065894924 0.6375779162956368
0 0.2742653606411398 0.703472840605521 0.4612644701691897 0.703472840605521 0.4612644701691897 0.8993766696349065 0.2742653606411398 0.8993766696349065
