16 0.4514692787177204 0.4327693677649154 0.5734639358860195 0.4327693677649154 0.5734639358860195 0.5592163846838825 0.4514692787177204 0.5592163846838825
16 0.44078361531611754 0.755120213713268 0.5930543187889582 0.755120213713268 0.5930543187889582 0.9020480854853072 0.44078361531611754 0.9020480854853072
16 0.5218165627782725 0.5921638468388246 0.6642920747996437 0.5921638468388246 0.6642920747996437 0.7150489759572574 0.5218165627782725 0.7150489759572574
16 0.655387355298308 0.5574354407836153 0.767586821015138 0.5574354407836153 0.767586821015138 0.6758682101513801 0.655387355298308 0.6758682101513801
16 0.7114870881567231 0.46660730186999105 0.8147818343722174 0.46660730186999105 0.8147818343722174 0.5520926090828138 0.7114870881567231 0.5520926090828138
16 0.41406945681211044 0.5422974176313446 0.5405164737310775 0.5422974176313446 0.5405164737310775 0.6696349065004452 0.41406945681211044 0.6696349065004452
16 0.3437221727515583 0.6357969723953696 0.4728406055209261 0.6357969723953696 0.4728406055209261 0.7747105966162066 0.3437221727515583 0.7747105966162066
16 0.26714158504007124 0.49243098842386457 0.3998219056099734 0.49243098842386457 0.3998219056099734 0.6188780053428317 0.26714158504007124 0.6188780053428317
16 0.21104185218165625 0.6064113980409617 0.33926981300089043 0.6064113980409617 0.33926981300089043 0.7399821905609972 0.21104185218165625 0.7399821905609972
16 0.13980409617097062 0.4639358860195904 0.24487978628673196 0.4639358860195904 0.24487978628673196 0.5681211041852181 0.13980409617097062 0.5681211041852181
16 0.11843276936776491 0.5672306322350846 0.23686553873552982 0.5672306322350846 0.23686553873552982 0.691006233303651 0.11843276936776491 0.691006233303651
16 0.11932324131789848 0.7186108637577917 0.26447016918967053 0.7186108637577917 0.26447016918967053 0.8762243989314337 0.11932324131789848 0.8762243989314337
16 0.27515583259127335 0.7934105075690115 0.41941228851291185 0.7934105075690115 0.41941228851291185 0.9403383793410507 0.27515583259127335 0.9403383793410507
16 0.6081923419412288 0.6767586821015138 0.7355298308103294 0.6767586821015138 0.7355298308103294 0.8005342831700801 0.6081923419412288 0.8005342831700801
16 0.7132680320569902 0.6660730186999111 0.8325912733748887 0.6660730186999111 0.8325912733748887 0.7925200356188781 0.7132680320569902 0.7925200356188781
16 0.8023152270703472 0.6064113980409617 0.9207479964381121 0.6064113980409617 0.9207479964381121 0.7248441674087265 0.8023152270703472 0.7248441674087265
16 0.6126447016918967 0.5075690115761353 0.7016918967052538 0.5075690115761353 0.7016918967052538 0.5868210151380232 0.6126447016918967 0.5868210151380232
16 0.553873552983081 0.4122885129118432 0.642920747996438 0.4122885129118432 0.642920747996438 0.5138023152270703 0.553873552983081 0.5138023152270703
16 0.6322350845948352 0.40694568121104185 0.7382012466607302 0.40694568121104185 0.7382012466607302 0.5111308993766697 0.6322350845948352 0.5111308993766697
16 0.47640249332146034 0.3517364203027605 0.5859305431878895 0.3517364203027605 0.5859305431878895 0.4300979519145147 0.47640249332146034 0.4300979519145147
16 0.3944790739091719 0.3980409617097062 0.5040071237756011 0.3980409617097062 0.5040071237756011 0.5120213713268034 0.3944790739091719 0.5120213713268034
16 0.6821015138023152 0.7773820124666073 0.8174532502226179 0.7773820124666073 0.8174532502226179 0.929652715939448 0.6821015138023152 0.929652715939448
