0 0.6384683882457703 0.3864648263579697 0.8584149599287622 0.3864648263579697 0.8584149599287622 0.5779162956366874 0.6384683882457703 0.5779162956366874
0 0.641139804096171 0.23597506678539626 0.8227960819234196 0.23597506678539626 0.8227960819234196 0.3998219056099732 0.641139804096171 0.3998219056099732
0 0.6090828138913624 0.10062333036509348 0.7435440783615317 0.10062333036509348 0.7435440783615317 0.22796081923419412 0.6090828138913624 0.22796081923419412
0 0.4238646482635797 0.09795191451469279 0.5796972395369546 0.09795191451469279 0.5796972395369546 0.23508459483526273 0.4238646482635797 0.23508459483526273
0 0.39715048975957257 0.5983971504897596 0.6108637577916296 0.5983971504897596 0.6108637577916296 0.8112199465716828 0.39715048975957257 0.8112199465716828
0 0.33303650934995555 0.8023152270703472 0.5271593944790739 0.8023152270703472 0.5271593944790739 0.9982190560997329 0.33303650934995555 0.9982190560997329
0 0.5547640249332146 0.7390917186108638 0.7212822796081922 0.7390917186108638 0.7212822796081922 0.9403383793410507 0.5547640249332146 0.9403383793410507
0 0.6544968833481746 0.6117542297417632 0.883348174532502 0.6117542297417632 0.883348174532502 0.8468388245770259 0.6544968833481746 0.8468388245770259
0 0.5378450578806767 0.48441674087266245 0.6883348174532502 0.48441674087266245 0.6883348174532502 0.6464826357969724 0.5378450578806767 0.6464826357969724
0 0.8619768477292965 0.41495992876224397 1.0 0.41495992876224397 1.0 0.6170970614425646 0.8619768477292965 0.6170970614425646
0 0.0 0.6883348174532502 0.21104185218165625 0.6883348174532502 0.21104185218165625 0.9047195013357079 0.0 0.9047195013357079
0 0.232413178984862 0.6268922528940338 0.41050756901157615 0.6268922528940338 0.41050756901157615 0.8174532502226179 0.232413178984862 0.8174532502226179
0 0.41317898486197685 0.4390026714158505 0.5565449688334817 0.4390026714158505 0.5565449688334817 0.5992876224398932 0.41317898486197685 0.5992876224398932
0 0.2163846838824577 0.45592163846838824 0.37310774710596617 0.45592163846838824 0.37310774710596617 0.6010685663401603 0.2163846838824577 0.6010685663401603
0 0.28851291184327693 0.22617987533392697 0.42119323241317896 0.22617987533392697 0.42119323241317896 0.3544078361531612 0.28851291184327693 0.3544078361531612
0 0.41585040071237717 0.21104185218165641 0.5547640249332145 0.21104185218165641 0.5547640249332145 0.38379341050756893 0.41585040071237717 0.38379341050756893
