0 0.048085485307212815 0.2840605520926091 0.17809439002671415 0.2840605520926091 0.17809439002671415 0.39180765805877116 0.048085485307212815 0.39180765805877116
0 0.40516473731077474 0.3490650044523598 0.5316117542297417 0.3490650044523598 0.5316117542297417 0.45681211041852177 0.40516473731077474 0.45681211041852177
0 0.22974176313446126 0.4292074799643812 0.36776491540516476 0.4292074799643812 0.36776491540516476 0.5512021371326803 0.22974176313446126 0.5512021371326803
0 0.025823686553873553 0.3793410507569012 0.18699910952804985 0.3793410507569012 0.18699910952804985 0.5316117542297417 0.025823686553873553 0.5316117542297417
0 0.1807658058771149 0.3348174532502226 0.3018699910952805 0.3348174532502226 0.3018699910952805 0.45592163846838824 0.1807658058771149 0.45592163846838824
0 0.27337488869100623 0.15138023152270702 0.3766696349065004 0.15138023152270702 0.3766696349065004 0.25556544968833483 0.27337488869100623 0.25556544968833483
0 0.31522707034728403 0.05966162065894924 0.44968833481745324 0.05966162065894924 0.44968833481745324 0.170080142475512 0.31522707034728403 0.170080142475512
0 0.5333926981300089 0.14781834372217276 0.6286731967943011 0.14781834372217276 0.6286731967943011 0.23686553873552985 0.5333926981300089 0.23686553873552985
0 0.7079252003561887 0.23686553873552982 0.831700801424755 0.23686553873552982 0.831700801424755 0.3615316117542297 0.7079252003561887 0.3615316117542297
0 0.5939447907390917 0.4986642920747996 0.7257346393588602 0.4986642920747996 0.7257346393588602 0.6366874443455031 0.5939447907390917 0.6366874443455031
0 0.24844167408726625 0.553873552983081 0.3980409617097062 0.553873552983081 0.3980409617097062 0.6981300089047197 0.24844167408726625 0.6981300089047197
0 0.4024933214603739 0.7978628673196795 0.5485307212822796 0.7978628673196795 0.5485307212822796 0.9492430988423863 0.4024933214603739 0.9492430988423863
0 0.8040961709706145 0.5431878895814782 0.9572573463935886 0.5431878895814782 0.9572573463935886 0.692787177203918 0.8040961709706145 0.692787177203918
0 0.8370436331255565 0.3864648263579697 1.0 0.3864648263579697 1.0 0.5405164737310775 0.8370436331255565 0.5405164737310775
0 0.8726625111308993 0.18699910952804988 0.9991095280498663 0.18699910952804988 0.9991095280498663 0.3089937666963491 0.8726625111308993 0.3089937666963491
0 0.6233303650934995 0.42030276046304527 0.7221727515583259 0.42030276046304527 0.7221727515583259 0.5075690115761352 0.6233303650934995 0.5075690115761352
0 0.5485307212822796 0.333926981300089 0.6642920747996439 0.333926981300089 0.6642920747996439 0.4292074799643811 0.5485307212822796 0.4292074799643811
0 0.4434550311665182 0.22707034728406053 0.560106856634016 0.22707034728406053 0.560106856634016 0.34372217275155825 0.4434550311665182 0.34372217275155825
0 0.7159394479073911 0.8192341941228851 0.8495102404274265 0.8192341941228851 0.8495102404274265 0.9652715939447909 0.7159394479073911 0.9652715939447909
0 0.6812110418521816 0.6571682991985752 0.8361531611754229 0.6571682991985752 0.8361531611754229 0.8272484416740874 0.6812110418521816 0.8272484416740874
0 0.42475512021371314 0.6340160284951024 0.5779162956366874 0.6340160284951024 0.5779162956366874 0.7818343722172753 0.42475512021371314 0.7818343722172753
0 0.05075690115761354 0.7462154942119323 0.219946571682992 0.7462154942119323 0.219946571682992 0.9073909171861085 0.05075690115761354 0.9073909171861085
0 0.2920747996438112 0.6767586821015138 0.4514692787177204 0.6767586821015138 0.4514692787177204 0.8103294746215495 0.2920747996438112 0.8103294746215495
