12 0.5681211041852182 0.672306322350846 0.9385574354407836 0.672306322350846 0.9385574354407836 1.0 0.5681211041852182 1.0
12 0.22885129118432773 0.6625111308993766 0.589492430988424 0.6625111308993766 0.589492430988424 0.9919857524487979 0.22885129118432773 0.9919857524487979
12 0.16918967052537845 0.4434550311665182 0.4505788067675868 0.4434550311665182 0.4505788067675868 0.6963490650044524 0.16918967052537845 0.6963490650044524
12 0.40694568121104185 0.4176313446126447 0.6856634016028496 0.4176313446126447 0.6856634016028496 0.6767586821015138 0.40694568121104185 0.6767586821015138
12 0.6865538735529831 0.5084594835262688 0.9341050756901157 0.5084594835262688 0.9341050756901157 0.7417631344612644 0.6865538735529831 0.7417631344612644
12 0.6945681211041852 0.2341941228851291 0.98753339269813 0.2341941228851291 0.98753339269813 0.5387355298308103 0.6945681211041852 0.5387355298308103
12 0.32591273374888696 0.16295636687444348 0.6170970614425646 0.16295636687444348 0.6170970614425646 0.4363312555654497 0.32591273374888696 0.4363312555654497
12 0.10774710596616206 0.29741763134461263 0.3695458593054319 0.29741763134461263 0.3695458593054319 0.5013357079252003 0.10774710596616206 0.5013357079252003
12 1.0547118733938987e-17 0.48441674087266245 0.23775601068566346 0.48441674087266245 0.23775601068566346 0.7221727515583259 1.0547118733938987e-17 0.7221727515583259
12 0.0026714158504007124 0.7105966162065895 0.26892252894033863 0.7105966162065895 0.26892252894033863 1.0 0.0026714158504007124 1.0
12 0.7569011576135353 0.030276046304541403 0.9848619768477294 0.030276046304541403 0.9848619768477294 0.22885129118432768 0.7569011576135353 0.22885129118432768
12 0.4220837043633125 0.028495102404274265 0.6028495102404273 0.028495102404274265 0.6028495102404273 0.17453250222617986 0.4220837043633125 0.17453250222617986
