15 0.25200356188780054 0.37845057880676763 0.4683882457702582 0.37845057880676763 0.4683882457702582 0.6135351736420303 0.25200356188780054 0.6135351736420303
15 0.5093499554764025 0.09617097061442563 0.7515583259127337 0.09617097061442563 0.7515583259127337 0.3544078361531611 0.5093499554764025 0.3544078361531611
15 0.2956366874443455 0.06500445235975066 0.508459483526269 0.06500445235975066 0.508459483526269 0.3268032056990206 0.2956366874443455 0.3268032056990206
15 0.4514692787177203 0.3357079252003562 0.6731967943009795 0.3357079252003562 0.6731967943009795 0.5503116651825468 0.4514692787177203 0.5503116651825468
15 0.4318788958147819 0.5609973285841495 0.6669634906500445 0.5609973285841495 0.6669634906500445 0.771148708815672 0.4318788958147819 0.771148708815672
15 0.7025823686553874 0.26090828138913624 0.9118432769367765 0.26090828138913624 0.9118432769367765 0.49154051647373104 0.7025823686553874 0.49154051647373104
15 0.6402493321460373 0.6117542297417632 0.8183437221727516 0.6117542297417632 0.8183437221727516 0.8040961709706144 0.6402493321460373 0.8040961709706144
15 0.333926981300089 0.7275155832591274 0.5636687444345504 0.7275155832591274 0.5636687444345504 0.9483526268922529 0.333926981300089 0.9483526268922529
15 0.02493321460373997 0.42653606411398043 0.2724844167408727 0.42653606411398043 0.2724844167408727 0.6553873552983084 0.02493321460373997 0.6553873552983084
15 0.07658058771148708 0.19946571682991987 0.3098842386464827 0.19946571682991987 0.3098842386464827 0.41852181656277826 0.07658058771148708 0.41852181656277826
