12 0.6188780053428317 0.22261798753339268 0.8414959928762243 0.22261798753339268 0.8414959928762243 0.4612644701691897 0.6188780053428317 0.4612644701691897
12 0.39091718610863757 0.1246660730186999 0.6144256455921638 0.1246660730186999 0.6144256455921638 0.35707925200356183 0.39091718610863757 0.35707925200356183
12 0.4390026714158505 0.32591273374888685 0.649154051647373 0.32591273374888685 0.649154051647373 0.5627782724844168 0.4390026714158505 0.5627782724844168
12 0.6420302760463046 0.4425645592163846 0.8691006233303653 0.4425645592163846 0.8691006233303653 0.6705253784505787 0.6420302760463046 0.6705253784505787
12 0.22261798753339268 0.2475512021371327 0.42831700801424755 0.2475512021371327 0.42831700801424755 0.4790739091718611 0.22261798753339268 0.4790739091718611
12 0.20480854853072128 0.041852181656277826 0.39180765805877116 0.041852181656277826 0.39180765805877116 0.2582368655387355 0.20480854853072128 0.2582368655387355
12 0.3143365983971505 0.0017809439002671415 0.5814781834372217 0.0017809439002671415 0.5814781834372217 0.14692787177203917 0.3143365983971505 0.14692787177203917
12 0.5565449688334817 0.008014247551202136 0.8308103294746216 0.008014247551202136 0.8308103294746216 0.23419412288512917 0.5565449688334817 0.23419412288512917
12 0.7951914514692785 0.08637577916295631 0.9999999999999996 0.08637577916295631 0.9999999999999996 0.33926981300089015 0.7951914514692785 0.33926981300089015
12 0.8227960819234201 0.3303650934995548 0.9999999999999993 0.3303650934995548 0.9999999999999993 0.5743544078361534 0.8227960819234201 0.5743544078361534
12 0.46215494211932323 0.5583259127337489 0.7008014247551202 0.5583259127337489 0.7008014247551202 0.7934105075690115 0.46215494211932323 0.7934105075690115
12 0.27248441674087265 0.45859305431878894 0.48263579697239545 0.45859305431878894 0.48263579697239545 0.6714158504007122 0.27248441674087265 0.6714158504007122
12 0.10685663401602849 0.5351736420302761 0.3098842386464826 0.5351736420302761 0.3098842386464826 0.7479964381121995 0.10685663401602849 0.7479964381121995
12 0.2938557435440782 0.6625111308993767 0.5111308993766697 0.6625111308993767 0.5111308993766697 0.9145146927871771 0.2938557435440782 0.9145146927871771
12 0.49955476402493304 0.7764915405164738 0.719501335707925 0.7764915405164738 0.719501335707925 0.9910952804986644 0.49955476402493304 0.9910952804986644
12 0.6821015138023152 0.674087266251113 0.9100623330365094 0.674087266251113 0.9100623330365094 0.8833481745325023 0.6821015138023152 0.8833481745325023
12 0.8521816562778276 0.5690115761353516 1.0000000000000002 0.5690115761353516 1.0000000000000002 0.8156723063223508 0.8521816562778276 0.8156723063223508
