0 0.23508459483526273 0.3633125556544969 0.5093499554764025 0.3633125556544969 0.5093499554764025 0.6429207479964381 0.23508459483526273 0.6429207479964381
0 0.007123775601068566 0.5485307212822796 0.2849510240427426 0.5485307212822796 0.2849510240427426 0.8495102404274265 0.007123775601068566 0.8495102404274265
0 0.034728406055209264 0.3161175422974176 0.27515583259127335 0.3161175422974176 0.27515583259127335 0.5556544968833482 0.034728406055209264 0.5556544968833482
0 0.41050756901157615 0.14247551202137132 0.7016918967052538 0.14247551202137132 0.7016918967052538 0.433659839715049 0.41050756901157615 0.433659839715049
0 0.10240427426536064 0.11398040961709706 0.3348174532502226 0.11398040961709706 0.3348174532502226 0.3365983971504897 0.10240427426536064 0.3365983971504897
0 0.622439893143366 0.333926981300089 0.8860195903829029 0.333926981300089 0.8860195903829029 0.6046304541406946 0.622439893143366 0.6046304541406946
0 0.49421193232413174 0.5387355298308103 0.8032056990204808 0.5387355298308103 0.8032056990204808 0.8317008014247552 0.49421193232413174 0.8317008014247552
0 0.25645592163846836 0.6544968833481746 0.5387355298308103 0.6544968833481746 0.5387355298308103 0.9252003561887802 0.25645592163846836 0.9252003561887802
0 0.5084594835262689 0.809439002671416 0.8352626892252893 0.809439002671416 0.8352626892252893 1.0 0.5084594835262689 1.0
0 0.7729296527159394 0.549421193232413 0.9999999999999997 0.549421193232413 0.9999999999999997 0.8512911843276935 0.7729296527159394 0.8512911843276935
0 0.7818343722172751 0.17186108637577915 1.0 0.17186108637577915 1.0 0.3811219946571683 0.7818343722172751 0.3811219946571683
0 0.705253784505788 0.0 0.942119323241318 0.0 0.942119323241318 0.19857524487978628 0.705253784505788 0.19857524487978628
0 0.3490650044523591 0.0 0.5752448797862861 0.0 0.5752448797862861 0.16740872662511128 0.3490650044523591 0.16740872662511128
