4 0.3018699910952805 0.39091718610863757 0.5369545859305432 0.39091718610863757 0.5369545859305432 0.553873552983081 0.3018699910952805 0.553873552983081
4 0.5957257346393589 0.33303650934995543 0.7809439002671416 0.33303650934995543 0.7809439002671416 0.5458593054318789 0.5957257346393589 0.5458593054318789
4 0.43187889581478184 0.11219946571682991 0.628673196794301 0.11219946571682991 0.628673196794301 0.30454140694568116 0.43187889581478184 0.30454140694568116
4 0.3437221727515583 0.26714158504007124 0.5138023152270703 0.26714158504007124 0.5138023152270703 0.43187889581478184 0.3437221727515583 0.43187889581478184
4 0.13000890471950133 0.3143365983971505 0.32858414959928756 0.3143365983971505 0.32858414959928756 0.4817453250222618 0.13000890471950133 0.4817453250222618
4 0.04096170970614425 0.5200356188780053 0.1941228851291184 0.5200356188780053 0.1941228851291184 0.7471059661620658 0.04096170970614425 0.7471059661620658
4 0.377560106856634 0.539626001780944 0.5832591273374887 0.539626001780944 0.5832591273374887 0.7043633125556547 0.377560106856634 0.7043633125556547
4 0.7613535173642031 0.5200356188780053 0.8967052537845059 0.5200356188780053 0.8967052537845059 0.7132680320569902 0.7613535173642031 0.7132680320569902
4 0.8317008014247552 0.41852181656277826 1.0 0.41852181656277826 1.0 0.5636687444345503 0.8317008014247552 0.5636687444345503
4 0.7061442564559216 0.1896705253784506 0.8904719501335707 0.1896705253784506 0.8904719501335707 0.375779162956367 0.7061442564559216 0.375779162956367
4 0.6527159394479075 0.655387355298308 0.8308103294746216 0.655387355298308 0.8308103294746216 0.8076580587711487 0.6527159394479075 0.8076580587711487
4 0.5627782724844167 0.5164737310774711 0.7328584149599288 0.5164737310774711 0.7328584149599288 0.6901157613535174 0.5627782724844167 0.6901157613535174
