5 0.2974176313446127 0.4746215494211931 0.48619768477292974 0.4746215494211931 0.48619768477292974 0.6455921638468386 0.2974176313446127 0.6455921638468386
5 0.13268032056990206 0.4060552092609083 0.33570792520035625 0.4060552092609083 0.33570792520035625 0.5966162065894925 0.13268032056990206 0.5966162065894925
5 -8.881784197001253e-18 0.48797862867319686 0.19857524487978623 0.48797862867319686 0.19857524487978623 0.6865538735529831 -8.881784197001253e-18 0.6865538735529831
5 0.21104185218165625 0.7132680320569904 0.4033837934105075 0.7132680320569904 0.4033837934105075 0.9171861086375782 0.21104185218165625 0.9171861086375782
5 0.5075690115761353 0.47016918967052546 0.6767586821015137 0.47016918967052546 0.6767586821015137 0.5939447907390917 0.5075690115761353 0.5939447907390917
5 0.26892252894033836 0.32502226179875326 0.47818343722172757 0.32502226179875326 0.47818343722172757 0.49154051647373104 0.26892252894033836 0.49154051647373104
5 0.4443455031166518 0.3383793410507569 0.6135351736420303 0.3383793410507569 0.6135351736420303 0.47373107747105964 0.4443455031166518 0.47373107747105964
5 0.678539626001781 0.36420302760463047 0.8628673196794301 0.36420302760463047 0.8628673196794301 0.4924309884238647 0.678539626001781 0.4924309884238647
5 0.4853072128227961 0.17898486197684776 0.6509349955476402 0.17898486197684776 0.6509349955476402 0.3686553873552983 0.4853072128227961 0.3686553873552983
5 0.1674087266251113 0.21994657168299198 0.36509349955476406 0.21994657168299198 0.36509349955476406 0.3552983081032947 0.1674087266251113 0.3552983081032947
5 0.3134461264470169 0.09884238646482636 0.4755120213713268 0.09884238646482636 0.4755120213713268 0.26447016918967053 0.3134461264470169 0.26447016918967053
