12 0.5859305431878896 0.33303650934995543 0.7248441674087266 0.33303650934995543 0.7248441674087266 0.47818343722172757 0.5859305431878896 0.47818343722172757
12 0.4238646482635797 0.28762243989314334 0.5894924309884239 0.28762243989314334 0.5894924309884239 0.441674087266251 0.4238646482635797 0.441674087266251
12 0.2404274265360641 0.2466607301869991 0.41495992876224397 0.2466607301869991 0.41495992876224397 0.4122885129118433 0.2404274265360641 0.4122885129118433
12 0.05520926090828139 0.20124666073018696 0.22439893143365983 0.20124666073018696 0.22439893143365983 0.36420302760463047 0.05520926090828139 0.36420302760463047
12 0.11130899376669634 0.35529830810329477 0.26803205699020477 0.35529830810329477 0.26803205699020477 0.5280498664292076 0.11130899376669634 0.5280498664292076
12 0.30632235084594833 0.4024933214603739 0.4692787177203918 0.4024933214603739 0.4692787177203918 0.5690115761353517 0.30632235084594833 0.5690115761353517
12 0.472840605520926 0.43098842386464825 0.6233303650934996 0.43098842386464825 0.6233303650934996 0.5886019590382903 0.472840605520926 0.5886019590382903
12 0.6464826357969724 0.4746215494211931 0.769367764915405 0.4746215494211931 0.769367764915405 0.6233303650934994 0.6464826357969724 0.6233303650934994
12 0.5369545859305432 0.5894924309884239 0.6856634016028494 0.5894924309884239 0.6856634016028494 0.7444345503116652 0.5369545859305432 0.7444345503116652
12 0.37132680320569894 0.5512021371326803 0.5289403383793411 0.5512021371326803 0.5289403383793411 0.6999109528049866 0.37132680320569894 0.6999109528049866
12 0.19946571682991987 0.5093499554764025 0.3668744434550312 0.5093499554764025 0.3668744434550312 0.6918967052537844 0.19946571682991987 0.6918967052537844
12 0.0008904719501335708 0.4692787177203918 0.16829919857524486 0.4692787177203918 0.16829919857524486 0.6402493321460373 0.0008904719501335708 0.6402493321460373
12 0.06589492430988424 0.6331255565449689 0.22885129118432768 0.6331255565449689 0.22885129118432768 0.7996438112199465 0.06589492430988424 0.7996438112199465
12 0.2466607301869991 0.6651825467497774 0.39180765805877116 0.6651825467497774 0.39180765805877116 0.8263579697239537 0.2466607301869991 0.8263579697239537
12 0.4354407836153161 0.6972395369545858 0.5859305431878895 0.6972395369545858 0.5859305431878895 0.8512911843276936 0.4354407836153161 0.8512911843276936
12 0.5921638468388244 0.7186108637577915 0.723063223508459 0.7186108637577915 0.723063223508459 0.8833481745325026 0.5921638468388244 0.8833481745325026
12 0.4799643811219943 0.836153161175423 0.6509349955476403 0.836153161175423 0.6509349955476403 0.995547640249332 0.4799643811219943 0.995547640249332
12 0.3018699910952803 0.806767586821015 0.4808548530721283 0.806767586821015 0.4808548530721283 0.9750667853962601 0.3018699910952803 0.9750667853962601
12 0.1255565449688334 0.7880676758682099 0.2991985752448796 0.7880676758682099 0.2991985752448796 0.9545859305431885 0.1255565449688334 0.9545859305431885
12 0.0 0.7551202137132678 0.12110418521816561 0.7551202137132678 0.12110418521816561 0.938557435440783 0.0 0.938557435440783
