1 0.44523597506678536 0.3829029385574355 0.6108637577916296 0.3829029385574355 0.6108637577916296 0.5494211932324132 0.44523597506678536 0.5494211932324132
1 0.6874443455031166 0.45235975066785394 0.831700801424755 0.45235975066785394 0.831700801424755 0.6135351736420303 0.6874443455031166 0.6135351736420303
1 0.25556544968833483 0.5609973285841496 0.44434550311665183 0.5609973285841496 0.44434550311665183 0.7747105966162066 0.25556544968833483 0.7747105966162066
1 0.5699020480854854 0.5458593054318789 0.7373107747105968 0.5458593054318789 0.7373107747105968 0.7025823686553873 0.5699020480854854 0.7025823686553873
1 0.8183437221727514 0.7364203027604629 1.0 0.7364203027604629 1.0 0.926981300089047 0.8183437221727514 0.926981300089047
1 0.5583259127337489 0.705253784505788 0.7497773820124665 0.705253784505788 0.7497773820124665 0.9038290293855743 0.5583259127337489 0.9038290293855743
1 0.11754229741763136 0.7159394479073911 0.34995547640249336 0.7159394479073911 0.34995547640249336 0.9269813000890473 0.11754229741763136 0.9269813000890473
1 0.08993766696349065 0.5654496883348176 0.25467497773820125 0.5654496883348176 0.25467497773820125 0.715939447907391 0.08993766696349065 0.715939447907391
1 0.22885129118432773 0.41495992876224397 0.40694568121104185 0.41495992876224397 0.40694568121104185 0.5636687444345503 0.22885129118432773 0.5636687444345503
1 0.24577025823686555 0.15850400712377563 0.4354407836153162 0.15850400712377563 0.4354407836153162 0.32591273374888696 0.24577025823686555 0.32591273374888696
1 0.24577025823686555 0.05609973285841496 0.39180765805877116 0.05609973285841496 0.39180765805877116 0.1861086375779163 0.24577025823686555 0.1861086375779163
1 0.4728406055209261 0.05075690115761354 0.5912733748886909 0.05075690115761354 0.5912733748886909 0.18254674977738203 0.4728406055209261 0.18254674977738203
1 0.38201246660730187 0.11398040961709706 0.5396260017809439 0.11398040961709706 0.5396260017809439 0.25378450578806766 0.38201246660730187 0.25378450578806766
1 0.6660730186999111 0.1371326803205699 0.7978628673196795 0.1371326803205699 0.7978628673196795 0.2377560106856634 0.6660730186999111 0.2377560106856634
1 0.5636687444345503 0.0 0.7088156723063224 0.0 0.7088156723063224 0.10240427426536064 0.5636687444345503 0.10240427426536064
1 0.09706144256455923 0.0008904719501335708 0.22617987533392697 0.0008904719501335708 0.22617987533392697 0.1424755120213713 0.09706144256455923 0.1424755120213713
1 0.0 0.20124666073018704 0.14069456812110415 0.20124666073018704 0.14069456812110415 0.3517364203027607 0.0 0.3517364203027607
1 0.0 0.3410507569011576 0.11665182546749776 0.3410507569011576 0.11665182546749776 0.5476402493321462 0.0 0.5476402493321462
1 0.4300979519145147 0.5547640249332146 0.5823686553873553 0.5547640249332146 0.5823686553873553 0.7497773820124665 0.4300979519145147 0.7497773820124665
1 0.24398931433659843 0.2991985752448798 0.4479073909171861 0.2991985752448798 0.4479073909171861 0.43098842386464825 0.24398931433659843 0.43098842386464825
1 0.5280498664292075 0.17809439002671412 0.6580587711487087 0.17809439002671412 0.6580587711487087 0.2965271593944791 0.5280498664292075 0.2965271593944791
1 0.6081923419412288 0.25556544968833483 0.7622439893143366 0.25556544968833483 0.7622439893143366 0.37934105075690117 0.6081923419412288 0.37934105075690117
1 0.47105966162065904 0.3009795191451469 0.6073018699910953 0.3009795191451469 0.6073018699910953 0.3998219056099732 0.47105966162065904 0.3998219056099732
1 0.16028495102404275 0.22885129118432773 0.3606411398040962 0.22885129118432773 0.3606411398040962 0.3401602849510241 0.16028495102404275 0.3401602849510241
1 0.12288512911843277 0.42831700801424755 0.2778272484416741 0.42831700801424755 0.2778272484416741 0.5752448797862867 0.12288512911843277 0.5752448797862867
1 0.39536954585930545 0.7853962600178095 0.6090828138913624 0.7853962600178095 0.6090828138913624 0.9839715048975958 0.39536954585930545 0.9839715048975958
1 0.678539626001781 0.815672306322351 0.8406055209260909 0.815672306322351 0.8406055209260909 0.9857524487978631 0.678539626001781 0.9857524487978631
1 0.8317008014247552 0.678539626001781 0.9528049866429207 0.678539626001781 0.9528049866429207 0.77560106856634 0.8317008014247552 0.77560106856634
1 0.377560106856634 0.4772929652715938 0.5022261798753339 0.4772929652715938 0.5022261798753339 0.6028495102404273 0.377560106856634 0.6028495102404273
1 0.5342831700801425 0.3926981300089048 0.6731967943009796 0.3926981300089048 0.6731967943009796 0.5200356188780053 0.5342831700801425 0.5200356188780053
1 0.07212822796081923 0.3268032056990205 0.22707034728406053 0.3268032056990205 0.22707034728406053 0.4505788067675868 0.07212822796081923 0.4505788067675868
1 0.04363312555654497 0.1585040071237756 0.21727515583259127 0.1585040071237756 0.21727515583259127 0.2778272484416741 0.04363312555654497 0.2778272484416741
1 0.21104185218165641 0.9082813891362416 0.39715048975957257 0.9082813891362416 0.39715048975957257 0.9999999999999989 0.21104185218165641 0.9999999999999989
