0 0.6509349955476402 0.38557435440783616 0.7880676758682101 0.38557435440783616 0.7880676758682101 0.5325022261798753 0.6509349955476402 0.5325022261798753
0 0.29563668744434546 0.04986642920747997 0.4247551202137133 0.04986642920747997 0.4247551202137133 0.1620658949243099 0.29563668744434546 0.1620658949243099
0 0.13535173642030277 0.14781834372217276 0.27248441674087265 0.14781834372217276 0.27248441674087265 0.26001780943900266 0.13535173642030277 0.26001780943900266
0 0.003561887800534283 0.24309884238646481 0.15138023152270708 0.24309884238646481 0.15138023152270708 0.39893143365983974 0.003561887800534283 0.39893143365983974
0 0.09349955476402494 0.4692787177203918 0.2475512021371327 0.4692787177203918 0.2475512021371327 0.6206589492430987 0.09349955476402494 0.6206589492430987
0 0.0 0.5467497773820125 0.13891362422083706 0.5467497773820125 0.13891362422083706 0.7462154942119323 0.0 0.7462154942119323
0 0.3873552983081033 0.7105966162065895 0.5983971504897595 0.7105966162065895 0.5983971504897595 0.9189670525378452 0.3873552983081033 0.9189670525378452
0 0.22439893143365983 0.5645592163846839 0.34906500445235983 0.5645592163846839 0.34906500445235983 0.7284060552092609 0.22439893143365983 0.7284060552092609
0 0.4122885129118432 0.3561887800534283 0.5734639358860195 0.3561887800534283 0.5734639358860195 0.5004452359750667 0.4122885129118432 0.5004452359750667
0 0.3935886019590383 0.25022261798753337 0.5583259127337489 0.25022261798753337 0.5583259127337489 0.38468388245770263 0.3935886019590383 0.38468388245770263
0 0.5387355298308103 0.10507569011576136 0.6616206589492432 0.10507569011576136 0.6616206589492432 0.2252894033837934 0.5387355298308103 0.2252894033837934
0 0.7221727515583259 0.003561887800534283 0.8414959928762246 0.003561887800534283 0.8414959928762246 0.13802315227070344 0.7221727515583259 0.13802315227070344
0 0.8975957257346393 0.5690115761353517 1.0 0.5690115761353517 1.0 0.7141585040071237 0.8975957257346393 0.7141585040071237
0 0.4906500445235975 0.5182546749777382 0.6340160284951023 0.5182546749777382 0.6340160284951023 0.6482635796972396 0.4906500445235975 0.6482635796972396
0 0.5966162065894925 0.7132680320569902 0.7399821905609972 0.7132680320569902 0.7399821905609972 0.8575244879786286 0.5966162065894925 0.8575244879786286
0 0.25289403383793413 0.3081032947462155 0.3864648263579697 0.3081032947462155 0.3864648263579697 0.439893143365984 0.25289403383793413 0.439893143365984
0 0.16918967052537845 0.3802315227070348 0.3143365983971505 0.3802315227070348 0.3143365983971505 0.5298308103294748 0.16918967052537845 0.5298308103294748
0 0.3187889581478183 0.18521816562778276 0.4479073909171861 0.18521816562778276 0.4479073909171861 0.3428317008014248 0.3187889581478183 0.3428317008014248
0 0.628673196794301 0.15761353517364202 0.759572573463936 0.15761353517364202 0.759572573463936 0.30454140694568116 0.628673196794301 0.30454140694568116
0 0.7613535173642031 0.5779162956366874 0.9065004452359752 0.5779162956366874 0.9065004452359752 0.7310774710596617 0.7613535173642031 0.7310774710596617
