0 0.26625111308993765 0.3241317898486198 0.4764024933214603 0.3241317898486198 0.4764024933214603 0.5280498664292076 0.26625111308993765 0.5280498664292076
0 0.5672306322350846 0.35440783615316124 0.77560106856634 0.35440783615316124 0.77560106856634 0.5841495992876224 0.5672306322350846 0.5841495992876224
0 0.4060552092609083 0.2056990204808549 0.6571682991985752 0.2056990204808549 0.6571682991985752 0.40872662511130897 0.4060552092609083 0.40872662511130897
0 0.6331255565449688 0.20302760463045416 0.8352626892252893 0.20302760463045416 0.8352626892252893 0.3953695458593054 0.6331255565449688 0.3953695458593054
0 0.5779162956366874 0.08281389136242208 0.7417631344612647 0.08281389136242208 0.7417631344612647 0.23508459483526273 0.5779162956366874 0.23508459483526273
0 0.26981300089047194 0.057880676758682095 0.4336598397150489 0.057880676758682095 0.4336598397150489 0.2110418521816563 0.26981300089047194 0.2110418521816563
0 0.7595725734639359 0.42564559216384673 0.9741763134461262 0.42564559216384673 0.9741763134461262 0.6669634906500445 0.7595725734639359 0.6669634906500445
0 0.8504007123775601 0.25734639358860195 1.0 0.25734639358860195 1.0 0.4514692787177204 0.8504007123775601 0.4514692787177204
0 0.2778272484416741 0.5227070347284061 0.4897595725734639 0.5227070347284061 0.4897595725734639 0.7337488869100623 0.2778272484416741 0.7337488869100623
0 0.09706144256455923 0.6340160284951024 0.30810329474621545 0.6340160284951024 0.30810329474621545 0.8548530721282279 0.09706144256455923 0.8548530721282279
0 0.5102404274265361 0.5618878005342832 0.7195013357079252 0.5618878005342832 0.7195013357079252 0.7853962600178095 0.5102404274265361 0.7853962600178095
0 0.7284060552092609 0.653606411398041 0.9180765805877115 0.653606411398041 0.9180765805877115 0.8824577025823686 0.7284060552092609 0.8824577025823686
0 0.33214603739982196 0.7382012466607302 0.5431878895814783 0.7382012466607302 0.5431878895814783 0.9590382902938558 0.33214603739982196 0.9590382902938558
0 0.5387355298308103 0.7889581478183436 0.7631344612644703 0.7889581478183436 0.7631344612644703 0.9759572573463935 0.5387355298308103 0.9759572573463935
