12 0.5387355298308103 0.43187889581478184 0.7203918076580589 0.43187889581478184 0.7203918076580589 0.6170970614425646 0.5387355298308103 0.6170970614425646
12 0.6322350845948352 0.19412288512911846 0.7889581478183436 0.19412288512911846 0.7889581478183436 0.3659839715048976 0.6322350845948352 0.3659839715048976
12 0.49421193232413174 0.25823686553873554 0.6447016918967052 0.25823686553873554 0.6447016918967052 0.42653606411398043 0.49421193232413174 0.42653606411398043
12 0.19145146927871776 0.3196794300979519 0.4113980409617098 0.3196794300979519 0.4113980409617098 0.5182546749777381 0.19145146927871776 0.5182546749777381
12 0.08014247551202137 0.4639358860195904 0.307212822796082 0.4639358860195904 0.307212822796082 0.6740872662511129 0.08014247551202137 0.6740872662511129
12 0.23330365093499553 0.5841495992876224 0.4309884238646482 0.5841495992876224 0.4309884238646482 0.8005342831700801 0.23330365093499553 0.8005342831700801
12 0.5040071237756011 0.7070347284060552 0.6669634906500445 0.7070347284060552 0.6669634906500445 0.8833481745325024 0.5040071237756011 0.8833481745325024
12 0.6758682101513795 0.5930543187889578 0.8352626892252893 0.5930543187889578 0.8352626892252893 0.757791629563669 0.6758682101513795 0.757791629563669
12 0.7604630454140696 0.44612644701691884 0.9127337488869102 0.44612644701691884 0.9127337488869102 0.6055209260908282 0.7604630454140696 0.6055209260908282
12 0.6544968833481746 0.3517364203027605 0.8103294746215495 0.3517364203027605 0.8103294746215495 0.5111308993766697 0.6544968833481746 0.5111308993766697
12 0.77560106856634 0.25734639358860195 0.9207479964381122 0.25734639358860195 0.9207479964381122 0.40694568121104185 0.77560106856634 0.40694568121104185
12 0.45592163846838824 0.14069456812110417 0.6019590382902938 0.14069456812110417 0.6019590382902938 0.2787177203918077 0.45592163846838824 0.2787177203918077
12 0.3161175422974176 0.25378450578806766 0.47640249332146034 0.25378450578806766 0.47640249332146034 0.3971504897595726 0.3161175422974176 0.3971504897595726
12 0.41406945681211044 0.39269813000890474 0.5734639358860196 0.39269813000890474 0.5734639358860196 0.5761353517364204 0.41406945681211044 0.5761353517364204
12 0.32591273374888696 0.5387355298308103 0.49243098842386474 0.5387355298308103 0.49243098842386474 0.6936776491540515 0.32591273374888696 0.6936776491540515
