0 0.40338379341050756 0.4755120213713269 0.5583259127337489 0.4755120213713269 0.5583259127337489 0.6313446126447018 0.40338379341050756 0.6313446126447018
0 0.40338379341050756 0.6233303650934996 0.5743544078361532 0.6233303650934996 0.5743544078361532 0.7880676758682101 0.40338379341050756 0.7880676758682101
0 0.49243098842386457 0.7471059661620658 0.6821015138023152 0.7471059661620658 0.6821015138023152 0.9349955476402493 0.49243098842386457 0.9349955476402493
0 0.6384683882457702 0.5743544078361532 0.8040961709706145 0.5743544078361532 0.8040961709706145 0.7462154942119323 0.6384683882457702 0.7462154942119323
0 0.7471059661620658 0.24844167408726625 0.8824577025823686 0.24844167408726625 0.8824577025823686 0.377560106856634 0.7471059661620658 0.377560106856634
0 0.13891362422083706 0.2983081032947462 0.2804986642920749 0.2983081032947462 0.2804986642920749 0.4309884238646482 0.13891362422083706 0.4309884238646482
0 0.0026714158504007124 0.21994657168299198 0.15048975957257343 0.21994657168299198 0.15048975957257343 0.3944790739091718 0.0026714158504007124 0.3944790739091718
0 0.3882457702582369 0.2252894033837934 0.5342831700801425 0.2252894033837934 0.5342831700801425 0.35707925200356183 0.3882457702582369 0.35707925200356183
0 0.5779162956366874 0.16651825467497777 0.6981300089047197 0.16651825467497777 0.6981300089047197 0.3054318788958148 0.5779162956366874 0.3054318788958148
0 0.11308993766696349 0.5155832591273375 0.2956366874443455 0.5155832591273375 0.2956366874443455 0.6945681211041852 0.11308993766696349 0.6945681211041852
0 0.8886910062333037 0.35796972395369553 0.9982190560997329 0.35796972395369553 0.9982190560997329 0.49243098842386474 0.8886910062333037 0.49243098842386474
0 0.5752448797862867 0.3811219946571683 0.7034728406055208 0.3811219946571683 0.7034728406055208 0.5155832591273374 0.5752448797862867 0.5155832591273374
0 0.44879786286731965 0.365093499554764 0.5690115761353518 0.365093499554764 0.5690115761353518 0.4844167408726624 0.44879786286731965 0.4844167408726624
0 0.28762243989314334 0.40516473731077474 0.41406945681211044 0.40516473731077474 0.41406945681211044 0.5360641139804097 0.28762243989314334 0.5360641139804097
0 0.2956366874443455 0.5351736420302761 0.4229741763134461 0.5351736420302761 0.4229741763134461 0.680320569902048 0.2956366874443455 0.680320569902048
0 0.5351736420302761 0.4915405164737311 0.6268922528940338 0.4915405164737311 0.6268922528940338 0.614425645592164 0.5351736420302761 0.614425645592164
0 0.8236865538735529 0.699020480854853 0.9723953695458593 0.699020480854853 0.9723953695458593 0.8388245770258237 0.8236865538735529 0.8388245770258237
0 0.6651825467497773 0.7275155832591274 0.8227960819234196 0.7275155832591274 0.8227960819234196 0.8940338379341052 0.6651825467497773 0.8940338379341052
