9 0.4211932324131789 0.553873552983081 0.5983971504897596 0.553873552983081 0.5983971504897596 0.7310774710596618 0.4211932324131789 0.7310774710596618
9 0.23864648263579696 0.5084594835262689 0.4122885129118432 0.5084594835262689 0.4122885129118432 0.6509349955476401 0.23864648263579696 0.6509349955476401
9 0.2965271593944791 0.3962600178094389 0.4416740872662511 0.3962600178094389 0.4416740872662511 0.5316117542297417 0.2965271593944791 0.5316117542297417
9 0.43989314336598395 0.3873552983081033 0.5761353517364203 0.3873552983081033 0.5761353517364203 0.5093499554764024 0.43989314336598395 0.5093499554764024
9 0.4986642920747996 0.44523597506678536 0.6509349955476402 0.44523597506678536 0.6509349955476402 0.5877114870881566 0.4986642920747996 0.5877114870881566
9 0.5743544078361532 0.352626892252894 0.7123775601068566 0.352626892252894 0.7123775601068566 0.4933214603739982 0.5743544078361532 0.4933214603739982
9 0.7016918967052539 0.3606411398040962 0.8281389136242209 0.3606411398040962 0.8281389136242209 0.4719501335707925 0.7016918967052539 0.4719501335707925
9 0.6331255565449686 0.4559216384683881 0.8014247551202137 0.4559216384683881 0.8014247551202137 0.6090828138913623 0.6331255565449686 0.6090828138913623
9 0.8147818343722173 0.4897595725734639 0.9634906500445235 0.4897595725734639 0.9634906500445235 0.6402493321460375 0.8147818343722173 0.6402493321460375
9 0.7729296527159394 0.6126447016918967 0.9430097951914516 0.6126447016918967 0.9430097951914516 0.7658058771148709 0.7729296527159394 0.7658058771148709
9 0.6438112199465716 0.5868210151380232 0.7880676758682099 0.5868210151380232 0.7880676758682099 0.740872662511131 0.6438112199465716 0.740872662511131
9 0.048085485307212815 0.5805877114870882 0.24309884238646481 0.5805877114870882 0.24309884238646481 0.7488869100623331 0.048085485307212815 0.7488869100623331
9 0.22796081923419415 0.634906500445236 0.41941228851291185 0.634906500445236 0.41941228851291185 0.8130008904719501 0.22796081923419415 0.8130008904719501
9 0.032056990204808546 0.722172751558326 0.27248441674087265 0.722172751558326 0.27248441674087265 0.9465716829919857 0.032056990204808546 0.9465716829919857
9 0.3668744434550312 0.7408726625111308 0.558325912733749 0.7408726625111308 0.558325912733749 0.9091718610863758 0.3668744434550312 0.9091718610863758
9 0.5262689225289403 0.6892252894033838 0.697239536954586 0.6892252894033838 0.697239536954586 0.8726625111308993 0.5262689225289403 0.8726625111308993
9 0.6838824577025824 0.7230632235084596 0.8708815672306321 0.7230632235084596 0.8708815672306321 0.8967052537845059 0.6838824577025824 0.8967052537845059
9 0.7586821015138024 0.878005342831701 1.0000000000000002 0.878005342831701 1.0000000000000002 1.0 0.7586821015138024 1.0
