4 0.22083704363312556 0.5716829919857525 0.3864648263579697 0.5716829919857525 0.3864648263579697 0.7711487088156723 0.22083704363312556 0.7711487088156723
4 0.5859305431878896 0.5173642030276047 0.7408726625111308 0.5173642030276047 0.7408726625111308 0.6936776491540517 0.5859305431878896 0.6936776491540517
4 0.4078361531611754 0.5583259127337489 0.5449688334817454 0.5583259127337489 0.5449688334817454 0.7666963490650046 0.4078361531611754 0.7666963490650046
4 0.3766696349065004 0.4354407836153161 0.5529830810329475 0.4354407836153161 0.5529830810329475 0.5609973285841495 0.3766696349065004 0.5609973285841495
4 0.37310774710596617 0.27248441674087265 0.5627782724844168 0.27248441674087265 0.5627782724844168 0.43455031166518254 0.37310774710596617 0.43455031166518254
4 0.7622439893143366 0.3668744434550312 0.9403383793410507 0.3668744434550312 0.9403383793410507 0.5102404274265361 0.7622439893143366 0.5102404274265361
4 0.7221727515583259 0.47996438112199463 0.9385574354407836 0.47996438112199463 0.9385574354407836 0.6571682991985752 0.7221727515583259 0.6571682991985752
4 0.767586821015138 0.6518254674977739 0.9572573463935886 0.6518254674977739 0.9572573463935886 0.8103294746215495 0.767586821015138 0.8103294746215495
4 0.674087266251113 0.7079252003561888 0.806767586821015 0.7079252003561888 0.806767586821015 0.8557435440783615 0.674087266251113 0.8557435440783615
4 0.5244879786286732 0.6544968833481746 0.6821015138023154 0.6544968833481746 0.6821015138023154 0.8130008904719501 0.5244879786286732 0.8130008904719501
4 0.17275155832591274 0.35796972395369553 0.3419412288512912 0.35796972395369553 0.3419412288512912 0.5529830810329475 0.17275155832591274 0.5529830810329475
4 0.05609973285841496 0.45414069456812123 0.21727515583259127 0.45414069456812123 0.21727515583259127 0.655387355298308 0.05609973285841496 0.655387355298308
4 0.33125556544968826 0.07747105966162066 0.47016918967052534 0.07747105966162066 0.47016918967052534 0.24487978628673196 0.33125556544968826 0.24487978628673196
4 0.18432769367764915 0.1789848619768477 0.35529830810329477 0.1789848619768477 0.35529830810329477 0.35707925200356194 0.18432769367764915 0.35707925200356194
