6 0.4042742653606412 0.5057880676758683 0.5280498664292075 0.5057880676758683 0.5280498664292075 0.641139804096171 0.4042742653606412 0.641139804096171
6 0.47640249332146034 0.42831700801424755 0.5868210151380231 0.42831700801424755 0.5868210151380231 0.5583259127337489 0.47640249332146034 0.5583259127337489
6 0.3054318788958148 0.3686553873552983 0.414959928762244 0.3686553873552983 0.414959928762244 0.48797862867319686 0.3054318788958148 0.48797862867319686
6 0.4986642920747996 0.28495102404274264 0.6197684772929652 0.28495102404274264 0.6197684772929652 0.41317898486197685 0.4986642920747996 0.41317898486197685
6 0.37756010685663405 0.3027604630454141 0.49332146037399816 0.3027604630454141 0.49332146037399816 0.4220837043633126 0.37756010685663405 0.4220837043633126
6 0.20747996438112193 0.3437221727515583 0.30543187889581475 0.3437221727515583 0.30543187889581475 0.4612644701691897 0.20747996438112193 0.4612644701691897
6 0.09349955476402494 0.3472840605520927 0.21371326803205698 0.3472840605520927 0.21371326803205698 0.4746215494211933 0.09349955476402494 0.4746215494211933
6 0.10418521816562779 0.4523597506678539 0.21015138023152272 0.4523597506678539 0.21015138023152272 0.5832591273374887 0.10418521816562779 0.5832591273374887
6 0.23330365093499553 0.4835262689225289 0.3606411398040961 0.4835262689225289 0.3606411398040961 0.628673196794301 0.23330365093499553 0.628673196794301
6 0.6010685663401603 0.41941228851291185 0.7141585040071237 0.41941228851291185 0.7141585040071237 0.5298308103294747 0.6010685663401603 0.5298308103294747
6 0.691006233303651 0.4594835262689225 0.8334817453250223 0.4594835262689225 0.8334817453250223 0.5761353517364203 0.691006233303651 0.5761353517364203
6 0.6206589492430988 0.321460373998219 0.7560106856634015 0.321460373998219 0.7560106856634015 0.4354407836153159 0.6206589492430988 0.4354407836153159
6 0.7453250222617988 0.24487978628673202 0.894033837934105 0.24487978628673202 0.894033837934105 0.3882457702582369 0.7453250222617988 0.3882457702582369
6 0.6126447016918967 0.1896705253784506 0.7497773820124667 0.1896705253784506 0.7497773820124667 0.3339269813000891 0.6126447016918967 0.3339269813000891
6 0.3018699910952805 0.1531611754229742 0.4479073909171861 0.1531611754229742 0.4479073909171861 0.27515583259127335 0.3018699910952805 0.27515583259127335
6 0.1549421193232413 0.19234194122885126 0.2983081032947463 0.19234194122885126 0.2983081032947463 0.3259127337488869 0.1549421193232413 0.3259127337488869
6 0.5779162956366874 0.5939447907390917 0.709706144256456 0.5939447907390917 0.709706144256456 0.7390917186108639 0.5779162956366874 0.7390917186108639
6 0.383793410507569 0.6170970614425644 0.5209260908281388 0.6170970614425644 0.5209260908281388 0.7649154051647373 0.383793410507569 0.7649154051647373
6 0.26625111308993765 0.6420302760463046 0.38557435440783616 0.6420302760463046 0.38557435440783616 0.765805877114871 0.26625111308993765 0.765805877114871
6 0.15405164737310775 0.6126447016918967 0.27604630454140694 0.6126447016918967 0.27604630454140694 0.7435440783615317 0.15405164737310775 0.7435440783615317
6 0.8530721282279609 0.5494211932324132 0.9732858414959928 0.5494211932324132 0.9732858414959928 0.6749777382012467 0.8530721282279609 0.6749777382012467
6 0.7853962600178095 0.6357969723953695 0.9349955476402494 0.6357969723953695 0.9349955476402494 0.7684772929652716 0.7853962600178095 0.7684772929652716
6 0.7195013357079252 0.566340160284951 0.8388245770258237 0.566340160284951 0.8388245770258237 0.7016918967052538 0.7195013357079252 0.7016918967052538
6 0.5235975066785397 0.7577916295636687 0.6607301869991096 0.7577916295636687 0.6607301869991096 0.8735529830810328 0.5235975066785397 0.8735529830810328
6 0.659839715048976 0.7773820124666073 0.7613535173642031 0.7773820124666073 0.7613535173642031 0.8869100623330366 0.659839715048976 0.8869100623330366
6 0.6295636687444346 0.6731967943009795 0.747105966162066 0.6731967943009795 0.747105966162066 0.7880676758682101 0.6295636687444346 0.7880676758682101
6 0.4657168299198574 0.23864648263579705 0.5716829919857523 0.23864648263579705 0.5716829919857523 0.3339269813000891 0.4657168299198574 0.3339269813000891
