0 0.33659839715048984 0.5645592163846839 0.5262689225289403 0.5645592163846839 0.5262689225289403 0.7702582368655387 0.33659839715048984 0.7702582368655387
0 0.5022261798753339 0.44523597506678536 0.6856634016028494 0.44523597506678536 0.6856634016028494 0.6402493321460373 0.5022261798753339 0.6402493321460373
0 0.709706144256456 0.42653606411398043 0.9154051647373109 0.42653606411398043 0.9154051647373109 0.641139804096171 0.709706144256456 0.641139804096171
0 0.8210151380231523 0.6081923419412288 1.0 0.6081923419412288 1.0 0.8085485307212822 0.8210151380231523 0.8085485307212822
0 0.6268922528940338 0.628673196794301 0.82546749777382 0.628673196794301 0.82546749777382 0.831700801424755 0.6268922528940338 0.831700801424755
0 0.4870881567230632 0.23686553873552982 0.6829919857524488 0.23686553873552982 0.6829919857524488 0.4514692787177203 0.4870881567230632 0.4514692787177203
0 0.26179875333926983 0.14514692787177205 0.5040071237756011 0.14514692787177205 0.5040071237756011 0.375779162956367 0.26179875333926983 0.375779162956367
0 0.08281389136242208 0.5467497773820125 0.32591273374888685 0.5467497773820125 0.32591273374888685 0.7711487088156725 0.08281389136242208 0.7711487088156725
0 0.13268032056990206 0.7560106856634015 0.377560106856634 0.7560106856634015 0.377560106856634 0.9821905609973284 0.13268032056990206 0.9821905609973284
0 0.3998219056099732 0.7390917186108639 0.6126447016918968 0.7390917186108639 0.6126447016918968 0.9608192341941229 0.3998219056099732 0.9608192341941229
0 0.06322350845948353 0.28762243989314334 0.3045414069456812 0.28762243989314334 0.3045414069456812 0.5120213713268034 0.06322350845948353 0.5120213713268034
