0 0.15761353517364202 0.23686553873552982 0.3766696349065005 0.23686553873552982 0.3766696349065005 0.4238646482635797 0.15761353517364202 0.4238646482635797
0 0.41406945681211044 0.21193232413178986 0.6233303650934997 0.21193232413178986 0.6233303650934997 0.40872662511130897 0.41406945681211044 0.40872662511130897
0 0.6081923419412288 0.3089937666963491 0.7764915405164736 0.3089937666963491 0.7764915405164736 0.46660730186999116 0.6081923419412288 0.46660730186999116
0 0.6901157613535173 0.1798753339269813 0.8530721282279609 0.1798753339269813 0.8530721282279609 0.31789848619768474 0.6901157613535173 0.31789848619768474
0 0.3392698130008905 0.3704363312555655 0.5556544968833482 0.3704363312555655 0.5556544968833482 0.5654496883348175 0.3392698130008905 0.5654496883348175
0 0.723953695458593 0.4915405164737311 0.9456812110418523 0.4915405164737311 0.9456812110418523 0.7230632235084596 0.723953695458593 0.7230632235084596
0 0.5298308103294747 0.4657168299198575 0.7079252003561888 0.4657168299198575 0.7079252003561888 0.6927871772039181 0.5298308103294747 0.6927871772039181
0 0.3161175422974176 0.5609973285841496 0.5307212822796082 0.5609973285841496 0.5307212822796082 0.7827248441674086 0.3161175422974176 0.7827248441674086
0 0.1371326803205699 0.5832591273374889 0.3250222617987533 0.5832591273374889 0.3250222617987533 0.7399821905609972 0.1371326803205699 0.7399821905609972
0 0.0 0.6473731077471059 0.17898486197684776 0.6473731077471059 0.17898486197684776 0.8352626892252893 0.0 0.8352626892252893
0 0.005342831700801425 0.4479073909171861 0.20837043633125557 0.4479073909171861 0.20837043633125557 0.6375779162956366 0.005342831700801425 0.6375779162956366
0 0.3686553873552983 0.839715048975957 0.5966162065894923 0.839715048975957 0.5966162065894923 0.9999999999999997 0.3686553873552983 0.9999999999999997
0 0.8076580587711487 0.6669634906500446 0.9982190560997329 0.6669634906500446 0.9982190560997329 0.9643811219946572 0.8076580587711487 0.9643811219946572
0 0.3615316117542298 0.034728406055209264 0.5556544968833482 0.034728406055209264 0.5556544968833482 0.24131789848619772 0.3615316117542298 0.24131789848619772
0 0.6357969723953696 0.04452359750667854 0.7898486197684774 0.04452359750667854 0.7898486197684774 0.18699910952804988 0.6357969723953696 0.18699910952804988
0 0.7346393588601959 0.2929652715939448 0.9287622439893142 0.2929652715939448 0.9287622439893142 0.4933214603739983 0.7346393588601959 0.4933214603739983
0 0.5066785396260017 0.6625111308993766 0.6963490650044524 0.6625111308993766 0.6963490650044524 0.8406055209260909 0.5066785396260017 0.8406055209260909
