12 0.5618878005342832 0.7542297417631346 0.7417631344612645 0.7542297417631346 0.7417631344612645 0.9305431878895815 0.5618878005342832 0.9305431878895815
12 0.41317898486197685 0.7195013357079251 0.5752448797862868 0.7195013357079251 0.5752448797862868 0.8762243989314334 0.41317898486197685 0.8762243989314334
12 0.19412288512911846 0.6669634906500446 0.37845057880676763 0.6669634906500446 0.37845057880676763 0.8459483526268922 0.19412288512911846 0.8459483526268922
12 0.13802315227070347 0.4808548530721282 0.3241317898486198 0.4808548530721282 0.3241317898486198 0.6705253784505787 0.13802315227070347 0.6705253784505787
12 0.08904719501335707 0.3365983971504897 0.2671415850400713 0.3365983971504897 0.2671415850400713 0.5111308993766697 0.08904719501335707 0.5111308993766697
12 0.0008904719501335708 0.19056099732858414 0.16740872662511128 0.19056099732858414 0.16740872662511128 0.36509349955476406 0.0008904719501335708 0.36509349955476406
12 0.23953695458593058 0.1246660730186999 0.4185218165627783 0.1246660730186999 0.4185218165627783 0.28138913624220835 0.23953695458593058 0.28138913624220835
12 0.37488869100623323 0.004452359750667854 0.5503116651825467 0.004452359750667854 0.5503116651825467 0.176313446126447 0.37488869100623323 0.176313446126447
12 0.5494211932324132 0.06678539626001781 0.7292965271593945 0.06678539626001781 0.7292965271593945 0.25823686553873554 0.5494211932324132 0.25823686553873554
12 0.683882457702582 0.0 0.8566340160284949 0.0 0.8566340160284949 0.16562778272484419 0.683882457702582 0.16562778272484419
12 0.840605520926091 0.04363312555654495 0.9999999999999996 0.04363312555654495 0.9999999999999996 0.20480854853072109 0.840605520926091 0.20480854853072109
12 0.43098842386464825 0.1798753339269813 0.5948352626892254 0.1798753339269813 0.5948352626892254 0.33570792520035625 0.43098842386464825 0.33570792520035625
12 0.29741763134461263 0.26892252894033836 0.4603739982190561 0.26892252894033836 0.4603739982190561 0.41941228851291185 0.29741763134461263 0.41941228851291185
12 0.578806767586821 0.3811219946571683 0.7399821905609972 0.3811219946571683 0.7399821905609972 0.5565449688334817 0.578806767586821 0.5565449688334817
12 0.4105075690115757 0.3757791629563668 0.5850400712377559 0.3757791629563668 0.5850400712377559 0.5431878895814779 0.4105075690115757 0.5431878895814779
12 0.6785396260017813 0.2715939447907387 0.8646482635796972 0.2715939447907387 0.8646482635796972 0.4372217275155828 0.6785396260017813 0.4372217275155828
12 0.6562778272484415 0.4977738201246655 0.8504007123775602 0.4977738201246655 0.8504007123775602 0.6847729296527159 0.6562778272484415 0.6847729296527159
12 0.7898486197684772 0.383793410507569 0.9839715048975957 0.383793410507569 0.9839715048975957 0.5547640249332145 0.7898486197684772 0.5547640249332145
12 0.4568121104185219 0.5369545859305432 0.6509349955476403 0.5369545859305432 0.6509349955476403 0.7043633125556545 0.4568121104185219 0.7043633125556545
12 0.7159394479073914 0.6491540516473728 0.9073909171861085 0.6491540516473728 0.9073909171861085 0.81300089047195 0.7159394479073914 0.81300089047195
12 0.871772039180766 0.20480854853072128 1.0 0.20480854853072128 1.0 0.3535173642030276 0.871772039180766 0.3535173642030276
