0 0.1433659839715049 0.05253784505788068 0.5155832591273375 0.05253784505788068 0.5155832591273375 0.3802315227070348 0.1433659839715049 0.3802315227070348
0 0.032056990204808546 0.3428317008014248 0.39447907390917175 0.3428317008014248 0.39447907390917175 0.6464826357969724 0.032056990204808546 0.6464826357969724
0 0.005342831700801425 0.03829029385574354 0.22083704363312556 0.03829029385574354 0.22083704363312556 0.3196794300979519 0.005342831700801425 0.3196794300979519
0 0.5316117542297417 0.3268032056990206 0.7943009795191451 0.3268032056990206 0.7943009795191451 0.5930543187889582 0.5316117542297417 0.5930543187889582
0 0.45770258236865546 0.048085485307212815 0.7186108637577917 0.048085485307212815 0.7186108637577917 0.3428317008014248 0.45770258236865546 0.3428317008014248
0 0.4113980409617098 0.5360641139804097 0.6420302760463047 0.5360641139804097 0.6420302760463047 0.7871772039180768 0.4113980409617098 0.7871772039180768
0 0.188780053428317 0.5529830810329475 0.39002671415850393 0.5529830810329475 0.39002671415850393 0.7462154942119323 0.188780053428317 0.7462154942119323
0 0.659839715048976 0.5707925200356189 0.8771148708815674 0.5707925200356189 0.8771148708815674 0.8112199465716831 0.659839715048976 0.8112199465716831
0 0.4674977738201248 0.7889581478183433 0.723063223508459 0.7889581478183433 0.723063223508459 0.9999999999999997 0.4674977738201248 0.9999999999999997
0 0.7622439893143366 0.1620658949243099 0.9973285841495992 0.1620658949243099 0.9973285841495992 0.47373107747105964 0.7622439893143366 0.47373107747105964
