0 0.5244879786286732 0.3419412288512912 0.6001780943900267 0.3419412288512912 0.6001780943900267 0.42297417631344614 0.5244879786286732 0.42297417631344614
0 0.3134461264470169 0.23953695458593058 0.42297417631344614 0.23953695458593058 0.42297417631344614 0.32947462154942125 0.3134461264470169 0.32947462154942125
0 0.5155832591273375 0.807658058771149 0.6251113089937669 0.807658058771149 0.6251113089937669 0.9109528049866431 0.5155832591273375 0.9109528049866431
0 0.3419412288512912 0.8771148708815673 0.4434550311665182 0.8771148708815673 0.4434550311665182 0.9821905609973285 0.3419412288512912 0.9821905609973285
0 0.4007123775601069 0.22261798753339268 0.47640249332146045 0.22261798753339268 0.47640249332146045 0.3072128227960819 0.4007123775601069 0.3072128227960819
0 0.28138913624220835 0.6714158504007124 0.3882457702582369 0.6714158504007124 0.3882457702582369 0.7773820124666073 0.28138913624220835 0.7773820124666073
0 0.4007123775601069 0.7764915405164738 0.4888691006233304 0.7764915405164738 0.4888691006233304 0.867319679430098 0.4007123775601069 0.867319679430098
0 0.4870881567230632 0.723953695458593 0.5681211041852182 0.723953695458593 0.5681211041852182 0.8076580587711487 0.4870881567230632 0.8076580587711487
0 0.7168299198575245 0.9082813891362425 0.8281389136242209 0.9082813891362425 0.8281389136242209 1.0000000000000002 0.7168299198575245 1.0000000000000002
0 0.6616206589492432 0.8201246660730187 0.7702582368655387 0.8201246660730187 0.7702582368655387 0.9394479073909171 0.6616206589492432 0.9394479073909171
0 0.5868210151380232 0.7382012466607301 0.6856634016028496 0.7382012466607301 0.6856634016028496 0.8414959928762243 0.5868210151380232 0.8414959928762243
0 0.4416740872662511 0.38557435440783616 0.5618878005342832 0.38557435440783616 0.5618878005342832 0.47195013357079263 0.4416740872662511 0.47195013357079263
0 0.2306322350845948 0.39180765805877116 0.3321460373998219 0.39180765805877116 0.3321460373998219 0.4550311665182547 0.2306322350845948 0.4550311665182547
0 0.3178984861976848 0.3303650934995548 0.4060552092609083 0.3303650934995548 0.4060552092609083 0.4122885129118432 0.3178984861976848 0.4122885129118432
0 0.4746215494211931 0.2769367764915405 0.5494211932324131 0.2769367764915405 0.5494211932324131 0.36420302760463047 0.4746215494211931 0.36420302760463047
0 0.6277827248441674 0.3615316117542298 0.7105966162065895 0.3615316117542298 0.7105966162065895 0.44612644701691895 0.6277827248441674 0.44612644701691895
