9 0.8530721282279609 0.7079252003561888 0.9910952804986644 0.7079252003561888 0.9910952804986644 0.8423864648263578 0.8530721282279609 0.8423864648263578
9 0.6642920747996438 0.674087266251113 0.77560106856634 0.674087266251113 0.77560106856634 0.7702582368655387 0.6642920747996438 0.7702582368655387
9 0.7141585040071238 0.5422974176313446 0.821905609973286 0.5422974176313446 0.821905609973286 0.6357969723953696 0.7141585040071238 0.6357969723953696
9 0.5707925200356189 0.45592163846838824 0.6936776491540516 0.45592163846838824 0.6936776491540516 0.5485307212822796 0.5707925200356189 0.5485307212822796
9 0.340160284951024 0.5565449688334817 0.46660730186999105 0.5565449688334817 0.46660730186999105 0.6642920747996438 0.340160284951024 0.6642920747996438
9 0.20124666073018696 0.5805877114870882 0.3312555654496883 0.5805877114870882 0.3312555654496883 0.6874443455031167 0.20124666073018696 0.6874443455031167
9 0.8495102404274263 0.45770258236865546 0.9305431878895813 0.45770258236865546 0.9305431878895813 0.5405164737310776 0.8495102404274263 0.5405164737310776
9 0.6954585930543188 0.37132680320569894 0.8005342831700801 0.37132680320569894 0.8005342831700801 0.46393588601959035 0.6954585930543188 0.46393588601959035
9 0.4220837043633125 0.6580587711487087 0.5262689225289403 0.6580587711487087 0.5262689225289403 0.7471059661620657 0.4220837043633125 0.7471059661620657
9 0.24844167408726625 0.4906500445235975 0.33392698130008897 0.4906500445235975 0.33392698130008897 0.5690115761353517 0.24844167408726625 0.5690115761353517
9 0.27248441674087265 0.41495992876224397 0.3615316117542297 0.41495992876224397 0.3615316117542297 0.5048975957257346 0.27248441674087265 0.5048975957257346
9 0.48619768477292963 0.38913624220837045 0.5966162065894923 0.38913624220837045 0.5966162065894923 0.47996438112199474 0.48619768477292963 0.47996438112199474
