0 0.2235084594835263 0.5173642030276047 0.5227070347284061 0.5173642030276047 0.5227070347284061 0.809439002671416 0.2235084594835263 0.809439002671416
0 0.3935886019590383 0.7355298308103295 0.6669634906500446 0.7355298308103295 0.6669634906500446 0.9910952804986644 0.3935886019590383 0.9910952804986644
0 0.22261798753339268 0.0 0.4300979519145146 0.0 0.4300979519145146 0.1540516473731078 0.22261798753339268 0.1540516473731078
0 0.6001780943900267 0.031166518254674976 0.7978628673196795 0.031166518254674976 0.7978628673196795 0.24755120213713266 0.6001780943900267 0.24755120213713266
0 0.7471059661620658 0.24398931433659843 0.9412288512911843 0.24398931433659843 0.9412288512911843 0.4470169189670526 0.7471059661620658 0.4470169189670526
0 0.8130008904719501 0.05699020480854853 1.0 0.05699020480854853 1.0 0.2653606411398041 0.8130008904719501 0.2653606411398041
0 0.8797862867319676 0.38201246660730215 0.9999999999999987 0.38201246660730215 0.9999999999999987 0.6046304541406946 0.8797862867319676 0.6046304541406946
0 0.07747105966162066 0.2902938557435441 0.33570792520035614 0.2902938557435441 0.33570792520035614 0.5396260017809439 0.07747105966162066 0.5396260017809439
0 0.44345503116651813 0.33570792520035625 0.6874443455031165 0.33570792520035625 0.6874443455031165 0.6019590382902938 0.44345503116651813 0.6019590382902938
0 0.6295636687444346 0.5592163846838825 0.8815672306322351 0.5592163846838825 0.8815672306322351 0.8352626892252893 0.6295636687444346 0.8352626892252893
0 6.661338147750939e-18 0.7871772039180766 0.27337488869100623 0.7871772039180766 0.27337488869100623 1.0 6.661338147750939e-18 1.0
0 0.27604630454140694 0.889581478183437 0.3161175422974177 0.889581478183437 0.3161175422974177 0.9011576135351735 0.27604630454140694 0.9011576135351735
