0 0.5093499554764025 0.3802315227070347 0.6678539626001782 0.3802315227070347 0.6678539626001782 0.5485307212822796 0.5093499554764025 0.5485307212822796
0 0.7310774710596616 0.3134461264470169 0.8512911843276938 0.3134461264470169 0.8512911843276938 0.44879786286731965 0.7310774710596616 0.44879786286731965
0 0.8593054318788959 0.5227070347284061 1.0 0.5227070347284061 1.0 0.6874443455031167 0.8593054318788959 0.6874443455031167
0 0.48530721282279604 0.5218165627782725 0.6268922528940337 0.5218165627782725 0.6268922528940337 0.6821015138023152 0.48530721282279604 0.6821015138023152
0 0.10685663401602849 0.365093499554764 0.26090828138913624 0.365093499554764 0.26090828138913624 0.5031166518254674 0.10685663401602849 0.5031166518254674
0 0.07034728406055209 0.5966162065894924 0.23864648263579696 0.5966162065894924 0.23864648263579696 0.7399821905609972 0.07034728406055209 0.7399821905609972
0 0.13624220837043632 0.7230632235084596 0.2742653606411398 0.7230632235084596 0.2742653606411398 0.8628673196794304 0.13624220837043632 0.8628673196794304
0 0.2707034728406056 0.6749777382012466 0.4283170080142476 0.6749777382012466 0.4283170080142476 0.8236865538735529 0.2707034728406056 0.8236865538735529
0 0.5102404274265361 0.7079252003561884 0.6856634016028494 0.7079252003561884 0.6856634016028494 0.8735529830810328 0.5102404274265361 0.8735529830810328
0 0.723953695458593 0.686553873552983 0.9029385574354408 0.686553873552983 0.9029385574354408 0.8628673196794299 0.723953695458593 0.8628673196794299
0 0.3365983971504897 0.3321460373998219 0.4942119323241317 0.3321460373998219 0.4942119323241317 0.47907390917186116 0.3365983971504897 0.47907390917186116
0 0.3303650934995548 0.1371326803205699 0.4683882457702582 0.1371326803205699 0.4683882457702582 0.2528940338379342 0.3303650934995548 0.2528940338379342
0 0.17809439002671415 0.17720391807658062 0.3455031166518254 0.17720391807658062 0.3455031166518254 0.34550311665182554 0.17809439002671415 0.34550311665182554
0 0.5271593944790739 0.0854853072128228 0.6224398931433661 0.0854853072128228 0.6224398931433661 0.18967052537845058 0.5271593944790739 0.18967052537845058
0 0.6927871772039179 0.09082813891362422 0.7987533392698128 0.09082813891362422 0.7987533392698128 0.19056099732858414 0.6927871772039179 0.19056099732858414
0 0.5431878895814782 0.2306322350845948 0.6785396260017811 0.2306322350845948 0.6785396260017811 0.35084594835262684 0.5431878895814782 0.35084594835262684
0 0.5022261798753339 0.3223508459483526 0.6447016918967052 0.3223508459483526 0.6447016918967052 0.4372217275155833 0.5022261798753339 0.4372217275155833
0 0.4292074799643812 0.26179875333926983 0.5422974176313446 0.26179875333926983 0.5422974176313446 0.37132680320569894 0.4292074799643812 0.37132680320569894
0 0.27248441674087265 0.5707925200356189 0.3909171861086376 0.5707925200356189 0.3909171861086376 0.6794300979519146 0.27248441674087265 0.6794300979519146
0 0.27337488869100623 0.42030276046304543 0.4096170970614425 0.42030276046304543 0.4096170970614425 0.5556544968833482 0.27337488869100623 0.5556544968833482
0 0.08459483526268922 0.4888691006233304 0.2377560106856634 0.4888691006233304 0.2377560106856634 0.6188780053428317 0.08459483526268922 0.6188780053428317
0 0.39091718610863757 0.7088156723063223 0.5378450578806767 0.7088156723063223 0.5378450578806767 0.8708815672306321 0.39091718610863757 0.8708815672306321
0 0.4158504007123776 0.8922528940338377 0.5841495992876224 0.8922528940338377 0.5841495992876224 0.989314336598397 0.4158504007123776 0.989314336598397
0 0.018699910952804988 0.8406055209260909 0.1878895814781835 0.8406055209260909 0.1878895814781835 0.9902048085485308 0.018699910952804988 0.9902048085485308
0 0.5939447907390917 0.906500445235975 0.7524487978628671 0.906500445235975 0.7524487978628671 1.0 0.5939447907390917 1.0
0 0.767586821015138 0.8174532502226179 0.95013357079252 0.8174532502226179 0.95013357079252 0.9706144256455921 0.767586821015138 0.9706144256455921
0 0.609973285841496 0.5040071237756011 0.7560106856634017 0.5040071237756011 0.7560106856634017 0.6473731077471059 0.609973285841496 0.6473731077471059
0 0.7310774710596617 0.5485307212822796 0.8771148708815674 0.5485307212822796 0.8771148708815674 0.7052537845057882 0.7310774710596617 0.7052537845057882
0 0.8254674977738202 0.40694568121104185 0.9723953695458595 0.40694568121104185 0.9723953695458595 0.5467497773820125 0.8254674977738202 0.5467497773820125
0 0.6518254674977739 0.40516473731077474 0.8040961709706145 0.40516473731077474 0.8040961709706145 0.5351736420302761 0.6518254674977739 0.5351736420302761
0 0.6749777382012466 0.24131789848619772 0.8040961709706144 0.24131789848619772 0.8040961709706144 0.3552983081032948 0.6749777382012466 0.3552983081032948
0 0.04007123775601069 0.365093499554764 0.163846838824577 0.365093499554764 0.163846838824577 0.4755120213713268 0.04007123775601069 0.4755120213713268
