0 0.603739982190561 0.3829029385574355 0.7533392698130008 0.3829029385574355 0.7533392698130008 0.5405164737310776 0.603739982190561 0.5405164737310776
0 0.8138913624220838 0.6019590382902938 1.0 0.6019590382902938 1.0 0.8040961709706145 0.8138913624220838 0.8040961709706145
0 0.6625111308993766 0.7328584149599287 0.8637577916295637 0.7328584149599287 0.8637577916295637 0.9341050756901157 0.6625111308993766 0.9341050756901157
0 0.20124666073018696 0.5093499554764025 0.358860195903829 0.5093499554764025 0.358860195903829 0.6758682101513801 0.20124666073018696 0.6758682101513801
0 0.1878895814781835 0.377560106856634 0.3321460373998219 0.377560106856634 0.3321460373998219 0.5155832591273375 0.1878895814781835 0.5155832591273375
0 0.38201246660730187 0.6233303650934996 0.5351736420302761 0.6233303650934996 0.5351736420302761 0.7907390917186109 0.38201246660730187 0.7907390917186109
0 0.3045414069456812 0.23597506678539626 0.4256455921638469 0.23597506678539626 0.4256455921638469 0.36776491540516476 0.3045414069456812 0.36776491540516476
0 0.3704363312555655 0.16295636687444348 0.47373107747105964 0.16295636687444348 0.47373107747105964 0.2787177203918077 0.3704363312555655 0.2787177203918077
0 0.44879786286731965 0.12555654496883348 0.5414069456812112 0.12555654496883348 0.5414069456812112 0.25200356188780054 0.44879786286731965 0.25200356188780054
0 0.5618878005342832 0.2056990204808549 0.6749777382012467 0.2056990204808549 0.6749777382012467 0.3232413178984862 0.5618878005342832 0.3232413178984862
0 0.5307212822796082 0.3624220837043633 0.6375779162956368 0.3624220837043633 0.6375779162956368 0.47284060552092616 0.5307212822796082 0.47284060552092616
0 0.5351736420302761 0.5547640249332146 0.6731967943009793 0.5547640249332146 0.6731967943009793 0.7079252003561889 0.5351736420302761 0.7079252003561889
0 0.4390026714158505 0.5387355298308103 0.5422974176313446 0.5387355298308103 0.5422974176313446 0.6331255565449688 0.4390026714158505 0.6331255565449688
0 0.333926981300089 0.41495992876224386 0.47016918967052534 0.41495992876224386 0.47016918967052534 0.5601068566340159 0.333926981300089 0.5601068566340159
0 0.7747105966162066 0.3829029385574355 0.9073909171861085 0.3829029385574355 0.9073909171861085 0.5316117542297418 0.7747105966162066 0.5316117542297418
