0 0.3374888691006233 0.25556544968833483 0.45681211041852177 0.25556544968833483 0.45681211041852177 0.3766696349065005 0.3374888691006233 0.3766696349065005
0 0.6634016028495102 0.3428317008014248 0.7711487088156722 0.3428317008014248 0.7711487088156722 0.46660730186999116 0.6634016028495102 0.46660730186999116
0 0.6562778272484416 0.5342831700801425 0.7853962600178095 0.5342831700801425 0.7853962600178095 0.6901157613535174 0.6562778272484416 0.6901157613535174
0 0.4327693677649154 0.43187889581478184 0.5841495992876224 0.43187889581478184 0.5841495992876224 0.5565449688334817 0.4327693677649154 0.5565449688334817
0 0.0 0.7203918076580588 0.16562778272484416 0.7203918076580588 0.16562778272484416 0.9118432769367765 0.0 0.9118432769367765
0 0.41852181656277826 0.8450578806767588 0.6295636687444346 0.8450578806767588 0.6295636687444346 1.0000000000000002 0.41852181656277826 1.0000000000000002
0 0.05520926090828139 0.42475512021371314 0.19145146927871776 0.42475512021371314 0.19145146927871776 0.5805877114870881 0.05520926090828139 0.5805877114870881
0 0.36064113980409623 0.6509349955476402 0.5040071237756011 0.6509349955476402 0.5040071237756011 0.7773820124666072 0.36064113980409623 0.7773820124666072
0 0.23508459483526273 0.7257346393588603 0.3909171861086376 0.7257346393588603 0.3909171861086376 0.8931433659839716 0.23508459483526273 0.8931433659839716
0 0.560106856634016 0.2858414959928762 0.6642920747996438 0.2858414959928762 0.6642920747996438 0.4060552092609082 0.560106856634016 0.4060552092609082
0 0.5556544968833482 0.13000890471950133 0.6669634906500447 0.13000890471950133 0.6669634906500447 0.23597506678539623 0.5556544968833482 0.23597506678539623
0 0.7978628673196795 0.7435440783615317 0.93766696349065 0.7435440783615317 0.93766696349065 0.8913624220837043 0.7978628673196795 0.8913624220837043
