0 0.23686553873552982 0.25734639358860195 0.4042742653606412 0.25734639358860195 0.4042742653606412 0.4300979519145147 0.23686553873552982 0.4300979519145147
0 0.5503116651825467 0.33303650934995555 0.6963490650044524 0.33303650934995555 0.6963490650044524 0.47818343722172757 0.5503116651825467 0.47818343722172757
0 0.27604630454140694 0.44167408726625096 0.4176313446126447 0.44167408726625096 0.4176313446126447 0.6037399821905609 0.27604630454140694 0.6037399821905609
0 0.40872662511130897 0.4968833481745324 0.5752448797862867 0.4968833481745324 0.5752448797862867 0.6705253784505786 0.40872662511130897 0.6705253784505786
0 0.7221727515583259 0.678539626001781 0.9189670525378452 0.678539626001781 0.9189670525378452 0.879786286731968 0.7221727515583259 0.879786286731968
0 0.6767586821015138 0.40516473731077474 0.8272484416740871 0.40516473731077474 0.8272484416740871 0.5583259127337489 0.6767586821015138 0.5583259127337489
0 0.8593054318788957 0.25556544968833483 0.9732858414959928 0.25556544968833483 0.9732858414959928 0.390026714158504 0.8593054318788957 0.390026714158504
0 0.48441674087266245 0.10507569011576136 0.6500445235975065 0.10507569011576136 0.6500445235975065 0.24220837043633123 0.48441674087266245 0.24220837043633123
0 0.08103294746215484 0.7310774710596621 0.3196794300979519 0.7310774710596621 0.3196794300979519 0.944790739091719 0.08103294746215484 0.944790739091719
0 0.05609973285841496 0.36776491540516476 0.2146037399821906 0.36776491540516476 0.2146037399821906 0.5271593944790739 0.05609973285841496 0.5271593944790739
0 0.7319679430097952 0.17186108637577915 0.867319679430098 0.17186108637577915 0.867319679430098 0.3508459483526269 0.7319679430097952 0.3508459483526269
0 0.45592163846838824 0.6357969723953694 0.6224398931433659 0.6357969723953694 0.6224398931433659 0.8281389136242209 0.45592163846838824 0.8281389136242209
