0 0.3107747105966162 0.5770258236865539 0.5102404274265361 0.5770258236865539 0.5102404274265361 0.7301869991095281 0.3107747105966162 0.7301869991095281
0 0.3383793410507569 0.7319679430097952 0.5262689225289403 0.7319679430097952 0.5262689225289403 0.884238646482636 0.3383793410507569 0.884238646482636
0 0.6767586821015137 0.769367764915405 0.8521816562778272 0.769367764915405 0.8521816562778272 0.9367764915405165 0.6767586821015137 0.9367764915405165
0 0.15761353517364202 0.5814781834372217 0.3455031166518255 0.5814781834372217 0.3455031166518255 0.7604630454140694 0.15761353517364202 0.7604630454140694
0 0.14870881567230632 0.7622439893143366 0.35529830810329477 0.7622439893143366 0.35529830810329477 0.9563668744434549 0.14870881567230632 0.9563668744434549
0 0.7515583259127336 0.8797862867319679 0.918967052537845 0.8797862867319679 0.918967052537845 0.9999999999999999 0.7515583259127336 0.9999999999999999
0 0.5734639358860196 0.7373107747105966 0.7275155832591275 0.7373107747105966 0.7275155832591275 0.8922528940338379 0.5734639358860196 0.8922528940338379
0 0.5360641139804097 0.5948352626892253 0.6821015138023153 0.5948352626892253 0.6821015138023153 0.7346393588601958 0.5360641139804097 0.7346393588601958
0 0.6366874443455031 0.4951024042742654 0.7898486197684772 0.4951024042742654 0.7898486197684772 0.6500445235975066 0.6366874443455031 0.6500445235975066
0 0.8548530721282279 0.42475512021371314 0.9893143365983971 0.42475512021371314 0.9893143365983971 0.5725734639358859 0.8548530721282279 0.5725734639358859
0 0.861086375779163 0.6731967943009795 0.9964381121994658 0.6731967943009795 0.9964381121994658 0.8281389136242209 0.861086375779163 0.8281389136242209
0 0.19412288512911846 0.3268032056990205 0.3704363312555655 0.3268032056990205 0.3704363312555655 0.4683882457702582 0.19412288512911846 0.4683882457702582
0 0.327693677649154 0.41674087266251114 0.5022261798753339 0.41674087266251114 0.5022261798753339 0.583259127337489 0.327693677649154 0.583259127337489
0 0.4568121104185219 0.48441674087266245 0.6028495102404274 0.48441674087266245 0.6028495102404274 0.6331255565449687 0.4568121104185219 0.6331255565449687
0 0.21727515583259127 0.170080142475512 0.3980409617097062 0.170080142475512 0.3980409617097062 0.321460373998219 0.21727515583259127 0.321460373998219
0 0.2163846838824577 0.039180765805877114 0.40694568121104185 0.039180765805877114 0.40694568121104185 0.1861086375779163 0.2163846838824577 0.1861086375779163
0 0.5957257346393589 2.636779683484747e-18 0.7551202137132681 2.636779683484747e-18 0.7551202137132681 0.12377560106856635 0.5957257346393589 0.12377560106856635
0 0.4024933214603739 0.04452359750667854 0.5636687444345502 0.04452359750667854 0.5636687444345502 0.18076580587711488 0.4024933214603739 0.18076580587711488
0 0.4746215494211931 0.2146037399821906 0.6375779162956365 0.2146037399821906 0.6375779162956365 0.3757791629563669 0.4746215494211931 0.3757791629563669
0 0.5556544968833482 0.4069456812110419 0.6954585930543188 0.4069456812110419 0.6954585930543188 0.5369545859305432 0.5556544968833482 0.5369545859305432
0 0.755120213713268 0.2840605520926091 0.93766696349065 0.2840605520926091 0.93766696349065 0.46215494211932334 0.755120213713268 0.46215494211932334
