0 0.16651825467497777 0.039180765805877114 0.33036509349955484 0.039180765805877114 0.33036509349955484 0.1896705253784506 0.16651825467497777 0.1896705253784506
0 0.32502226179875326 0.10596616206589493 0.4861976847729296 0.10596616206589493 0.4861976847729296 0.27337488869100623 0.32502226179875326 0.27337488869100623
0 0.5752448797862867 0.0917186108637578 0.7417631344612645 0.0917186108637578 0.7417631344612645 0.25645592163846836 0.5752448797862867 0.25645592163846836
0 0.7292965271593945 0.24577025823686555 0.8851291184327693 0.24577025823686555 0.8851291184327693 0.39893143365983974 0.7292965271593945 0.39893143365983974
0 0.5004452359750667 0.40160284951024044 0.6562778272484417 0.40160284951024044 0.6562778272484417 0.5512021371326803 0.5004452359750667 0.5512021371326803
0 0.20926090828138913 0.7569011576135353 0.4532502226179876 0.7569011576135353 0.4532502226179876 0.9928762243989316 0.20926090828138913 0.9928762243989316
0 0.7195013357079252 0.717720391807658 0.8958147818343722 0.717720391807658 0.8958147818343722 0.9082813891362422 0.7195013357079252 0.9082813891362422
0 0.861086375779163 0.6331255565449688 1.0 0.6331255565449688 1.0 0.8388245770258237 0.861086375779163 0.8388245770258237
0 0.12110418521816561 0.2163846838824577 0.29919857524487975 0.2163846838824577 0.29919857524487975 0.3882457702582368 0.12110418521816561 0.3882457702582368
0 0.3704363312555655 0.3428317008014248 0.5227070347284062 0.3428317008014248 0.5227070347284062 0.5013357079252003 0.3704363312555655 0.5013357079252003
