9 0.47195013357079235 0.47195013357079263 0.641139804096171 0.47195013357079263 0.641139804096171 0.6188780053428318 0.47195013357079235 0.6188780053428318
9 0.7524487978628673 0.45592163846838824 0.9073909171861088 0.45592163846838824 0.9073909171861088 0.6028495102404273 0.7524487978628673 0.6028495102404273
9 0.5431878895814782 0.3000890471950133 0.6829919857524488 0.3000890471950133 0.6829919857524488 0.4390026714158505 0.5431878895814782 0.4390026714158505
9 0.3392698130008905 0.19679430097951914 0.4755120213713268 0.19679430097951914 0.4755120213713268 0.31700801424755115 0.3392698130008905 0.31700801424755115
9 0.41406945681211044 0.08637577916295637 0.5645592163846839 0.08637577916295637 0.5645592163846839 0.22172751558325915 0.41406945681211044 0.22172751558325915
9 0.32680320569902044 0.3196794300979519 0.466607301869991 0.3196794300979519 0.466607301869991 0.45770258236865535 0.32680320569902044 0.45770258236865535
9 0.35796972395369553 0.4674977738201248 0.4933214603739983 0.4674977738201248 0.4933214603739983 0.6340160284951024 0.35796972395369553 0.6340160284951024
9 0.5672306322350846 0.18165627782724847 0.6999109528049866 0.18165627782724847 0.6999109528049866 0.2920747996438112 0.5672306322350846 0.2920747996438112
9 0.4416740872662511 0.25823686553873554 0.5734639358860195 0.25823686553873554 0.5734639358860195 0.37756010685663405 0.4416740872662511 0.37756010685663405
9 0.11665182546749776 0.5752448797862867 0.24220837043633123 0.5752448797862867 0.24220837043633123 0.7088156723063224 0.11665182546749776 0.7088156723063224
9 0.0792520035618878 0.365093499554764 0.21727515583259127 0.365093499554764 0.21727515583259127 0.4888691006233304 0.0792520035618878 0.4888691006233304
9 0.07658058771148708 0.49243098842386457 0.219946571682992 0.49243098842386457 0.219946571682992 0.6108637577916296 0.07658058771148708 0.6108637577916296
9 0.6616206589492432 0.37666963490650057 0.7969723953695459 0.37666963490650057 0.7969723953695459 0.5200356188780054 0.6616206589492432 0.5200356188780054
9 0.8450578806767588 0.3089937666963491 0.9893143365983973 0.3089937666963491 0.9893143365983973 0.464826357969724 0.8450578806767588 0.464826357969724
9 0.7355298308103296 0.1549421193232413 0.8682101513802315 0.1549421193232413 0.8682101513802315 0.3009795191451469 0.7355298308103296 0.3009795191451469
9 0.7622439893143366 0.0427426536064114 0.8815672306322351 0.0427426536064114 0.8815672306322351 0.15672306322350846 0.7622439893143366 0.15672306322350846
9 0.6420302760463046 0.06589492430988424 0.767586821015138 0.06589492430988424 0.767586821015138 0.16918967052537845 0.6420302760463046 0.16918967052537845
9 0.5636687444345503 0.08370436331255565 0.680320569902048 0.08370436331255565 0.680320569902048 0.1941228851291184 0.5636687444345503 0.1941228851291184
9 0.5796972395369546 0.5939447907390917 0.7399821905609972 0.5939447907390917 0.7399821905609972 0.7729296527159393 0.5796972395369546 0.7729296527159393
9 0.4176313446126447 0.6260017809439001 0.566340160284951 0.6260017809439001 0.566340160284951 0.769367764915405 0.4176313446126447 0.769367764915405
