0 0.12288512911843277 0.3009795191451469 0.3980409617097062 0.3009795191451469 0.3980409617097062 0.5663401602849509 0.12288512911843277 0.5663401602849509
0 0.3348174532502226 0.0365093499554764 0.5654496883348175 0.0365093499554764 0.5654496883348175 0.2742653606411398 0.3348174532502226 0.2742653606411398
0 0.7791629563668745 0.15761353517364202 1.0 0.15761353517364202 1.0 0.3980409617097062 0.7791629563668745 0.3980409617097062
0 0.6634016028495101 0.40516473731077474 0.9136242208370434 0.40516473731077474 0.9136242208370434 0.6580587711487089 0.6634016028495101 0.6580587711487089
0 0.5235975066785397 0.5868210151380232 0.761353517364203 0.5868210151380232 0.761353517364203 0.8138913624220837 0.5235975066785397 0.8138913624220837
0 0.684772929652716 0.8495102404274263 0.8797862867319679 0.8495102404274263 0.8797862867319679 0.9999999999999999 0.684772929652716 0.9999999999999999
0 0.4434550311665182 0.8130008904719501 0.6910062333036509 0.8130008904719501 0.6910062333036509 1.0 0.4434550311665182 1.0
0 0.07123775601068566 0.7898486197684772 0.3374888691006233 0.7898486197684772 0.3374888691006233 1.0 0.07123775601068566 1.0
0 0.0854853072128228 0.5307212822796082 0.37132680320569894 0.5307212822796082 0.37132680320569894 0.7853962600178095 0.0854853072128228 0.7853962600178095
0 0.43811219946571683 0.23597506678539626 0.6447016918967053 0.23597506678539626 0.6447016918967053 0.44879786286731965 0.43811219946571683 0.44879786286731965
0 0.5894924309884239 0.11487088156723063 0.7943009795191451 0.11487088156723063 0.7943009795191451 0.32235084594835256 0.5894924309884239 0.32235084594835256
0 0.20302760463045416 0.18165627782724844 0.4113980409617098 0.18165627782724844 0.4113980409617098 0.3864648263579697 0.20302760463045416 0.3864648263579697
