0 0.44612644701691884 0.19056099732858414 0.6838824577025824 0.19056099732858414 0.6838824577025824 0.41406945681211044 0.44612644701691884 0.41406945681211044
0 0.45770258236865546 0.4692787177203918 0.6829919857524488 0.4692787177203918 0.6829919857524488 0.7088156723063224 0.45770258236865546 0.7088156723063224
0 0.18521816562778276 0.4292074799643812 0.3935886019590383 0.4292074799643812 0.3935886019590383 0.626892252894034 0.18521816562778276 0.626892252894034
0 0.8005342831700801 0.37310774710596617 0.9830810329474622 0.37310774710596617 0.9830810329474622 0.572573463935886 0.8005342831700801 0.572573463935886
0 0.6518254674977739 0.10507569011576136 0.8664292074799644 0.10507569011576136 0.8664292074799644 0.3490650044523598 0.6518254674977739 0.3490650044523598
0 0.0819234194122885 0.2217275155832591 0.26714158504007124 0.2217275155832591 0.26714158504007124 0.4051647373107747 0.0819234194122885 0.4051647373107747
0 0.7114870881567231 0.6188780053428315 0.9189670525378452 0.6188780053428315 0.9189670525378452 0.8406055209260909 0.7114870881567231 0.8406055209260909
0 0.655387355298308 0.5040071237756011 0.8165627782724841 0.5040071237756011 0.8165627782724841 0.6829919857524487 0.655387355298308 0.6829919857524487
0 0.3268032056990205 0.3116651825467498 0.5235975066785397 0.3116651825467498 0.5235975066785397 0.514692787177204 0.3268032056990205 0.514692787177204
0 0.3446126447016919 0.5645592163846839 0.5075690115761353 0.5645592163846839 0.5075690115761353 0.7453250222617988 0.3446126447016919 0.7453250222617988
0 0.1460373998219056 0.6144256455921638 0.37934105075690117 0.6144256455921638 0.37934105075690117 0.8735529830810328 0.1460373998219056 0.8735529830810328
0 0.009795191451469279 0.43187889581478184 0.20658949243098843 0.43187889581478184 0.20658949243098843 0.616206589492431 0.009795191451469279 0.616206589492431
0 0.26892252894033836 0.15672306322350846 0.46215494211932323 0.15672306322350846 0.46215494211932323 0.3268032056990205 0.26892252894033836 0.3268032056990205
0 0.4692787177203918 0.008904719501335707 0.7132680320569902 0.008904719501335707 0.7132680320569902 0.1878895814781835 0.4692787177203918 0.1878895814781835
0 0.45592163846838824 0.8201246660730187 0.6910062333036509 0.8201246660730187 0.6910062333036509 1.0 0.45592163846838824 1.0
0 0.49955476402493315 0.6544968833481746 0.7248441674087266 0.6544968833481746 0.7248441674087266 0.8521816562778273 0.49955476402493315 0.8521816562778273
