0 0.4113980409617098 0.26268922528940336 0.5654496883348175 0.26268922528940336 0.5654496883348175 0.44523597506678547 0.4113980409617098 0.44523597506678547
0 0.4060552092609083 0.4292074799643812 0.5823686553873553 0.4292074799643812 0.5823686553873553 0.5966162065894925 0.4060552092609083 0.5966162065894925
0 0.2840605520926091 0.3321460373998219 0.43187889581478184 0.3321460373998219 0.43187889581478184 0.48797862867319686 0.2840605520926091 0.48797862867319686
0 0.7479964381121995 0.3107747105966162 0.9198575244879788 0.3107747105966162 0.9198575244879788 0.4808548530721282 0.7479964381121995 0.4808548530721282
0 0.5325022261798753 0.23508459483526273 0.6714158504007123 0.23508459483526273 0.6714158504007123 0.3704363312555655 0.5325022261798753 0.3704363312555655
0 0.6589492430988425 0.2056990204808549 0.7809439002671416 0.2056990204808549 0.7809439002671416 0.346393588601959 0.6589492430988425 0.346393588601959
0 0.7853962600178095 0.0 0.9323241317898487 0.0 0.9323241317898487 0.13802315227070347 0.7853962600178095 0.13802315227070347
0 0.0 0.39536954585930545 0.15405164737310775 0.39536954585930545 0.15405164737310775 0.5378450578806767 0.0 0.5378450578806767
0 0.40872662511130897 0.6642920747996438 0.6304541406945681 0.6642920747996438 0.6304541406945681 0.8459483526268925 0.40872662511130897 0.8459483526268925
0 0.7791629563668745 0.5770258236865539 0.9554764024933213 0.5770258236865539 0.9554764024933213 0.7622439893143366 0.7791629563668745 0.7622439893143366
0 0.19679430097951914 0.5476402493321461 0.3811219946571683 0.5476402493321461 0.3811219946571683 0.7025823686553874 0.19679430097951914 0.7025823686553874
0 0.2021371326803206 0.26357969723953695 0.36331255565449694 0.26357969723953695 0.36331255565449694 0.3935886019590383 0.2021371326803206 0.3935886019590383
0 0.390026714158504 0.005342831700801425 0.5262689225289403 0.005342831700801425 0.5262689225289403 0.12377560106856635 0.390026714158504 0.12377560106856635
0 0.4007123775601069 0.12644701691896706 0.5235975066785398 0.12644701691896706 0.5235975066785398 0.24844167408726625 0.4007123775601069 0.24844167408726625
0 0.7577916295636687 0.16028495102404275 0.8993766696349065 0.16028495102404275 0.8993766696349065 0.2956366874443455 0.7577916295636687 0.2956366874443455
0 0.5422974176313446 0.3668744434550312 0.697239536954586 0.3668744434550312 0.697239536954586 0.5227070347284061 0.5422974176313446 0.5227070347284061
0 0.6785396260017807 0.45592163846838824 0.8406055209260906 0.45592163846838824 0.8406055209260906 0.6251113089937665 0.6785396260017807 0.6251113089937665
