5 0.5396260017809439 0.37399821905609976 0.6954585930543188 0.37399821905609976 0.6954585930543188 0.5414069456812112 0.5396260017809439 0.5414069456812112
5 0.40872662511130897 0.5378450578806767 0.5512021371326803 0.5378450578806767 0.5512021371326803 0.680320569902048 0.40872662511130897 0.680320569902048
5 0.37132680320569894 0.40872662511130897 0.4951024042742654 0.40872662511130897 0.4951024042742654 0.553873552983081 0.37132680320569894 0.553873552983081
5 0.7319679430097955 0.3544078361531613 0.8691006233303651 0.3544078361531613 0.8691006233303651 0.4888691006233304 0.7319679430097955 0.4888691006233304
5 0.8699910952804987 0.46660730186999105 0.8762243989314337 0.46660730186999105 0.8762243989314337 0.4888691006233303 0.8699910952804987 0.4888691006233303
5 0.5547640249332146 0.2163846838824577 0.6945681211041852 0.2163846838824577 0.6945681211041852 0.36509349955476406 0.5547640249332146 0.36509349955476406
5 0.31522707034728403 0.2920747996438113 0.47016918967052534 0.2920747996438113 0.47016918967052534 0.4185218165627783 0.31522707034728403 0.4185218165627783
5 0.232413178984862 0.1861086375779163 0.38468388245770263 0.1861086375779163 0.38468388245770263 0.2956366874443455 0.232413178984862 0.2956366874443455
5 0.3864648263579697 0.14692787177203917 0.5031166518254675 0.14692787177203917 0.5031166518254675 0.26447016918967053 0.3864648263579697 0.26447016918967053
5 0.8058771148708815 0.5832591273374889 0.935886019590383 0.5832591273374889 0.935886019590383 0.7141585040071237 0.8058771148708815 0.7141585040071237
5 0.6669634906500446 0.5556544968833482 0.809439002671416 0.5556544968833482 0.809439002671416 0.6847729296527161 0.6669634906500446 0.6847729296527161
5 0.5262689225289403 0.5485307212822796 0.6669634906500445 0.5485307212822796 0.6669634906500445 0.6687444345503117 0.5262689225289403 0.6687444345503117
5 0.48441674087266245 0.659839715048976 0.6055209260908282 0.659839715048976 0.6055209260908282 0.780053428317008 0.48441674087266245 0.780053428317008
5 0.27248441674087265 0.6277827248441674 0.41317898486197685 0.6277827248441674 0.41317898486197685 0.7444345503116652 0.27248441674087265 0.7444345503116652
5 0.2840605520926091 0.748886910062333 0.4158504007123776 0.748886910062333 0.4158504007123776 0.861086375779163 0.2840605520926091 0.861086375779163
5 0.6767586821015137 0.7622439893143366 0.8040961709706144 0.7622439893143366 0.8040961709706144 0.90026714158504 0.6767586821015137 0.90026714158504
5 0.5939447907390918 0.6580587711487088 0.7346393588601959 0.6580587711487088 0.7346393588601959 0.773820124666073 0.5939447907390918 0.773820124666073
5 0.7951914514692787 0.4390026714158505 0.95013357079252 0.4390026714158505 0.95013357079252 0.5796972395369546 0.7951914514692787 0.5796972395369546
