9 0.3695458593054319 0.5022261798753339 0.4808548530721282 0.5022261798753339 0.4808548530721282 0.6028495102404273 0.3695458593054319 0.6028495102404273
9 0.5218165627782725 0.4042742653606412 0.6357969723953695 0.4042742653606412 0.6357969723953695 0.5369545859305432 0.5218165627782725 0.5369545859305432
9 0.5681211041852182 0.5342831700801426 0.6544968833481747 0.5342831700801426 0.6544968833481747 0.6260017809439004 0.5681211041852182 0.6260017809439004
9 0.3285841495992876 0.43989314336598395 0.4078361531611754 0.43989314336598395 0.4078361531611754 0.5218165627782725 0.3285841495992876 0.5218165627782725
9 0.1745325022261799 0.38201246660730187 0.26179875333926983 0.38201246660730187 0.26179875333926983 0.47818343722172757 0.1745325022261799 0.47818343722172757
9 0.13268032056990206 0.47818343722172757 0.23953695458593058 0.47818343722172757 0.23953695458593058 0.5877114870881567 0.13268032056990206 0.5877114870881567
9 0.27960819234194123 0.5654496883348175 0.3864648263579697 0.5654496883348175 0.3864648263579697 0.6616206589492432 0.27960819234194123 0.6616206589492432
9 0.0427426536064114 0.5369545859305432 0.13891362422083706 0.5369545859305432 0.13891362422083706 0.628673196794301 0.0427426536064114 0.628673196794301
9 0.3481745325022263 0.36331255565449694 0.43455031166518265 0.36331255565449694 0.43455031166518265 0.4514692787177203 0.3481745325022263 0.4514692787177203
9 0.24487978628673196 0.3428317008014248 0.3268032056990205 0.3428317008014248 0.3268032056990205 0.41941228851291185 0.24487978628673196 0.41941228851291185
9 0.3517364203027605 0.26357969723953695 0.43811219946571683 0.26357969723953695 0.43811219946571683 0.3561887800534283 0.3517364203027605 0.3561887800534283
9 0.4612644701691896 0.2778272484416741 0.5387355298308102 0.2778272484416741 0.5387355298308102 0.35351736420302754 0.4612644701691896 0.35351736420302754
9 0.5271593944790739 0.321460373998219 0.6126447016918967 0.321460373998219 0.6126447016918967 0.4016028495102404 0.5271593944790739 0.4016028495102404
9 0.4728406055209261 0.3980409617097062 0.5556544968833481 0.3980409617097062 0.5556544968833481 0.4817453250222618 0.4728406055209261 0.4817453250222618
9 0.43455031166518254 0.4532502226179875 0.5013357079252003 0.4532502226179875 0.5013357079252003 0.5218165627782725 0.43455031166518254 0.5218165627782725
9 0.23864648263579696 0.47462154942119317 0.2929652715939448 0.47462154942119317 0.2929652715939448 0.5592163846838825 0.23864648263579696 0.5592163846838825
9 0.06411398040961709 0.44612644701691884 0.17542297417631345 0.44612644701691884 0.17542297417631345 0.543187889581478 0.06411398040961709 0.543187889581478
9 0.04452359750667854 0.3633125556544969 0.14514692787177202 0.3633125556544969 0.14514692787177202 0.4479073909171861 0.04452359750667854 0.4479073909171861
