6 0.3944790739091718 0.2867319679430098 0.5369545859305431 0.2867319679430098 0.5369545859305431 0.40160284951024044 0.3944790739091718 0.40160284951024044
6 0.6340160284951024 0.352626892252894 0.7666963490650044 0.352626892252894 0.7666963490650044 0.47818343722172757 0.6340160284951024 0.47818343722172757
6 0.5520926090828139 0.2715939447907391 0.6571682991985752 0.2715939447907391 0.6571682991985752 0.37310774710596617 0.5520926090828139 0.37310774710596617
6 0.5013357079252003 0.340160284951024 0.6135351736420303 0.340160284951024 0.6135351736420303 0.4692787177203918 0.5013357079252003 0.4692787177203918
6 0.40516473731077474 0.390026714158504 0.5235975066785397 0.390026714158504 0.5235975066785397 0.5155832591273375 0.40516473731077474 0.5155832591273375
6 0.2983081032947462 0.3864648263579697 0.42030276046304543 0.3864648263579697 0.42030276046304543 0.5387355298308103 0.2983081032947462 0.5387355298308103
6 0.182546749777382 0.4416740872662511 0.32056990204808544 0.4416740872662511 0.32056990204808544 0.5467497773820125 0.182546749777382 0.5467497773820125
6 0.17720391807658062 0.5387355298308103 0.2707034728406056 0.5387355298308103 0.2707034728406056 0.6429207479964381 0.17720391807658062 0.6429207479964381
6 0.06411398040961709 0.48263579697239545 0.17542297417631345 0.48263579697239545 0.17542297417631345 0.5921638468388246 0.06411398040961709 0.5921638468388246
6 0.5048975957257347 0.5458593054318789 0.622439893143366 0.5458593054318789 0.622439893143366 0.659839715048976 0.5048975957257347 0.659839715048976
6 0.3998219056099732 0.5111308993766697 0.5111308993766697 0.5111308993766697 0.5111308993766697 0.6153161175422975 0.3998219056099732 0.6153161175422975
6 0.4772929652715939 0.705253784505788 0.6081923419412288 0.705253784505788 0.6081923419412288 0.8334817453250223 0.4772929652715939 0.8334817453250223
6 0.667853962600178 0.7390917186108635 0.7880676758682101 0.7390917186108635 0.7880676758682101 0.8664292074799643 0.667853962600178 0.8664292074799643
6 0.5868210151380232 0.6927871772039179 0.6999109528049866 0.6927871772039179 0.6999109528049866 0.806767586821015 0.5868210151380232 0.806767586821015
6 0.597506678539626 0.5841495992876224 0.7123775601068566 0.5841495992876224 0.7123775601068566 0.7025823686553873 0.597506678539626 0.7025823686553873
6 0.6197684772929652 0.4870881567230632 0.753339269813001 0.4870881567230632 0.753339269813001 0.5992876224398932 0.6197684772929652 0.5992876224398932
6 0.699020480854853 0.5636687444345503 0.8165627782724844 0.5636687444345503 0.8165627782724844 0.6874443455031166 0.699020480854853 0.6874443455031166
6 0.5244879786286732 0.4479073909171861 0.6384683882457702 0.4479073909171861 0.6384683882457702 0.5494211932324132 0.5244879786286732 0.5494211932324132
