9 0.36954585930543177 0.24487978628673196 0.5886019590382903 0.24487978628673196 0.5886019590382903 0.47373107747105964 0.36954585930543177 0.47373107747105964
9 0.6963490650044524 0.11041852181656278 0.9367764915405167 0.11041852181656278 0.9367764915405167 0.3428317008014248 0.6963490650044524 0.3428317008014248
9 0.6135351736420303 0.29652715939447905 0.7889581478183436 0.29652715939447905 0.7889581478183436 0.4710596616206589 0.6135351736420303 0.4710596616206589
9 0.5066785396260017 0.4381121994657169 0.6972395369545857 0.4381121994657169 0.6972395369545857 0.6500445235975068 0.5066785396260017 0.6500445235975068
9 0.26447016918967053 0.5200356188780053 0.47284060552092616 0.5200356188780053 0.47284060552092616 0.7186108637577916 0.26447016918967053 0.7186108637577916
9 0.19679430097951914 0.35796972395369553 0.39893143365983974 0.35796972395369553 0.39893143365983974 0.5414069456812112 0.19679430097951914 0.5414069456812112
9 0.1905609973285842 0.13357079252003562 0.4113980409617098 0.13357079252003562 0.4113980409617098 0.3446126447016919 0.1905609973285842 0.3446126447016919
9 0.0 0.38201246660730187 0.1736420302760463 0.38201246660730187 0.1736420302760463 0.6162065894924311 0.0 0.6162065894924311
9 0.7221727515583259 0.4514692787177206 0.8958147818343722 0.4514692787177206 0.8958147818343722 0.6438112199465718 0.7221727515583259 0.6438112199465718
9 0.5877114870881568 0.6295636687444347 0.7818343722172751 0.6295636687444347 0.7818343722172751 0.8183437221727516 0.5877114870881568 0.8183437221727516
9 0.04541406945681211 0.7604630454140694 0.24398931433659837 0.7604630454140694 0.24398931433659837 0.9608192341941229 0.04541406945681211 0.9608192341941229
9 0.7702582368655387 0.7275155832591274 0.9706144256455922 0.7275155832591274 0.9706144256455922 0.918967052537845 0.7702582368655387 0.918967052537845
9 0.4870881567230632 0.14069456812110417 0.6304541406945681 0.14069456812110417 0.6304541406945681 0.27604630454140694 0.4870881567230632 0.27604630454140694
9 0.2751558325912737 0.0 0.5004452359750668 0.0 0.5004452359750668 0.15405164737310742 0.2751558325912737 0.15405164737310742
