0 0.17275155832591274 0.27960819234194123 0.29741763134461263 0.27960819234194123 0.29741763134461263 0.4122885129118432 0.17275155832591274 0.4122885129118432
0 0.26625111308993765 0.3864648263579697 0.3606411398040961 0.3864648263579697 0.3606411398040961 0.49777382012466614 0.26625111308993765 0.49777382012466614
0 0.27515583259127335 0.2217275155832591 0.3615316117542298 0.2217275155832591 0.3615316117542298 0.3232413178984862 0.27515583259127335 0.3232413178984862
0 0.3374888691006233 0.14069456812110417 0.41941228851291185 0.14069456812110417 0.41941228851291185 0.22261798753339274 0.3374888691006233 0.22261798753339274
0 0.17720391807658062 0.06411398040961709 0.30454140694568127 0.06411398040961709 0.30454140694568127 0.19056099732858414 0.17720391807658062 0.19056099732858414
0 0.4505788067675868 0.2831700801424755 0.5636687444345504 0.2831700801424755 0.5636687444345504 0.41495992876224397 0.4505788067675868 0.41495992876224397
0 0.2341941228851291 0.5218165627782725 0.38201246660730187 0.5218165627782725 0.38201246660730187 0.6642920747996437 0.2341941228851291 0.6642920747996437
0 0.5057880676758683 0.5351736420302761 0.655387355298308 0.5351736420302761 0.655387355298308 0.6936776491540516 0.5057880676758683 0.6936776491540516
0 0.26001780943900266 0.6500445235975065 0.4443455031166518 0.6500445235975065 0.4443455031166518 0.8076580587711485 0.26001780943900266 0.8076580587711485
0 0.11843276936776491 0.6322350845948352 0.25022261798753337 0.6322350845948352 0.25022261798753337 0.756901157613535 0.11843276936776491 0.756901157613535
0 0.08459483526268922 0.4968833481745325 0.22707034728406056 0.4968833481745325 0.22707034728406056 0.6322350845948352 0.08459483526268922 0.6322350845948352
0 0.0 0.45592163846838824 0.09706144256455915 0.45592163846838824 0.09706144256455915 0.5992876224398932 0.0 0.5992876224398932
0 0.08103294746215495 0.37845057880676763 0.22617987533392697 0.37845057880676763 0.22617987533392697 0.5075690115761354 0.08103294746215495 0.5075690115761354
0 0.11843276936776491 0.21193232413178986 0.2564559216384684 0.21193232413178986 0.2564559216384684 0.3268032056990205 0.11843276936776491 0.3268032056990205
0 0.5387355298308103 0.17720391807658062 0.647373107747106 0.17720391807658062 0.647373107747106 0.2769367764915406 0.5387355298308103 0.2769367764915406
