12 0.39715048975957257 0.3633125556544969 0.634906500445236 0.3633125556544969 0.634906500445236 0.5841495992876224 0.39715048975957257 0.5841495992876224
12 0.5770258236865539 0.21816562778272483 0.8085485307212824 0.21816562778272483 0.8085485307212824 0.43989314336598395 0.5770258236865539 0.43989314336598395
12 0.6242208370436333 0.4256455921638469 0.8495102404274265 0.4256455921638469 0.8495102404274265 0.6375779162956366 0.6242208370436333 0.6375779162956366
12 0.7969723953695458 0.3000890471950129 0.9999999999999996 0.3000890471950129 0.9999999999999996 0.5164737310774706 0.7969723953695458 0.5164737310774706
12 0.7444345503116652 0.06500445235975066 0.9991095280498664 0.06500445235975066 0.9991095280498664 0.3089937666963491 0.7444345503116652 0.3089937666963491
12 0.5102404274265361 2.636779683484747e-18 0.7675868210151381 2.636779683484747e-18 0.7675868210151381 0.23775601068566346 0.5102404274265361 0.23775601068566346
12 0.34639358860195896 0.1433659839715049 0.6046304541406945 0.1433659839715049 0.6046304541406945 0.3829029385574355 0.34639358860195896 0.3829029385574355
12 0.20302760463045416 0.27604630454140694 0.4220837043633125 0.27604630454140694 0.4220837043633125 0.5031166518254674 0.20302760463045416 0.5031166518254674
12 0.04007123775601069 0.40694568121104185 0.2528940338379341 0.40694568121104185 0.2528940338379341 0.6242208370436331 0.04007123775601069 0.6242208370436331
12 0.24309884238646481 0.4719501335707925 0.4683882457702582 0.4719501335707925 0.4683882457702582 0.6918967052537844 0.24309884238646481 0.6918967052537844
12 0.09884238646482636 0.6170970614425646 0.3187889581478184 0.6170970614425646 0.3187889581478184 0.8130008904719501 0.09884238646482636 0.8130008904719501
12 0.464826357969724 0.5342831700801425 0.6821015138023152 0.5342831700801425 0.6821015138023152 0.7756010685663403 0.464826357969724 0.7756010685663403
12 0.3196794300979519 0.6731967943009795 0.5440783615316118 0.6731967943009795 0.5440783615316118 0.8806767586821014 0.3196794300979519 0.8806767586821014
12 0.8468388245770256 0.5093499554764018 0.9999999999999997 0.5093499554764018 0.9999999999999997 0.7150489759572566 0.8468388245770256 0.7150489759572566
12 0.6723063223508459 0.6331255565449688 0.9100623330365094 0.6331255565449688 0.9100623330365094 0.8290293855743546 0.6723063223508459 0.8290293855743546
12 0.5387355298308103 0.7533392698130008 0.7444345503116652 0.7533392698130008 0.7444345503116652 0.9581478183437222 0.5387355298308103 0.9581478183437222
12 0.13000890471950133 0.08103294746215495 0.37132680320569905 0.08103294746215495 0.37132680320569905 0.2947462154942119 0.13000890471950133 0.2947462154942119
