16 0.7871772039180766 0.38201246660730187 0.9177797566043335 0.38201246660730187 0.9177797566043335 0.4719501335707926 0.7871772039180766 0.4719501335707926
16 0.6316414366280796 0.47996438112199463 0.7515583259127337 0.47996438112199463 0.7515583259127337 0.5645592163846839 0.6316414366280796 0.5645592163846839
16 0.3134461264470169 0.6340160284951024 0.44404867913327395 0.6340160284951024 0.44404867913327395 0.7248441674087267 0.3134461264470169 0.7248441674087267
16 0.19590382902938558 0.7123775601068566 0.37756010685663405 0.7123775601068566 0.37756010685663405 0.8406055209260909 0.19590382902938558 0.8406055209260909
16 0.38349658652419116 0.717720391807658 0.5129118432769367 0.717720391807658 0.5129118432769367 0.8317008014247552 0.38349658652419116 0.8317008014247552
16 0.44761056693380824 0.6260017809439004 0.5770258236865539 0.6260017809439004 0.5770258236865539 0.7479964381121994 0.44761056693380824 0.7479964381121994
16 0.5010388839418225 0.5414069456812111 0.6304541406945681 0.5414069456812111 0.6304541406945681 0.6420302760463046 0.5010388839418225 0.6420302760463046
16 0.3787474027901454 0.48263579697239545 0.4986642920747996 0.48263579697239545 0.4986642920747996 0.5734639358860197 0.3787474027901454 0.5734639358860197
16 0.20184030869694275 0.5627782724844167 0.35143959631938265 0.5627782724844167 0.35143959631938265 0.6740872662511129 0.20184030869694275 0.6740872662511129
16 0.22558622736717124 0.4835262689225289 0.360937963787474 0.4835262689225289 0.360937963787474 0.5823686553873554 0.22558622736717124 0.5823686553873554
16 0.28970020777678834 0.41495992876224397 0.41911546452953397 0.41495992876224397 0.41911546452953397 0.4977738201246661 0.28970020777678834 0.4977738201246661
16 0.3205699020480855 0.5556544968833482 0.43455031166518265 0.5556544968833482 0.43455031166518265 0.6277827248441675 0.3205699020480855 0.6277827248441675
16 0.5022261798753339 0.40160284951024044 0.6292668447610567 0.40160284951024044 0.6292668447610567 0.48708815672306327 0.5022261798753339 0.48708815672306327
16 0.5461561294152568 0.4746215494211931 0.6601365390323538 0.4746215494211931 0.6601365390323538 0.5592163846838824 0.5461561294152568 0.5592163846838824
16 0.647076283763728 0.3205699020480855 0.7681804689818937 0.3205699020480855 0.7681804689818937 0.4131789848619768 0.647076283763728 0.4131789848619768
16 0.7539329177797565 0.5244879786286732 0.8643514395963191 0.5244879786286732 0.8643514395963191 0.6304541406945682 0.7539329177797565 0.6304541406945682
16 0.6387652122291481 0.5645592163846839 0.7551202137132681 0.5645592163846839 0.7551202137132681 0.6607301869991096 0.6387652122291481 0.6607301869991096
16 0.5651528643514394 0.6322350845948354 0.6933808251706728 0.6322350845948354 0.6933808251706728 0.7292965271593946 0.5651528643514394 0.7292965271593946
16 0.1543484713564856 0.3811219946571683 0.30038587117839116 0.3811219946571683 0.30038587117839116 0.47996438112199463 0.1543484713564856 0.47996438112199463
16 0.327693677649154 0.33837934105075684 0.47016918967052534 0.33837934105075684 0.47016918967052534 0.4309884238646482 0.327693677649154 0.4309884238646482
16 0.8477292965271594 0.5939447907390917 0.9723953695458593 0.5939447907390917 0.9723953695458593 0.6883348174532502 0.8477292965271594 0.6883348174532502
16 0.696942712971208 0.6420302760463046 0.8239833778569308 0.6420302760463046 0.8239833778569308 0.7373107747105966 0.696942712971208 0.7373107747105966
16 0.6494508756307511 0.7132680320569902 0.774116948649451 0.7132680320569902 0.774116948649451 0.8005342831700801 0.6494508756307511 0.8005342831700801
16 0.5627782724844167 0.77560106856634 0.699317304838231 0.77560106856634 0.699317304838231 0.889581478183437 0.5627782724844167 0.889581478183437
16 0.7361234787770854 0.7595725734639359 0.8643514395963194 0.7595725734639359 0.8643514395963194 0.8699910952804986 0.7361234787770854 0.8699910952804986
16 0.41674087266251114 0.8130008904719501 0.5687147521519739 0.8130008904719501 0.5687147521519739 0.9305431878895816 0.41674087266251114 0.9305431878895816
16 0.27070347284060553 0.8227960819234196 0.4298011279311368 0.8227960819234196 0.4298011279311368 0.9412288512911843 0.27070347284060553 0.9412288512911843
16 0.07361234787770853 0.691006233303651 0.22439893143365983 0.691006233303651 0.22439893143365983 0.804986642920748 0.07361234787770853 0.804986642920748
16 0.10804392994953994 0.5182546749777382 0.23033541110121694 0.5182546749777382 0.23033541110121694 0.6251113089937664 0.10804392994953994 0.6251113089937664
16 0.7289997031760168 0.4505788067675869 0.8394182249925793 0.4505788067675869 0.8394182249925793 0.5378450578806768 0.7289997031760168 0.5378450578806768
16 0.6458889878302169 0.42653606411398054 0.7361234787770854 0.42653606411398054 0.7361234787770854 0.49688334817453256 0.6458889878302169 0.49688334817453256
16 0.8667260314633422 0.4897595725734638 0.9807064410804394 0.4897595725734638 0.9807064410804394 0.5601068566340159 0.8667260314633422 0.5601068566340159
16 0.7859899079845651 0.8628673196794301 0.9415256752745623 0.8628673196794301 0.9415256752745623 0.9697239536954586 0.7859899079845651 0.9697239536954586
16 0.8551498961116059 0.7658058771148697 1.0 0.7658058771148697 1.0 0.8797862867319665 0.8551498961116059 0.8797862867319665
16 0.6708222024339566 0.8628673196794301 0.8168596022558623 0.8628673196794301 0.8168596022558623 0.9955476402493322 0.6708222024339566 0.9955476402493322
16 0.5247848026120514 0.8833481745325025 0.6684476105669342 0.8833481745325025 0.6684476105669342 1.0 0.5247848026120514 1.0
