9 0.6197684772929651 0.2582368655387356 0.8815672306322351 0.2582368655387356 0.8815672306322351 0.5155832591273375 0.6197684772929651 0.5155832591273375
9 0.22974176313446126 0.4532502226179875 0.47640249332146034 0.4532502226179875 0.47640249332146034 0.6874443455031165 0.22974176313446126 0.6874443455031165
9 0.232413178984862 0.22083704363312556 0.45235975066785405 0.22083704363312556 0.45235975066785405 0.4443455031166518 0.232413178984862 0.4443455031166518
9 0.3811219946571683 0.11308993766696349 0.5930543187889582 0.11308993766696349 0.5930543187889582 0.302760463045414 0.3811219946571683 0.302760463045414
9 0.4603739982190561 0.26536064113980407 0.634906500445236 0.26536064113980407 0.634906500445236 0.4719501335707925 0.4603739982190561 0.4719501335707925
9 0.48975957257346375 0.4238646482635797 0.686553873552983 0.4238646482635797 0.686553873552983 0.6251113089937668 0.48975957257346375 0.6251113089937668
9 0.6981300089047195 0.48797862867319686 0.8806767586821016 0.48797862867319686 0.8806767586821016 0.6812110418521817 0.6981300089047195 0.6812110418521817
9 0.5814781834372217 0.6660730186999111 0.7836153161175423 0.6660730186999111 0.7836153161175423 0.8601959038290296 0.5814781834372217 0.8601959038290296
9 0.42297417631344625 0.6046304541406946 0.603739982190561 0.6046304541406946 0.603739982190561 0.7880676758682102 0.42297417631344625 0.7880676758682102
9 0.09617097061442563 0.5253784505788067 0.2991985752448798 0.5253784505788067 0.2991985752448798 0.7008014247551202 0.09617097061442563 0.7008014247551202
9 0.3107747105966162 0.6812110418521817 0.471059661620659 0.6812110418521817 0.471059661620659 0.8379341050756902 0.3107747105966162 0.8379341050756902
9 0.45859305431878894 0.7497773820124665 0.5886019590382903 0.7497773820124665 0.5886019590382903 0.8824577025823686 0.45859305431878894 0.8824577025823686
9 0.6723063223508458 0.8192341941228851 0.8780053428317007 0.8192341941228851 0.8780053428317007 1.0 0.6723063223508458 1.0
9 0.705253784505788 0.07569011576135352 0.935886019590383 0.07569011576135352 0.935886019590383 0.2787177203918077 0.705253784505788 0.2787177203918077
9 0.566340160284951 0.0854853072128228 0.7506678539626002 0.0854853072128228 0.7506678539626002 0.27248441674087265 0.566340160284951 0.27248441674087265
9 0.188780053428317 0.05431878895814782 0.3757791629563669 0.05431878895814782 0.3757791629563669 0.21816562778272483 0.188780053428317 0.21816562778272483
