0 0.4853072128227961 0.42030276046304543 0.6179875333926982 0.42030276046304543 0.6179875333926982 0.553873552983081 0.4853072128227961 0.553873552983081
0 0.4514692787177204 0.5592163846838825 0.6028495102404273 0.5592163846838825 0.6028495102404273 0.7159394479073911 0.4514692787177204 0.7159394479073911
0 0.717720391807658 0.5280498664292075 0.8878005342831701 0.5280498664292075 0.8878005342831701 0.7159394479073911 0.717720391807658 0.7159394479073911
0 0.6883348174532502 0.37132680320569894 0.8530721282279609 0.37132680320569894 0.8530721282279609 0.5387355298308103 0.6883348174532502 0.5387355298308103
0 0.433659839715049 0.1736420302760463 0.5823686553873553 0.1736420302760463 0.5823686553873553 0.3107747105966162 0.433659839715049 0.3107747105966162
0 0.24844167408726625 0.5627782724844167 0.4024933214603739 0.5627782724844167 0.4024933214603739 0.6981300089047197 0.24844167408726625 0.6981300089047197
0 0.2965271593944791 0.7782724844167409 0.49421193232413185 0.7782724844167409 0.49421193232413185 0.9688334817453249 0.2965271593944791 0.9688334817453249
0 0.47373107747105964 0.7444345503116652 0.6589492430988425 0.7444345503116652 0.6589492430988425 0.943900267141585 0.47373107747105964 0.943900267141585
0 0.5796972395369546 0.5805877114870882 0.7346393588601959 0.5805877114870882 0.7346393588601959 0.7666963490650046 0.5796972395369546 0.7666963490650046
0 0.7364203027604629 0.7613535173642031 0.9341050756901157 0.7613535173642031 0.9341050756901157 0.9590382902938559 0.7364203027604629 0.9590382902938559
0 0.0792520035618878 0.8299198575244879 0.2742653606411398 0.8299198575244879 0.2742653606411398 0.9991095280498664 0.0792520035618878 0.9991095280498664
0 0.5592163846838825 0.3196794300979519 0.6981300089047195 0.3196794300979519 0.6981300089047195 0.45592163846838824 0.5592163846838825 0.45592163846838824
0 0.6206589492430988 0.19056099732858414 0.7364203027604631 0.19056099732858414 0.7364203027604631 0.32947462154942125 0.6206589492430988 0.32947462154942125
0 0.8192341941228851 0.2056990204808549 0.9572573463935886 0.2056990204808549 0.9572573463935886 0.31344612644701697 0.8192341941228851 0.31344612644701697
0 0.27960819234194123 0.3054318788958148 0.42030276046304543 0.3054318788958148 0.42030276046304543 0.439893143365984 0.27960819234194123 0.439893143365984
0 0.4024933214603739 0.28851291184327693 0.5672306322350845 0.28851291184327693 0.5672306322350845 0.4577025823686554 0.4024933214603739 0.4577025823686554
0 0.867319679430098 0.41317898486197685 1.0 0.41317898486197685 1.0 0.6188780053428317 0.867319679430098 0.6188780053428317
