0 0.19679430097951914 0.5227070347284061 0.3820124666073018 0.5227070347284061 0.3820124666073018 0.705253784505788 0.19679430097951914 0.705253784505788
0 0.3686553873552981 0.4470169189670526 0.5467497773820125 0.4470169189670526 0.5467497773820125 0.6251113089937665 0.3686553873552981 0.6251113089937665
0 0.49777382012466614 0.39180765805877116 0.6740872662511129 0.39180765805877116 0.6740872662511129 0.5752448797862868 0.49777382012466614 0.5752448797862868
0 0.642920747996438 0.4933214603739982 0.839715048975957 0.4933214603739982 0.839715048975957 0.6580587711487087 0.642920747996438 0.6580587711487087
0 0.7996438112199464 0.4158504007123776 0.9715048975957258 0.4158504007123776 0.9715048975957258 0.5752448797862868 0.7996438112199464 0.5752448797862868
0 0.35084594835262695 0.6117542297417632 0.5547640249332147 0.6117542297417632 0.5547640249332147 0.7978628673196795 0.35084594835262695 0.7978628673196795
0 0.16651825467497777 0.7016918967052539 0.3561887800534283 0.7016918967052539 0.3561887800534283 0.9189670525378452 0.16651825467497777 0.9189670525378452
0 0.5048975957257347 0.7105966162065895 0.705253784505788 0.7105966162065895 0.705253784505788 0.9109528049866429 0.5048975957257347 0.9109528049866429
0 0.3357079252003562 0.7871772039180766 0.5227070347284061 0.7871772039180766 0.5227070347284061 0.9884238646482635 0.3357079252003562 0.9884238646482635
0 0.6634016028495102 0.6206589492430988 0.8628673196794301 0.6206589492430988 0.8628673196794301 0.8263579697239537 0.6634016028495102 0.8263579697239537
0 0.8414959928762243 0.7186108637577917 0.9999999999999993 0.7186108637577917 0.9999999999999993 0.9198575244879785 0.8414959928762243 0.9198575244879785
0 0.755120213713268 0.18699910952804988 0.9073909171861085 0.18699910952804988 0.9073909171861085 0.3401602849510241 0.755120213713268 0.3401602849510241
0 0.5155832591273375 0.17898486197684776 0.6696349065004452 0.17898486197684776 0.6696349065004452 0.3232413178984862 0.5155832591273375 0.3232413178984862
0 0.26001780943900266 0.2653606411398041 0.4122885129118432 0.2653606411398041 0.4122885129118432 0.41317898486197685 0.26001780943900266 0.41317898486197685
