0 0.5004452359750667 0.333926981300089 0.6562778272484417 0.333926981300089 0.6562778272484417 0.4657168299198575 0.5004452359750667 0.4657168299198575
0 0.3472840605520926 0.4024933214603739 0.4505788067675868 0.4024933214603739 0.4505788067675868 0.5235975066785397 0.3472840605520926 0.5235975066785397
0 0.24577025823686555 0.19857524487978628 0.3659839715048976 0.19857524487978628 0.3659839715048976 0.3143365983971505 0.24577025823686555 0.3143365983971505
0 0.40961709706144256 0.20926090828138913 0.5164737310774711 0.20926090828138913 0.5164737310774711 0.3303650934995548 0.40961709706144256 0.3303650934995548
0 0.5743544078361532 0.22974176313446126 0.6812110418521815 0.22974176313446126 0.6812110418521815 0.31522707034728403 0.5743544078361532 0.31522707034728403
0 0.05877114870881568 0.8005342831700801 0.23419412288512917 0.8005342831700801 0.23419412288512917 0.9786286731967944 0.05877114870881568 0.9786286731967944
0 0.4122885129118432 0.6642920747996438 0.5583259127337488 0.6642920747996438 0.5583259127337488 0.8049866429207481 0.4122885129118432 0.8049866429207481
0 0.3802315227070348 0.8121104185218166 0.553873552983081 0.8121104185218166 0.553873552983081 0.9866429207479966 0.3802315227070348 0.9866429207479966
0 0.5440783615316117 0.7390917186108639 0.680320569902048 0.7390917186108639 0.680320569902048 0.8815672306322353 0.5440783615316117 0.8815672306322353
0 0.6553873552983082 0.8370436331255565 0.8023152270703472 0.8370436331255565 0.8023152270703472 0.9866429207479963 0.6553873552983082 0.9866429207479963
0 0.5520926090828139 0.4603739982190561 0.699020480854853 0.4603739982190561 0.699020480854853 0.6064113980409617 0.5520926090828139 0.6064113980409617
0 0.13268032056990206 0.5627782724844167 0.27248441674087265 0.5627782724844167 0.27248441674087265 0.6821015138023152 0.13268032056990206 0.6821015138023152
0 0.32591273374888696 0.5155832591273375 0.45235975066785394 0.5155832591273375 0.45235975066785394 0.6527159394479074 0.32591273374888696 0.6527159394479074
0 0.44968833481745324 0.5289403383793411 0.5743544078361531 0.5289403383793411 0.5743544078361531 0.6634016028495103 0.44968833481745324 0.6634016028495103
0 0.717720391807658 0.44879786286731965 0.8637577916295637 0.44879786286731965 0.8637577916295637 0.6046304541406945 0.717720391807658 0.6046304541406945
0 0.6357969723953696 0.3597506678539626 0.7604630454140696 0.3597506678539626 0.7604630454140696 0.4951024042742654 0.6357969723953696 0.4951024042742654
0 0.3829029385574355 0.3268032056990204 0.49866429207479973 0.3268032056990204 0.49866429207479973 0.43989314336598395 0.3829029385574355 0.43989314336598395
0 0.12377560106856635 0.4292074799643812 0.25556544968833483 0.4292074799643812 0.25556544968833483 0.5681211041852182 0.12377560106856635 0.5681211041852182
