6 0.4986642920747996 0.4728406055209261 0.5796972395369546 0.4728406055209261 0.5796972395369546 0.5583259127337488 0.4986642920747996 0.5583259127337488
6 0.5574354407836153 0.5325022261798753 0.699020480854853 0.5325022261798753 0.699020480854853 0.6366874443455031 0.5574354407836153 0.6366874443455031
6 0.3437221727515583 0.49777382012466614 0.4514692787177204 0.49777382012466614 0.4514692787177204 0.5796972395369546 0.3437221727515583 0.5796972395369546
6 0.6829919857524487 0.41674087266251114 0.7889581478183436 0.41674087266251114 0.7889581478183436 0.5093499554764025 0.6829919857524487 0.5093499554764025
6 0.5672306322350847 0.4176313446126447 0.6669634906500446 0.4176313446126447 0.6669634906500446 0.5040071237756011 0.5672306322350847 0.5040071237756011
6 0.4532502226179875 0.377560106856634 0.5609973285841497 0.377560106856634 0.5609973285841497 0.47373107747105964 0.4532502226179875 0.47373107747105964
6 0.5040071237756011 0.32413178984861984 0.6028495102404273 0.32413178984861984 0.6028495102404273 0.41941228851291185 0.5040071237756011 0.41941228851291185
6 0.6153161175422974 0.3597506678539626 0.6990204808548531 0.3597506678539626 0.6990204808548531 0.44612644701691895 0.6153161175422974 0.44612644701691895
6 0.6705253784505788 0.24220837043633123 0.7560106856634015 0.24220837043633123 0.7560106856634015 0.340160284951024 0.6705253784505788 0.340160284951024
6 0.5743544078361532 0.27960819234194123 0.6607301869991097 0.27960819234194123 0.6607301869991097 0.37488869100623323 0.5743544078361532 0.37488869100623323
6 0.7622439893143366 0.7221727515583259 0.8450578806767586 0.7221727515583259 0.8450578806767586 0.8201246660730187 0.7622439893143366 0.8201246660730187
6 0.6794300979519146 0.7186108637577917 0.77560106856634 0.7186108637577917 0.77560106856634 0.8308103294746216 0.6794300979519146 0.8308103294746216
6 0.5814781834372217 0.6642920747996438 0.6892252894033838 0.6642920747996438 0.6892252894033838 0.7586821015138024 0.5814781834372217 0.7586821015138024
6 0.4853072128227961 0.6366874443455031 0.5868210151380233 0.6366874443455031 0.5868210151380233 0.7364203027604631 0.4853072128227961 0.7364203027604631
6 0.45859305431878894 0.5458593054318789 0.5565449688334818 0.5458593054318789 0.5565449688334818 0.6625111308993766 0.45859305431878894 0.6625111308993766
6 0.365093499554764 0.5868210151380232 0.4906500445235975 0.5868210151380232 0.4906500445235975 0.7016918967052538 0.365093499554764 0.7016918967052538
6 0.2653606411398041 0.6340160284951024 0.3829029385574355 0.6340160284951024 0.3829029385574355 0.7471059661620658 0.2653606411398041 0.7471059661620658
6 0.15761353517364202 0.6527159394479074 0.27248441674087265 0.6527159394479074 0.27248441674087265 0.755120213713268 0.15761353517364202 0.755120213713268
6 0.8130008904719501 0.5841495992876224 0.8806767586821014 0.5841495992876224 0.8806767586821014 0.6776491540516474 0.8130008904719501 0.6776491540516474
6 0.7871772039180766 0.46660730186999105 0.8815672306322351 0.46660730186999105 0.8815672306322351 0.5805877114870882 0.7871772039180766 0.5805877114870882
6 0.7186108637577917 0.5957257346393589 0.8165627782724845 0.5957257346393589 0.8165627782724845 0.6927871772039181 0.7186108637577917 0.6927871772039181
6 0.6571682991985753 0.628673196794301 0.7604630454140694 0.628673196794301 0.7604630454140694 0.7310774710596617 0.6571682991985753 0.7310774710596617
6 0.8815672306322351 0.7577916295636687 0.9750667853962601 0.7577916295636687 0.9750667853962601 0.8610863757791631 0.8815672306322351 0.8610863757791631
18 0.844167408726625 0.26447016918967053 0.9243098842386464 0.26447016918967053 0.9243098842386464 0.3419412288512912 0.844167408726625 0.3419412288512912
18 0.8103294746215495 0.12555654496883348 0.8851291184327693 0.12555654496883348 0.8851291184327693 0.20480854853072125 0.8103294746215495 0.20480854853072125
18 0.8788958147818343 0.3365983971504897 0.9617097061442562 0.3365983971504897 0.9617097061442562 0.41495992876224397 0.8788958147818343 0.41495992876224397
18 0.8735529830810328 0.42030276046304543 0.9617097061442564 0.42030276046304543 0.9617097061442564 0.49421193232413185 0.8735529830810328 0.49421193232413185
18 0.8878005342831701 0.4853072128227961 0.9759572573463937 0.4853072128227961 0.9759572573463937 0.5868210151380233 0.8878005342831701 0.5868210151380233
18 0.740872662511131 0.10062333036509348 0.8067675868210151 0.10062333036509348 0.8067675868210151 0.18432769367764915 0.740872662511131 0.18432769367764915
18 0.881567230632235 0.13178984861976847 0.9759572573463937 0.13178984861976847 0.9759572573463937 0.22885129118432768 0.881567230632235 0.22885129118432768
18 0.9412288512911843 0.22796081923419412 1.0 0.22796081923419412 1.0 0.3250222617987533 0.9412288512911843 0.3250222617987533
18 0.83793410507569 0.2021371326803206 0.9180765805877114 0.2021371326803206 0.9180765805877114 0.2858414959928762 0.83793410507569 0.2858414959928762
18 0.8040961709706145 0.26179875333926983 0.8566340160284951 0.26179875333926983 0.8566340160284951 0.34550311665182554 0.8040961709706145 0.34550311665182554
18 0.809439002671416 0.06767586821015138 0.8691006233303651 0.06767586821015138 0.8691006233303651 0.12644701691896706 0.809439002671416 0.12644701691896706
6 0.383793410507569 0.31967943009795197 0.47818343722172746 0.31967943009795197 0.47818343722172746 0.4042742653606412 0.383793410507569 0.4042742653606412
6 0.3054318788958148 0.3811219946571683 0.40694568121104185 0.3811219946571683 0.40694568121104185 0.49154051647373104 0.3054318788958148 0.49154051647373104
6 0.19768477292965272 0.3606411398040962 0.29741763134461263 0.3606411398040962 0.29741763134461263 0.4594835262689225 0.19768477292965272 0.4594835262689225
6 0.25111308993766696 0.2804986642920748 0.3490650044523597 0.2804986642920748 0.3490650044523597 0.37845057880676763 0.25111308993766696 0.37845057880676763
6 0.3312555654496883 0.2341941228851291 0.42475512021371326 0.2341941228851291 0.42475512021371326 0.32591273374888696 0.3312555654496883 0.32591273374888696
6 0.43633125556544966 0.18432769367764915 0.5262689225289403 0.18432769367764915 0.5262689225289403 0.25912733748886907 0.43633125556544966 0.25912733748886907
6 0.2056990204808549 0.5627782724844168 0.30810329474621556 0.5627782724844168 0.30810329474621556 0.6642920747996438 0.2056990204808549 0.6642920747996438
6 0.25645592163846836 0.48263579697239545 0.3517364203027605 0.48263579697239545 0.3517364203027605 0.5779162956366874 0.25645592163846836 0.5779162956366874
6 0.11219946571682991 0.4933214603739982 0.23597506678539631 0.4933214603739982 0.23597506678539631 0.6055209260908282 0.11219946571682991 0.6055209260908282
