1 0.4772929652715939 0.4372217275155833 0.578806767586821 0.4372217275155833 0.578806767586821 0.5601068566340162 0.4772929652715939 0.5601068566340162
1 0.6812110418521816 0.4612644701691896 0.773820124666073 0.4612644701691896 0.773820124666073 0.5592163846838825 0.6812110418521816 0.5592163846838825
1 0.5503116651825467 0.5877114870881567 0.6447016918967052 0.5877114870881567 0.6447016918967052 0.691006233303651 0.5503116651825467 0.691006233303651
1 0.42742653606411396 0.5690115761353517 0.5164737310774711 0.5690115761353517 0.5164737310774711 0.6963490650044522 0.42742653606411396 0.6963490650044522
1 0.2236688734073958 0.6262659667006805 0.3188495856857756 0.6680118931385626 0.25490187543952164 0.8138126725000346 0.15972116316114185 0.7720667460621524
1 0.31433659839715045 0.6901157613535173 0.40516473731077474 0.6901157613535173 0.40516473731077474 0.8370436331255565 0.31433659839715045 0.8370436331255565
1 0.31255565449688333 0.5351736420302761 0.4113980409617098 0.5351736420302761 0.4113980409617098 0.6384683882457701 0.31255565449688333 0.6384683882457701
1 0.7479964381121995 0.6714158504007124 0.8575244879786288 0.6714158504007124 0.8575244879786288 0.7916295636687445 0.7479964381121995 0.7916295636687445
1 0.6464826357969723 0.5948352626892254 0.744434550311665 0.5948352626892254 0.744434550311665 0.7328584149599288 0.6464826357969723 0.7328584149599288
1 0.5333926981300089 0.6954585930543188 0.6260017809439004 0.6954585930543188 0.6260017809439004 0.8005342831700801 0.5333926981300089 0.8005342831700801
1 0.4710596616206588 0.7836153161175423 0.5805877114870881 0.7836153161175423 0.5805877114870881 0.878005342831701 0.4710596616206588 0.878005342831701
1 0.3633125556544968 0.8032056990204809 0.46660730186999105 0.8032056990204809 0.46660730186999105 0.9171861086375781 0.3633125556544968 0.9171861086375781
1 0.25022261798753337 0.8432769367764915 0.35440783615316124 0.8432769367764915 0.35440783615316124 0.9394479073909171 0.25022261798753337 0.9394479073909171
1 0.4514692787177204 0.703472840605521 0.5325022261798753 0.703472840605521 0.5325022261798753 0.7800534283170082 0.4514692787177204 0.7800534283170082
1 0.7199677104820681 0.566161201452865 0.8468671084917881 0.5274234904814797 0.8713056644066219 0.6074808288231824 0.7444062663969018 0.6462185397945677
1 0.8112199465716831 0.48263579697239545 0.9341050756901158 0.48263579697239545 0.9341050756901158 0.5921638468388246 0.8112199465716831 0.5921638468388246
1 0.6188780053428317 0.5512021371326803 0.7088156723063225 0.5512021371326803 0.7088156723063225 0.6153161175422974 0.6188780053428317 0.6153161175422974
1 0.5770258236865539 0.4683882457702582 0.674087266251113 0.4683882457702582 0.674087266251113 0.5654496883348176 0.5770258236865539 0.5654496883348176
1 0.4986642920747996 0.5574354407836153 0.5886019590382904 0.5574354407836153 0.5886019590382904 0.649154051647373 0.4986642920747996 0.649154051647373
1 0.3793410507569012 0.4292074799643812 0.5102404274265362 0.4292074799643812 0.5102404274265362 0.508459483526269 0.3793410507569012 0.508459483526269
1 0.6767586821015139 0.4024933214603739 0.7604630454140696 0.4024933214603739 0.7604630454140696 0.4657168299198575 0.6767586821015139 0.4657168299198575
1 0.2983081032947462 0.1834372217275156 0.4300979519145147 0.1834372217275156 0.4300979519145147 0.25467497773820125 0.2983081032947462 0.25467497773820125
1 0.06589492430988421 0.27070347284060525 0.18343722172751556 0.27070347284060525 0.18343722172751556 0.3561887800534283 0.06589492430988421 0.3561887800534283
1 0.09884238646482636 0.19056099732858414 0.20391807658058775 0.19056099732858414 0.20391807658058775 0.2769367764915405 0.09884238646482636 0.2769367764915405
1 0.20747996438112198 0.17542297417631347 0.2894033837934104 0.17542297417631347 0.2894033837934104 0.238646482635797 0.20747996438112198 0.238646482635797
1 0.12209880989507306 0.4550853917804372 0.20588333508521808 0.42036387683677706 0.2530834155026988 0.5342597230615792 0.1692988903125538 0.5689812380052394
1 0.16918967052537848 0.5431878895814782 0.26447016918967053 0.5431878895814782 0.26447016918967053 0.6322350845948352 0.16918967052537848 0.6322350845948352
1 0.43989314336598395 0.3178984861976848 0.5182546749777381 0.3178984861976848 0.5182546749777381 0.40160284951024044 0.43989314336598395 0.40160284951024044
1 0.365093499554764 0.35796972395369553 0.4407836153161175 0.35796972395369553 0.4407836153161175 0.4327693677649154 0.365093499554764 0.4327693677649154
1 0.2965271593944791 0.4158504007123776 0.3731077471059662 0.4158504007123776 0.3731077471059662 0.48708815672306327 0.2965271593944791 0.48708815672306327
1 0.7203918076580585 0.34016028495102385 0.8655387355298307 0.34016028495102385 0.8655387355298307 0.416740872662511 0.7203918076580585 0.416740872662511
