9 0.5309439002671417 0.6117542297417632 0.6304541406945683 0.6117542297417632 0.6304541406945683 0.7310774710596616 0.5309439002671417 0.7310774710596616
9 0.6211041852181658 0.46304541406945676 0.7126001780943901 0.46304541406945676 0.7126001780943901 0.5645592163846839 0.6211041852181658 0.5645592163846839
9 0.5336153161175423 0.5040071237756011 0.6184327693677649 0.5040071237756011 0.6184327693677649 0.5912733748886909 0.5336153161175423 0.5912733748886909
9 0.4427871772039181 0.578806767586821 0.528272484416741 0.578806767586821 0.528272484416741 0.6865538735529831 0.4427871772039181 0.6865538735529831
9 0.8221282279608191 0.6277827248441674 0.9630454140694567 0.6277827248441674 0.9630454140694567 0.7542297417631344 0.8221282279608191 0.7542297417631344
9 0.6838824577025824 0.6251113089937667 0.7867319679430098 0.6251113089937667 0.7867319679430098 0.7453250222617988 0.6838824577025824 0.7453250222617988
9 0.6130899376669635 0.642920747996438 0.6952359750667855 0.642920747996438 0.6952359750667855 0.7720391807658056 0.6130899376669635 0.7720391807658056
9 0.5276046304541406 0.7257346393588603 0.6304541406945682 0.7257346393588603 0.6304541406945682 0.8352626892252896 0.5276046304541406 0.8352626892252896
9 0.4781834372217275 0.68833481745325 0.5569902048085486 0.68833481745325 0.5569902048085486 0.76313446126447 0.4781834372217275 0.76313446126447
9 0.4040516473731078 0.7248441674087265 0.49220837043633137 0.7248441674087265 0.49220837043633137 0.8423864648263578 0.4040516473731078 0.8423864648263578
9 0.35730186999109537 0.686553873552983 0.4421193232413181 0.686553873552983 0.4421193232413181 0.7934105075690114 0.35730186999109537 0.7934105075690114
9 0.33192341941228853 0.5912733748886911 0.40605520926090827 0.5912733748886911 0.40605520926090827 0.6918967052537847 0.33192341941228853 0.6918967052537847
9 0.20035618878005346 0.8468388245770256 0.2978628673196794 0.8468388245770256 0.2978628673196794 0.9706144256455921 0.20035618878005346 0.9706144256455921
9 0.27649154051647373 0.7070347284060552 0.3653161175422975 0.7070347284060552 0.3653161175422975 0.815672306322351 0.27649154051647373 0.815672306322351
9 0.3319234194122885 0.76313446126447 0.4307658058771149 0.76313446126447 0.4307658058771149 0.8833481745325023 0.3319234194122885 0.8833481745325023
9 0.28918076580587715 0.8913624220837043 0.37666963490650046 0.8913624220837043 0.37666963490650046 1.0 0.28918076580587715 1.0
9 0.3926981300089048 0.8851291184327692 0.48619768477292974 0.8851291184327692 0.48619768477292974 0.9866429207479963 0.3926981300089048 0.9866429207479963
9 0.5256010685663401 0.8201246660730186 0.619100623330365 0.8201246660730186 0.619100623330365 0.9492430988423863 0.5256010685663401 0.9492430988423863
9 0.611086375779163 0.828138913624221 0.7065894924309886 0.828138913624221 0.7065894924309886 0.9759572573463937 0.611086375779163 0.9759572573463937
9 0.6645146927871771 0.7382012466607302 0.7787177203918078 0.7382012466607302 0.7787177203918078 0.8682101513802317 0.6645146927871771 0.8682101513802317
9 0.6959038290293854 0.8468388245770256 0.8214603739982189 0.8468388245770256 0.8214603739982189 0.9999999999999999 0.6959038290293854 0.9999999999999999
9 0.813446126447017 0.8575244879786286 0.9390026714158505 0.8575244879786286 0.9390026714158505 1.0 0.813446126447017 1.0
9 0.8334817453250223 0.755120213713268 0.9496883348174533 0.755120213713268 0.9496883348174533 0.8940338379341052 0.8334817453250223 0.8940338379341052
9 0.8027604630454142 0.3962600178094389 0.9002671415850403 0.3962600178094389 0.9002671415850403 0.5262689225289403 0.8027604630454142 0.5262689225289403
9 0.6905609973285842 0.5031166518254675 0.7833926981300088 0.5031166518254675 0.7833926981300088 0.6268922528940338 0.6905609973285842 0.6268922528940338
9 0.7306322350845948 0.43989314336598395 0.8174532502226179 0.43989314336598395 0.8174532502226179 0.541406945681211 0.7306322350845948 0.541406945681211
9 0.8735529830810329 0.27248441674087265 0.9737310774710598 0.27248441674087265 0.9737310774710598 0.3882457702582369 0.8735529830810329 0.3882457702582369
9 0.7459928762243989 0.321460373998219 0.836153161175423 0.321460373998219 0.836153161175423 0.4470169189670526 0.7459928762243989 0.4470169189670526
9 0.7099287622439894 0.2991985752448798 0.7707034728406057 0.2991985752448798 0.7707034728406057 0.3802315227070347 0.7099287622439894 0.3802315227070347
9 0.6057435440783616 0.29385574354407834 0.6892252894033839 0.29385574354407834 0.6892252894033839 0.3882457702582368 0.6057435440783616 0.3882457702582368
9 0.5903829029385576 0.3846838824577025 0.6765360641139805 0.3846838824577025 0.6765360641139805 0.4772929652715939 0.5903829029385576 0.4772929652715939
9 0.5048975957257347 0.41941228851291185 0.5943900267141586 0.41941228851291185 0.5943900267141586 0.5138023152270703 0.5048975957257347 0.5138023152270703
9 0.49755120213713266 0.3383793410507569 0.5817008014247551 0.3383793410507569 0.5817008014247551 0.433659839715049 0.49755120213713266 0.433659839715049
9 0.4614870881567231 0.5031166518254675 0.5349510240427428 0.5031166518254675 0.5349510240427428 0.5841495992876224 0.4614870881567231 0.5841495992876224
9 0.44746215494211944 0.42742653606411396 0.5182546749777382 0.42742653606411396 0.5182546749777382 0.5048975957257348 0.44746215494211944 0.5048975957257348
9 0.39470169189670534 0.5298308103294747 0.47016918967052546 0.5298308103294747 0.47016918967052546 0.6304541406945682 0.39470169189670534 0.6304541406945682
9 0.2344167408726625 0.566340160284951 0.3152270703472841 0.566340160284951 0.3152270703472841 0.6642920747996438 0.2344167408726625 0.6642920747996438
9 0.22506678539626002 0.6651825467497774 0.30120213713268035 0.6651825467497774 0.30120213713268035 0.761353517364203 0.22506678539626002 0.761353517364203
9 0.20837043633125557 0.7542297417631346 0.29986642920747997 0.7542297417631346 0.29986642920747997 0.8610863757791631 0.20837043633125557 0.8610863757791631
9 0.16696349065004454 0.699020480854853 0.24643811219946576 0.699020480854853 0.24643811219946576 0.7880676758682101 0.16696349065004454 0.7880676758682101
9 0.12422083704363313 0.653606411398041 0.20035618878005346 0.653606411398041 0.20035618878005346 0.7471059661620658 0.12422083704363313 0.7471059661620658
9 0.08882457702582369 0.7337488869100623 0.17297417631344614 0.7337488869100623 0.17297417631344614 0.8263579697239537 0.08882457702582369 0.8263579697239537
9 0.2778272484416741 0.34639358860195896 0.3506233303650935 0.34639358860195896 0.3506233303650935 0.4256455921638468 0.2778272484416741 0.4256455921638468
9 0.28250222617987536 0.42030276046304543 0.3479519145146929 0.42030276046304543 0.3479519145146929 0.5102404274265362 0.28250222617987536 0.5102404274265362
9 0.29452359750667856 0.5129118432769367 0.37800534283170084 0.5129118432769367 0.37800534283170084 0.6028495102404274 0.29452359750667856 0.6028495102404274
9 0.36932324131789845 0.3668744434550312 0.4421193232413179 0.3668744434550312 0.4421193232413179 0.4479073909171861 0.36932324131789845 0.4479073909171861
9 0.4394479073909172 0.22974176313446126 0.5042297417631344 0.22974176313446126 0.5042297417631344 0.32324131789848615 0.4394479073909172 0.32324131789848615
9 0.5496438112199465 0.20213713268032055 0.6184327693677648 0.20213713268032055 0.6184327693677648 0.28495102404274264 0.5496438112199465 0.28495102404274264
9 0.5149154051647373 0.26357969723953695 0.5796972395369546 0.26357969723953695 0.5796972395369546 0.3383793410507569 0.5149154051647373 0.3383793410507569
9 0.6691896705253785 0.13357079252003562 0.7339715048975959 0.13357079252003562 0.7339715048975959 0.21371326803205698 0.6691896705253785 0.21371326803205698
9 0.7740427426536065 0.15761353517364202 0.8568566340160285 0.15761353517364202 0.8568566340160285 0.2475512021371327 0.7740427426536065 0.2475512021371327
9 0.7059216384683883 0.20926090828138913 0.7780498664292077 0.20926090828138913 0.7780498664292077 0.2929652715939448 0.7059216384683883 0.2929652715939448
9 0.6504897595725736 0.232413178984862 0.7159394479073911 0.232413178984862 0.7159394479073911 0.30899376669634904 0.6504897595725736 0.30899376669634904
9 0.8989314336598397 0.10685663401602849 0.9810774710596617 0.10685663401602849 0.9810774710596617 0.19056099732858414 0.8989314336598397 0.19056099732858414
9 0.8608637577916296 0.1709706144256456 0.9603739982190562 0.1709706144256456 0.9603739982190562 0.2787177203918077 0.8608637577916296 0.2787177203918077
9 0.8294746215494212 0.5031166518254675 0.9356634016028496 0.5031166518254675 0.9356634016028496 0.6170970614425646 0.8294746215494212 0.6170970614425646
9 0.8829029385574352 0.44078361531611754 0.9650489759572571 0.44078361531611754 0.9650489759572571 0.5538735529830809 0.8829029385574352 0.5538735529830809
9 0.9136242208370429 0.5681211041852181 0.9999999999999999 0.5681211041852181 0.9999999999999999 0.6954585930543185 0.9136242208370429 0.6954585930543185
9 0.756678539626002 0.7008014247551202 0.8601959038290296 0.7008014247551202 0.8601959038290296 0.8236865538735529 0.756678539626002 0.8236865538735529
9 0.46282279608192345 0.769367764915405 0.5436331255565451 0.769367764915405 0.5436331255565451 0.881567230632235 0.46282279608192345 0.881567230632235
