0 0.4835262689225289 0.41406945681211044 0.6215494211932324 0.41406945681211044 0.6215494211932324 0.5512021371326803 0.4835262689225289 0.5512021371326803
0 0.22617987533392697 0.45414069456812123 0.37132680320569894 0.45414069456812123 0.37132680320569894 0.6117542297417633 0.22617987533392697 0.6117542297417633
0 0.12288512911843277 0.5743544078361532 0.2751558325912734 0.5743544078361532 0.2751558325912734 0.7622439893143366 0.12288512911843277 0.7622439893143366
0 0.23953695458593058 0.7105966162065895 0.4007123775601069 0.7105966162065895 0.4007123775601069 0.9029385574354408 0.23953695458593058 0.9029385574354408
0 0.433659839715049 0.7186108637577917 0.5948352626892254 0.7186108637577917 0.5948352626892254 0.8940338379341052 0.433659839715049 0.8940338379341052
0 0.6188780053428317 0.628673196794301 0.7925200356188781 0.628673196794301 0.7925200356188781 0.8032056990204808 0.6188780053428317 0.8032056990204808
0 0.6954585930543186 0.42653606411398054 0.8236865538735529 0.42653606411398054 0.8236865538735529 0.5583259127337491 0.6954585930543186 0.5583259127337491
0 0.14069456812110417 0.2217275155832591 0.288512911843277 0.2217275155832591 0.288512911843277 0.3739982190560997 0.14069456812110417 0.3739982190560997
0 0.7586821015138024 0.3268032056990205 0.8904719501335709 0.3268032056990205 0.8904719501335709 0.44434550311665183 0.7586821015138024 0.44434550311665183
0 0.8254674977738202 0.6473731077471059 0.9750667853962599 0.6473731077471059 0.9750667853962599 0.8076580587711487 0.8254674977738202 0.8076580587711487
