0 0.12199465716829921 0.5859305431878896 0.2297417631344613 0.5859305431878896 0.2297417631344613 0.6981300089047195 0.12199465716829921 0.6981300089047195
0 0.3170080142475512 0.591273374888691 0.40872662511130897 0.591273374888691 0.40872662511130897 0.6838824577025824 0.3170080142475512 0.6838824577025824
0 0.5093499554764025 0.5458593054318789 0.6064113980409617 0.5458593054318789 0.6064113980409617 0.6206589492430988 0.5093499554764025 0.6206589492430988
0 0.642920747996438 0.4568121104185219 0.7239536954585929 0.4568121104185219 0.7239536954585929 0.545859305431879 0.642920747996438 0.545859305431879
0 0.1896705253784506 0.2306322350845948 0.27604630454140694 0.2306322350845948 0.27604630454140694 0.3232413178984862 0.1896705253784506 0.3232413178984862
0 0.37399821905609976 0.18165627782724844 0.44256455921638466 0.18165627782724844 0.44256455921638466 0.25111308993766696 0.37399821905609976 0.25111308993766696
0 0.4808548530721282 0.333926981300089 0.5574354407836153 0.333926981300089 0.5574354407836153 0.41495992876224397 0.4808548530721282 0.41495992876224397
0 0.30365093499554763 0.41495992876224397 0.40338379341050756 0.41495992876224397 0.40338379341050756 0.5129118432769367 0.30365093499554763 0.5129118432769367
0 0.2493321460373998 0.3624220837043633 0.3321460373998219 0.3624220837043633 0.3321460373998219 0.4532502226179875 0.2493321460373998 0.4532502226179875
0 0.25378450578806766 0.7889581478183436 0.4096170970614425 0.7889581478183436 0.4096170970614425 0.943900267141585 0.25378450578806766 0.943900267141585
0 0.0881567230632235 0.730186999109528 0.22083704363312556 0.730186999109528 0.22083704363312556 0.8593054318788955 0.0881567230632235 0.8593054318788955
0 0.6473731077471059 0.7934105075690115 0.7702582368655386 0.7934105075690115 0.7702582368655386 0.9341050756901157 0.6473731077471059 0.9341050756901157
0 0.4817453250222618 0.16028495102404278 0.5369545859305431 0.16028495102404278 0.5369545859305431 0.22617987533392703 0.4817453250222618 0.22617987533392703
0 0.6402493321460373 0.19679430097951914 0.7070347284060551 0.19679430097951914 0.7070347284060551 0.26625111308993765 0.6402493321460373 0.26625111308993765
0 0.4639358860195904 0.2404274265360641 0.5449688334817454 0.2404274265360641 0.5449688334817454 0.3196794300979519 0.4639358860195904 0.3196794300979519
0 0.3873552983081033 0.27515583259127335 0.45681211041852177 0.27515583259127335 0.45681211041852177 0.3446126447016919 0.3873552983081033 0.3446126447016919
0 0.3009795191451469 0.26179875333926983 0.3757791629563669 0.26179875333926983 0.3757791629563669 0.34639358860195896 0.3009795191451469 0.34639358860195896
0 0.3018699910952805 0.15316117542297417 0.37132680320569894 0.15316117542297417 0.37132680320569894 0.23330365093499558 0.3018699910952805 0.23330365093499558
0 0.07836153161175423 0.24398931433659843 0.13178984861976847 0.24398931433659843 0.13178984861976847 0.3018699910952805 0.07836153161175423 0.3018699910952805
0 0.04541406945681211 0.4220837043633125 0.12021371326803205 0.4220837043633125 0.12021371326803205 0.5004452359750667 0.04541406945681211 0.5004452359750667
0 0.41317898486197685 0.6500445235975065 0.5040071237756011 0.6500445235975065 0.5040071237756011 0.7382012466607302 0.41317898486197685 0.7382012466607302
0 0.4710596616206588 0.8005342831700801 0.586821015138023 0.8005342831700801 0.586821015138023 0.9305431878895815 0.4710596616206588 0.9305431878895815
0 0.6357969723953696 0.686553873552983 0.751558325912734 0.686553873552983 0.751558325912734 0.7978628673196794 0.6357969723953696 0.7978628673196794
0 0.12911843276936777 0.45235975066785394 0.22707034728406056 0.45235975066785394 0.22707034728406056 0.5325022261798753 0.12911843276936777 0.5325022261798753
