14 0.10418521816562779 0.6625111308993766 0.49955476402493315 0.6625111308993766 0.49955476402493315 1.0 0.10418521816562779 1.0
14 0.27960819234194123 0.43633125556544966 0.6001780943900267 0.43633125556544966 0.6001780943900267 0.7515583259127336 0.27960819234194123 0.7515583259127336
14 0.5565449688334817 0.5859305431878896 0.8664292074799644 0.5859305431878896 0.8664292074799644 0.8682101513802315 0.5565449688334817 0.8682101513802315
14 0.609973285841496 0.32502226179875326 0.878005342831701 0.32502226179875326 0.878005342831701 0.5325022261798753 0.609973285841496 0.5325022261798753
14 0.41050756901157615 0.3018699910952805 0.6215494211932324 0.3018699910952805 0.6215494211932324 0.5129118432769368 0.41050756901157615 0.5129118432769368
14 0.18432769367764915 0.25734639358860195 0.4470169189670526 0.25734639358860195 0.4470169189670526 0.47640249332146034 0.18432769367764915 0.47640249332146034
14 0.005342831700801425 0.43187889581478184 0.23686553873552982 0.43187889581478184 0.23686553873552982 0.6794300979519144 0.005342831700801425 0.6794300979519144
14 0.003561887800534283 0.19323241317898485 0.20124666073018696 0.19323241317898485 0.20124666073018696 0.4238646482635798 0.003561887800534283 0.4238646482635798
14 0.13089937666963491 0.0792520035618878 0.30810329474621556 0.0792520035618878 0.30810329474621556 0.27159394479073906 0.13089937666963491 0.27159394479073906
14 0.5565449688334817 0.13891362422083706 0.7506678539626002 0.13891362422083706 0.7506678539626002 0.3321460373998219 0.5565449688334817 0.3321460373998219
14 0.7595725734639361 0.17542297417631347 0.9412288512911844 0.17542297417631347 0.9412288512911844 0.352626892252894 0.7595725734639361 0.352626892252894
14 0.8664292074799644 0.3517364203027606 1.0 0.3517364203027606 1.0 0.5601068566340162 0.8664292074799644 0.5601068566340162
14 0.7542297417631346 0.5173642030276047 0.948352626892253 0.5173642030276047 0.948352626892253 0.7248441674087266 0.7542297417631346 0.7248441674087266
14 0.7845057880676758 0.7257346393588611 0.9999999999999993 0.7257346393588611 0.9999999999999993 0.9999999999999999 0.7845057880676758 0.9999999999999999
