9 0.37310774710596617 0.25378450578806766 0.6375779162956366 0.25378450578806766 0.6375779162956366 0.4897595725734639 0.37310774710596617 0.4897595725734639
9 0.6642920747996438 0.5886019590382903 0.948352626892253 0.5886019590382903 0.948352626892253 0.8771148708815673 0.6642920747996438 0.8771148708815673
9 0.7889581478183436 0.39893143365983974 1.0 0.39893143365983974 1.0 0.6313446126447017 0.7889581478183436 0.6313446126447017
9 0.7382012466607304 0.2920747996438112 0.9519145146927873 0.2920747996438112 0.9519145146927873 0.47284060552092616 0.7382012466607304 0.47284060552092616
9 0.5779162956366874 0.39269813000890474 0.7782724844167409 0.39269813000890474 0.7782724844167409 0.5966162065894925 0.5779162956366874 0.5966162065894925
9 0.47996438112199463 0.5796972395369546 0.7203918076580587 0.5796972395369546 0.7203918076580587 0.807658058771149 0.47996438112199463 0.807658058771149
9 0.21015138023152274 0.667853962600178 0.4683882457702582 0.667853962600178 0.4683882457702582 0.9590382902938558 0.21015138023152274 0.9590382902938558
9 0.0943900267141585 0.46838824577025834 0.36242208370436324 0.46838824577025834 0.36242208370436324 0.7275155832591275 0.0943900267141585 0.7275155832591275
9 0.039180765805877114 0.3009795191451469 0.28227960819234194 0.3009795191451469 0.28227960819234194 0.4861976847729296 0.039180765805877114 0.4861976847729296
9 0.12733748886910062 0.10240427426536064 0.358860195903829 0.10240427426536064 0.358860195903829 0.3170080142475512 0.12733748886910062 0.3170080142475512
9 0.0 0.07479964381121995 0.13089937666963491 0.07479964381121995 0.13089937666963491 0.3339269813000891 0.0 0.3339269813000891
9 0.35618878005342824 0.07212822796081923 0.5565449688334818 0.07212822796081923 0.5565449688334818 0.2804986642920749 0.35618878005342824 0.2804986642920749
9 0.26268922528940336 0.24309884238646481 0.4479073909171861 0.24309884238646481 0.4479073909171861 0.44612644701691895 0.26268922528940336 0.44612644701691895
9 0.560106856634016 0.08459483526268922 0.7462154942119323 0.08459483526268922 0.7462154942119323 0.27515583259127335 0.560106856634016 0.27515583259127335
9 0.769367764915405 0.05966162065894924 1.0 0.05966162065894924 1.0 0.28227960819234194 0.769367764915405 0.28227960819234194
9 0.6242208370436332 0.0 0.8824577025823687 0.0 0.8824577025823687 0.1531611754229742 0.6242208370436332 0.1531611754229742
9 0.19145146927871776 0.0 0.44256455921638416 0.0 0.44256455921638416 0.11754229741763132 0.19145146927871776 0.11754229741763132
