4 0.35886019590382906 0.2831700801424755 0.5075690115761353 0.2831700801424755 0.5075690115761353 0.43455031166518254 0.35886019590382906 0.43455031166518254
4 0.21015138023152272 0.42653606411398043 0.4176313446126447 0.42653606411398043 0.4176313446126447 0.5859305431878896 0.21015138023152272 0.5859305431878896
4 0.49599287622439886 0.24577025823686555 0.6393588601959038 0.24577025823686555 0.6393588601959038 0.4220837043633126 0.49599287622439886 0.4220837043633126
4 0.40961709706144217 0.13891362422083714 0.5761353517364203 0.13891362422083714 0.5761353517364203 0.29296527159394475 0.40961709706144217 0.29296527159394475
4 0.5770258236865539 0.11932324131789848 0.7284060552092609 0.11932324131789848 0.7284060552092609 0.23597506678539626 0.5770258236865539 0.23597506678539626
4 0.6393588601959038 0.22974176313446126 0.8370436331255563 0.22974176313446126 0.8370436331255563 0.3722172751558326 0.6393588601959038 0.3722172751558326
4 0.8477292965271594 0.11398040961709706 1.0 0.11398040961709706 1.0 0.24666073018699916 0.8477292965271594 0.24666073018699916
4 0.9073909171861092 0.3428317008014245 1.0 0.3428317008014245 1.0 0.4986642920747997 0.9073909171861092 0.4986642920747997
4 0.7257346393588603 0.4479073909171861 0.8878005342831701 0.4479073909171861 0.8878005342831701 0.6233303650934996 0.7257346393588603 0.6233303650934996
4 0.6135351736420303 0.3811219946571683 0.7479964381121995 0.3811219946571683 0.7479964381121995 0.5289403383793411 0.6135351736420303 0.5289403383793411
4 0.46215494211932323 0.4550311665182547 0.6251113089937667 0.4550311665182547 0.6251113089937667 0.6055209260908283 0.46215494211932323 0.6055209260908283
4 0.4292074799643812 0.5574354407836153 0.5699020480854853 0.5574354407836153 0.5699020480854853 0.6794300979519146 0.4292074799643812 0.6794300979519146
4 0.26625111308993765 0.5823686553873553 0.4363312555654497 0.5823686553873553 0.4363312555654497 0.7355298308103296 0.26625111308993765 0.7355298308103296
4 0.11130899376669634 0.5325022261798753 0.2831700801424755 0.5325022261798753 0.2831700801424755 0.7524487978628673 0.11130899376669634 0.7524487978628673
4 0.020480854853072127 0.42297417631344614 0.18521816562778276 0.42297417631344614 0.18521816562778276 0.6055209260908282 0.020480854853072127 0.6055209260908282
4 0.25022261798753337 0.22617987533392697 0.4042742653606412 0.22617987533392697 0.4042742653606412 0.40872662511130897 0.25022261798753337 0.40872662511130897
4 0.47818343722172757 0.004452359750667854 0.6126447016918968 0.004452359750667854 0.6126447016918968 0.12733748886910062 0.47818343722172757 0.12733748886910062
