6 0.45414069456812123 0.5200356188780053 0.5422974176313446 0.5200356188780053 0.5422974176313446 0.6019590382902938 0.45414069456812123 0.6019590382902938
6 0.5886019590382903 0.4078361531611755 0.6776491540516474 0.4078361531611755 0.6776491540516474 0.48263579697239545 0.5886019590382903 0.48263579697239545
6 0.7524487978628671 0.3268032056990205 0.8352626892252893 0.3268032056990205 0.8352626892252893 0.40961709706144256 0.7524487978628671 0.40961709706144256
6 0.5227070347284061 0.2983081032947462 0.5930543187889582 0.2983081032947462 0.5930543187889582 0.3766696349065004 0.5227070347284061 0.3766696349065004
6 0.641139804096171 0.49421193232413174 0.7043633125556544 0.49421193232413174 0.7043633125556544 0.5654496883348175 0.641139804096171 0.5654496883348175
6 0.5699020480854853 0.5422974176313446 0.6331255565449688 0.5422974176313446 0.6331255565449688 0.6126447016918968 0.5699020480854853 0.6126447016918968
6 0.5120213713268033 0.5832591273374889 0.591273374888691 0.5832591273374889 0.591273374888691 0.6678539626001782 0.5120213713268033 0.6678539626001782
6 0.20658949243098843 0.5066785396260017 0.28495102404274264 0.5066785396260017 0.28495102404274264 0.5779162956366874 0.20658949243098843 0.5779162956366874
6 0.27960819234194123 0.4470169189670526 0.35351736420302754 0.4470169189670526 0.35351736420302754 0.5227070347284061 0.27960819234194123 0.5227070347284061
6 0.28851291184327693 0.3695458593054319 0.3704363312555654 0.3695458593054319 0.3704363312555654 0.44612644701691895 0.28851291184327693 0.44612644701691895
6 0.25556544968833483 0.3081032947462155 0.33926981300089043 0.3081032947462155 0.33926981300089043 0.38913624220837045 0.25556544968833483 0.38913624220837045
6 0.40961709706144256 0.26981300089047194 0.4915405164737311 0.26981300089047194 0.4915405164737311 0.3499554764024933 0.40961709706144256 0.3499554764024933
6 0.42742653606411396 0.3357079252003562 0.508459483526269 0.3357079252003562 0.508459483526269 0.42030276046304543 0.42742653606411396 0.42030276046304543
6 0.42030276046304543 0.42742653606411396 0.5022261798753339 0.42742653606411396 0.5022261798753339 0.5075690115761353 0.42030276046304543 0.5075690115761353
6 0.5200356188780053 0.35796972395369553 0.5859305431878895 0.35796972395369553 0.5859305431878895 0.4300979519145147 0.5200356188780053 0.4300979519145147
6 0.5707925200356189 0.29741763134461263 0.6607301869991096 0.29741763134461263 0.6607301869991096 0.39269813000890474 0.5707925200356189 0.39269813000890474
6 0.3268032056990205 0.5022261798753339 0.4113980409617098 0.5022261798753339 0.4113980409617098 0.5894924309884237 0.3268032056990205 0.5894924309884237
6 0.5707925200356189 0.6901157613535173 0.6384683882457701 0.6901157613535173 0.6384683882457701 0.7604630454140694 0.5707925200356189 0.7604630454140694
6 0.5930543187889582 0.6081923419412288 0.6829919857524488 0.6081923419412288 0.6829919857524488 0.6954585930543188 0.5930543187889582 0.6954585930543188
6 0.48619768477292963 0.6883348174532502 0.5699020480854853 0.6883348174532502 0.5699020480854853 0.7827248441674086 0.48619768477292963 0.7827248441674086
6 0.41674087266251114 0.6669634906500446 0.4951024042742654 0.6669634906500446 0.4951024042742654 0.7577916295636687 0.41674087266251114 0.7577916295636687
6 0.40338379341050756 0.5903829029385574 0.47907390917186116 0.5903829029385574 0.47907390917186116 0.6749777382012466 0.40338379341050756 0.6749777382012466
6 0.40160284951024056 0.5253784505788067 0.47996438112199474 0.5253784505788067 0.47996438112199474 0.6099732858414959 0.40160284951024056 0.6099732858414959
6 0.34995547640249325 0.4470169189670525 0.4176313446126447 0.4470169189670525 0.4176313446126447 0.5129118432769367 0.34995547640249325 0.5129118432769367
6 0.5004452359750667 0.4300979519145147 0.572573463935886 0.4300979519145147 0.572573463935886 0.4870881567230632 0.5004452359750667 0.4870881567230632
6 0.2751558325912737 0.63846838824577 0.34105075690115766 0.63846838824577 0.34105075690115766 0.7159394479073908 0.2751558325912737 0.7159394479073908
5 0.641139804096171 0.6972395369545858 0.748886910062333 0.6972395369545858 0.748886910062333 0.7836153161175422 0.641139804096171 0.7836153161175422
5 0.717720391807658 0.5877114870881568 0.8317008014247552 0.5877114870881568 0.8317008014247552 0.7105966162065895 0.717720391807658 0.7105966162065895
5 0.7684772929652717 0.5218165627782725 0.8539626001780944 0.5218165627782725 0.8539626001780944 0.6188780053428318 0.7684772929652717 0.6188780053428318
5 0.8628673196794301 0.4915405164737311 0.9510240427426535 0.4915405164737311 0.9510240427426535 0.578806767586821 0.8628673196794301 0.578806767586821
5 0.8005342831700802 0.39536954585930556 0.9118432769367766 0.39536954585930556 0.9118432769367766 0.495992876224399 0.8005342831700802 0.495992876224399
5 0.7934105075690115 0.7773820124666073 0.8993766696349065 0.7773820124666073 0.8993766696349065 0.8753339269813 0.7934105075690115 0.8753339269813
5 0.8940338379341052 0.751558325912734 0.9848619768477291 0.751558325912734 0.9848619768477291 0.8601959038290296 0.8940338379341052 0.8601959038290296
5 0.8210151380231523 0.6251113089937667 0.9047195013357079 0.6251113089937667 0.9047195013357079 0.7355298308103295 0.8210151380231523 0.7355298308103295
