0 0.27604630454140694 0.4968833481745325 0.4772929652715939 0.4968833481745325 0.4772929652715939 0.6936776491540516 0.27604630454140694 0.6936776491540516
0 0.48797862867319686 0.560106856634016 0.6821015138023152 0.560106856634016 0.6821015138023152 0.7569011576135353 0.48797862867319686 0.7569011576135353
0 0.5057880676758683 0.27604630454140694 0.6892252894033838 0.27604630454140694 0.6892252894033838 0.46304541406945676 0.5057880676758683 0.46304541406945676
0 0.6544968833481746 0.3695458593054319 0.8236865538735529 0.3695458593054319 0.8236865538735529 0.5387355298308102 0.6544968833481746 0.5387355298308102
0 0.8388245770258237 0.39091718610863757 1.0 0.39091718610863757 1.0 0.6046304541406946 0.8388245770258237 0.6046304541406946
0 0.680320569902048 0.5235975066785397 0.8967052537845059 0.5235975066785397 0.8967052537845059 0.7390917186108639 0.680320569902048 0.7390917186108639
0 0.5779162956366874 0.6838824577025824 0.7613535173642031 0.6838824577025824 0.7613535173642031 0.8780053428317007 0.5779162956366874 0.8780053428317007
0 0.3428317008014248 0.6660730186999111 0.5414069456812111 0.6660730186999111 0.5414069456812111 0.8619768477292965 0.3428317008014248 0.8619768477292965
0 0.2965271593944791 0.3223508459483526 0.5066785396260018 0.3223508459483526 0.5066785396260018 0.5218165627782725 0.2965271593944791 0.5218165627782725
0 0.6874443455031166 0.20480854853072128 0.8673196794300978 0.20480854853072128 0.8673196794300978 0.37934105075690117 0.6874443455031166 0.37934105075690117
0 0.8495102404274263 0.12822796081923418 0.9999999999999999 0.12822796081923418 0.9999999999999999 0.3107747105966162 0.8495102404274263 0.3107747105966162
