4 0.377560106856634 0.3998219056099732 0.5280498664292075 0.3998219056099732 0.5280498664292075 0.5325022261798753 0.377560106856634 0.5325022261798753
4 0.5672306322350845 0.3793410507569012 0.6901157613535173 0.3793410507569012 0.6901157613535173 0.5431878895814782 0.5672306322350845 0.5431878895814782
4 0.7889581478183435 0.3312555654496883 0.9162956366874444 0.3312555654496883 0.9162956366874444 0.5200356188780053 0.7889581478183435 0.5200356188780053
4 0.20480854853072128 0.3143365983971505 0.38112199465716834 0.3143365983971505 0.38112199465716834 0.44523597506678547 0.20480854853072128 0.44523597506678547
4 0.03829029385574354 0.33303650934995555 0.20124666073018696 0.33303650934995555 0.20124666073018696 0.49065004452359756 0.03829029385574354 0.49065004452359756
4 0.24844167408726625 0.5280498664292075 0.4007123775601069 0.5280498664292075 0.4007123775601069 0.684772929652716 0.24844167408726625 0.684772929652716
4 0.41941228851291185 0.5333926981300089 0.5734639358860196 0.5333926981300089 0.5734639358860196 0.7043633125556544 0.41941228851291185 0.7043633125556544
4 0.6170970614425644 0.5503116651825467 0.7337488869100622 0.5503116651825467 0.7337488869100622 0.7390917186108638 0.6170970614425644 0.7390917186108638
4 0.6883348174532503 0.41495992876224397 0.7960819234194124 0.41495992876224397 0.7960819234194124 0.577025823686554 0.6883348174532503 0.577025823686554
4 0.7577916295636687 0.6188780053428317 0.9252003561887802 0.6188780053428317 0.9252003561887802 0.7666963490650044 0.7577916295636687 0.7666963490650044
4 0.45770258236865546 0.20837043633125557 0.6073018699910955 0.20837043633125557 0.6073018699910955 0.36242208370436324 0.45770258236865546 0.36242208370436324
4 0.3490650044523598 0.20480854853072128 0.47016918967052534 0.20480854853072128 0.47016918967052534 0.3330365093499555 0.3490650044523598 0.3330365093499555
4 0.0881567230632235 0.21193232413178986 0.24487978628673196 0.21193232413178986 0.24487978628673196 0.3312555654496883 0.0881567230632235 0.3312555654496883
4 0.04007123775601069 0.45859305431878894 0.20035618878005346 0.45859305431878894 0.20035618878005346 0.6144256455921638 0.04007123775601069 0.6144256455921638
4 0.19056099732858414 0.12911843276936777 0.32591273374888685 0.12911843276936777 0.32591273374888685 0.2635796972395369 0.19056099732858414 0.2635796972395369
4 0.6482635796972396 0.017809439002671415 0.7934105075690115 0.017809439002671415 0.7934105075690115 0.1816562778272484 0.6482635796972396 0.1816562778272484
