0 0.44434550311665183 0.446126447016919 0.7417631344612644 0.446126447016919 0.7417631344612644 0.7729296527159394 0.44434550311665183 0.7729296527159394
0 0.3072128227960818 0.06589492430988424 0.6135351736420303 0.06589492430988424 0.6135351736420303 0.3704363312555654 0.3072128227960818 0.3704363312555654
0 0.6776491540516474 0.12021371326803205 0.9465716829919859 0.12021371326803205 0.9465716829919859 0.3757791629563668 0.6776491540516474 0.3757791629563668
0 0.699020480854853 0.0 0.9634906500445236 0.0 0.9634906500445236 0.11665182546749776 0.699020480854853 0.11665182546749776
0 0.7978628673196795 0.5244879786286732 0.9839715048975958 0.5244879786286732 0.9839715048975958 0.7257346393588602 0.7978628673196795 0.7257346393588602
0 0.7097061442564558 0.3446126447016919 0.9510240427426536 0.3446126447016919 0.9510240427426536 0.5565449688334818 0.7097061442564558 0.5565449688334818
0 0.10952804986642921 0.3873552983081033 0.46927871772039187 0.3873552983081033 0.46927871772039187 0.7444345503116652 0.10952804986642921 0.7444345503116652
0 0.09706144256455923 0.6829919857524487 0.3935886019590384 0.6829919857524487 0.3935886019590384 0.9902048085485308 0.09706144256455923 0.9902048085485308
0 0.4211932324131791 0.7248441674087267 0.6696349065004453 0.7248441674087267 0.6696349065004453 0.9884238646482635 0.4211932324131791 0.9884238646482635
0 0.048085485307212815 0.09617097061442563 0.3196794300979519 0.09617097061442563 0.3196794300979519 0.36153161175422965 0.048085485307212815 0.36153161175422965
