14 0.4122885129118432 0.4683882457702582 0.6179875333926981 0.4683882457702582 0.6179875333926981 0.6634016028495102 0.4122885129118432 0.6634016028495102
14 0.5609973285841496 0.3223508459483526 0.7364203027604631 0.3223508459483526 0.7364203027604631 0.5164737310774711 0.5609973285841496 0.5164737310774711
14 0.3811219946571683 0.3107747105966162 0.5467497773820125 0.3107747105966162 0.5467497773820125 0.4790739091718611 0.3811219946571683 0.4790739091718611
14 0.22083704363312556 0.30632235084594833 0.3820124666073018 0.30632235084594833 0.3820124666073018 0.4532502226179875 0.22083704363312556 0.4532502226179875
14 0.6562778272484415 0.1807658058771149 0.8628673196794299 0.1807658058771149 0.8628673196794299 0.3624220837043634 0.6562778272484415 0.3624220837043634
14 0.7773820124666072 0.0427426536064114 0.9626001780943899 0.0427426536064114 0.9626001780943899 0.22974176313446126 0.7773820124666072 0.22974176313446126
14 0.5084594835262689 0.182546749777382 0.6785396260017809 0.182546749777382 0.6785396260017809 0.3455031166518254 0.5084594835262689 0.3455031166518254
14 0.47462154942119317 0.041852181656277826 0.6268922528940338 0.041852181656277826 0.6268922528940338 0.20837043633125554 0.47462154942119317 0.20837043633125554
14 0.34995547640249325 0.16295636687444348 0.5031166518254674 0.16295636687444348 0.5031166518254674 0.3285841495992876 0.34995547640249325 0.3285841495992876
14 0.3357079252003562 0.04363312555654497 0.5040071237756011 0.04363312555654497 0.5040071237756011 0.2030276046304541 0.3357079252003562 0.2030276046304541
14 0.2021371326803206 0.04630454140694569 0.3365983971504897 0.04630454140694569 0.3365983971504897 0.18343722172751561 0.2021371326803206 0.18343722172751561
14 0.19679430097951914 0.1620658949243099 0.3508459483526269 0.1620658949243099 0.3508459483526269 0.3205699020480855 0.19679430097951914 0.3205699020480855
14 0.06767586821015138 0.170080142475512 0.21104185218165625 0.170080142475512 0.21104185218165625 0.3063223508459484 0.06767586821015138 0.3063223508459484
14 0.08281389136242208 0.28495102404274264 0.20658949243098843 0.28495102404274264 0.20658949243098843 0.4158504007123776 0.08281389136242208 0.4158504007123776
14 0.09617097061442566 0.3989314336598398 0.2377560106856634 0.3989314336598398 0.2377560106856634 0.5752448797862868 0.09617097061442566 0.5752448797862868
14 0.2341941228851291 0.4176313446126446 0.40694568121104185 0.4176313446126446 0.40694568121104185 0.605520926090828 0.2341941228851291 0.605520926090828
14 0.6705253784505788 0.6571682991985752 0.9082813891362422 0.6571682991985752 0.9082813891362422 0.8895814781834372 0.6705253784505788 0.8895814781834372
14 0.45592163846838824 0.6438112199465716 0.6669634906500446 0.6438112199465716 0.6669634906500446 0.8530721282279609 0.45592163846838824 0.8530721282279609
14 0.25823686553873554 0.6001780943900268 0.4603739982190561 0.6001780943900268 0.4603739982190561 0.8290293855743546 0.25823686553873554 0.8290293855743546
14 0.0854853072128228 0.5921638468388246 0.27248441674087265 0.5921638468388246 0.27248441674087265 0.7916295636687445 0.0854853072128228 0.7916295636687445
