0 0.42831700801424755 0.17275155832591274 0.6482635796972396 0.17275155832591274 0.6482635796972396 0.41495992876224397 0.42831700801424755 0.41495992876224397
0 0.7248441674087266 0.0917186108637578 0.9715048975957258 0.0917186108637578 0.9715048975957258 0.39715048975957257 0.7248441674087266 0.39715048975957257
0 0.34639358860195896 0.4817453250222618 0.6313446126447017 0.4817453250222618 0.6313446126447017 0.7773820124666073 0.34639358860195896 0.7773820124666073
0 0.18165627782724847 0.1522707034728406 0.46749777382012464 0.1522707034728406 0.46749777382012464 0.4078361531611755 0.18165627782724847 0.4078361531611755
0 0.7186108637577917 0.3686553873552983 0.9661620658949245 0.3686553873552983 0.9661620658949245 0.6260017809439004 0.7186108637577917 0.6260017809439004
0 0.8005342831700801 0.6331255565449688 0.9545859305431879 0.6331255565449688 0.9545859305431879 0.8530721282279609 0.8005342831700801 0.8530721282279609
0 0.5681211041852182 0.5779162956366874 0.8263579697239537 0.5779162956366874 0.8263579697239537 0.8949243098842387 0.5681211041852182 0.8949243098842387
0 0.05966162065894924 0.3535173642030276 0.3054318788958148 0.3535173642030276 0.3054318788958148 0.616206589492431 0.05966162065894924 0.616206589492431
0 0.003561887800534283 0.5939447907390917 0.21727515583259127 0.5939447907390917 0.21727515583259127 0.7969723953695458 0.003561887800534283 0.7969723953695458
0 0.0026714158504007124 0.02226179875333927 0.2475512021371327 0.02226179875333927 0.2475512021371327 0.28495102404274264 0.0026714158504007124 0.28495102404274264
0 0.06945681211041853 0.7203918076580587 0.358860195903829 0.7203918076580587 0.358860195903829 1.0 0.06945681211041853 1.0
