14 0.32947462154942125 0.40872662511130897 0.5280498664292076 0.40872662511130897 0.5280498664292076 0.6081923419412288 0.32947462154942125 0.6081923419412288
14 0.4915405164737311 0.5004452359750667 0.6847729296527161 0.5004452359750667 0.6847729296527161 0.6749777382012467 0.4915405164737311 0.6749777382012467
14 0.7168299198575245 0.3303650934995548 0.8708815672306321 0.3303650934995548 0.8708815672306321 0.48530721282279604 0.7168299198575245 0.48530721282279604
14 0.23686553873552982 0.560106856634016 0.439893143365984 0.560106856634016 0.439893143365984 0.7479964381121995 0.23686553873552982 0.7479964381121995
14 0.12555654496883342 0.41585040071237744 0.29474621549421187 0.41585040071237744 0.29474621549421187 0.5886019590382899 0.12555654496883342 0.5886019590382899
14 0.2475512021371327 0.31522707034728403 0.4078361531611754 0.31522707034728403 0.4078361531611754 0.4657168299198575 0.2475512021371327 0.4657168299198575
14 0.33392698130008897 0.18878005342831702 0.4808548530721283 0.18878005342831702 0.4808548530721283 0.3428317008014248 0.33392698130008897 0.3428317008014248
14 0.49955476402493315 0.20035618878005346 0.6357969723953695 0.20035618878005346 0.6357969723953695 0.34728406055209265 0.49955476402493315 0.34728406055209265
14 0.5547640249332146 0.3285841495992876 0.7105966162065895 0.3285841495992876 0.7105966162065895 0.4870881567230632 0.5547640249332146 0.4870881567230632
14 0.4016028495102404 0.31789848619768485 0.5449688334817453 0.31789848619768485 0.5449688334817453 0.47016918967052534 0.4016028495102404 0.47016918967052534
14 0.655387355298308 0.5903829029385574 0.8423864648263579 0.5903829029385574 0.8423864648263579 0.7773820124666073 0.655387355298308 0.7773820124666073
14 0.7373107747105966 0.44612644701691884 0.9162956366874442 0.44612644701691884 0.9162956366874442 0.6277827248441672 0.7373107747105966 0.6277827248441672
14 0.8281389136242207 0.5743544078361533 1.0 0.5743544078361533 1.0 0.7845057880676761 0.8281389136242207 0.7845057880676761
14 0.8593054318788957 0.3526268922528939 1.0 0.3526268922528939 1.0 0.49955476402493304 0.8593054318788957 0.49955476402493304
14 0.844167408726625 0.1246660730186999 0.9857524487978627 0.1246660730186999 0.9857524487978627 0.25289403383793413 0.844167408726625 0.25289403383793413
14 0.77560106856634 0.23864648263579696 0.9073909171861088 0.23864648263579696 0.9073909171861088 0.36776491540516476 0.77560106856634 0.36776491540516476
14 0.6384683882457702 0.21816562778272483 0.7818343722172753 0.21816562778272483 0.7818343722172753 0.35707925200356183 0.6384683882457702 0.35707925200356183
14 0.5609973285841496 0.10774710596616206 0.711487088156723 0.10774710596616206 0.711487088156723 0.23597506678539623 0.5609973285841496 0.23597506678539623
14 0.12288512911843277 0.2902938557435441 0.2804986642920749 0.2902938557435441 0.2804986642920749 0.43633125556544966 0.12288512911843277 0.43633125556544966
14 0.19679430097951914 0.18699910952804988 0.3312555654496883 0.18699910952804988 0.3312555654496883 0.3241317898486198 0.19679430097951914 0.3241317898486198
