0 0.16295636687444348 0.7016918967052539 0.346393588601959 0.7016918967052539 0.346393588601959 0.9127337488869102 0.16295636687444348 0.9127337488869102
0 0.3882457702582369 0.7034728406055212 0.5592163846838825 0.7034728406055212 0.5592163846838825 0.9056099732858418 0.3882457702582369 0.9056099732858418
0 0.6963490650044524 0.7845057880676759 0.8432769367764915 0.7845057880676759 0.8432769367764915 0.9519145146927872 0.6963490650044524 0.9519145146927872
0 0.5930543187889582 0.6384683882457702 0.7337488869100625 0.6384683882457702 0.7337488869100625 0.8121104185218166 0.5930543187889582 0.8121104185218166
0 0.46215494211932323 0.5512021371326803 0.5894924309884239 0.5512021371326803 0.5894924309884239 0.6847729296527159 0.46215494211932323 0.6847729296527159
0 0.27960819234194123 0.5396260017809439 0.43455031166518254 0.5396260017809439 0.43455031166518254 0.6999109528049865 0.27960819234194123 0.6999109528049865
0 0.048975957257346395 0.566340160284951 0.22885129118432773 0.566340160284951 0.22885129118432773 0.7453250222617988 0.048975957257346395 0.7453250222617988
0 0.6420302760463046 0.4158504007123776 0.7533392698130008 0.4158504007123776 0.7533392698130008 0.5583259127337489 0.6420302760463046 0.5583259127337489
0 0.7729296527159394 0.6322350845948352 0.906500445235975 0.6322350845948352 0.906500445235975 0.7978628673196795 0.7729296527159394 0.7978628673196795
0 0.048085485307212815 0.1807658058771149 0.20480854853072128 0.1807658058771149 0.20480854853072128 0.33481745325022266 0.048085485307212815 0.33481745325022266
0 0.7417631344612645 0.20747996438112198 0.8486197684772931 0.20747996438112198 0.8486197684772931 0.3357079252003562 0.7417631344612645 0.3357079252003562
0 0.6963490650044524 0.32947462154942125 0.8245770258236864 0.32947462154942125 0.8245770258236864 0.4550311665182547 0.6963490650044524 0.4550311665182547
0 0.4292074799643812 0.4078361531611755 0.5547640249332147 0.4078361531611755 0.5547640249332147 0.5431878895814782 0.4292074799643812 0.5431878895814782
0 0.15316117542297414 0.4292074799643812 0.29563668744434546 0.4292074799643812 0.29563668744434546 0.578806767586821 0.15316117542297414 0.578806767586821
0 0.46660730186999105 0.26625111308993765 0.5779162956366874 0.26625111308993765 0.5779162956366874 0.39269813000890474 0.46660730186999105 0.39269813000890474
0 0.41852181656277826 0.07658058771148708 0.5494211932324131 0.07658058771148708 0.5494211932324131 0.21994657168299198 0.41852181656277826 0.21994657168299198
0 0.8067675868210151 0.4870881567230632 0.9439002671415853 0.4870881567230632 0.9439002671415853 0.6260017809439004 0.8067675868210151 0.6260017809439004
