6 0.4479073909171861 0.4657168299198575 0.5209260908281388 0.4657168299198575 0.5209260908281388 0.5378450578806767 0.4479073909171861 0.5378450578806767
6 0.3205699020480855 0.4933214603739982 0.39536954585930545 0.4933214603739982 0.39536954585930545 0.5672306322350845 0.3205699020480855 0.5672306322350845
6 0.27248441674087265 0.44434550311665183 0.3410507569011576 0.44434550311665183 0.3410507569011576 0.5164737310774711 0.27248441674087265 0.5164737310774711
6 0.32502226179875326 0.3606411398040962 0.41050756901157615 0.3606411398040962 0.41050756901157615 0.44879786286731965 0.32502226179875326 0.44879786286731965
6 0.24398931433659843 0.3686553873552983 0.3250222617987533 0.3686553873552983 0.3250222617987533 0.4327693677649154 0.24398931433659843 0.4327693677649154
6 0.5814781834372217 0.44968833481745324 0.6616206589492432 0.44968833481745324 0.6616206589492432 0.5164737310774711 0.5814781834372217 0.5164737310774711
6 0.5200356188780053 0.4835262689225289 0.5788067675868209 0.4835262689225289 0.5788067675868209 0.552092609082814 0.5200356188780053 0.552092609082814
6 0.5921638468388246 0.5182546749777382 0.6705253784505788 0.5182546749777382 0.6705253784505788 0.5930543187889582 0.5921638468388246 0.5930543187889582
6 0.43633125556544966 0.5841495992876226 0.5235975066785397 0.5841495992876226 0.5235975066785397 0.658058771148709 0.43633125556544966 0.658058771148709
6 0.3170080142475512 0.5930543187889582 0.3971504897595726 0.5930543187889582 0.3971504897595726 0.6669634906500446 0.3170080142475512 0.6669634906500446
6 0.15048975957257346 0.5618878005342832 0.24398931433659843 0.5618878005342832 0.24398931433659843 0.6375779162956366 0.15048975957257346 0.6375779162956366
6 0.13535173642030277 0.48619768477292963 0.22261798753339274 0.48619768477292963 0.22261798753339274 0.583259127337489 0.13535173642030277 0.583259127337489
6 0.22617987533392697 0.4853072128227961 0.29029385574354416 0.4853072128227961 0.29029385574354416 0.560106856634016 0.22617987533392697 0.560106856634016
6 0.3829029385574355 0.39715048975957257 0.4781834372217276 0.39715048975957257 0.4781834372217276 0.4755120213713268 0.3829029385574355 0.4755120213713268
6 0.40961709706144256 0.3455031166518255 0.4951024042742654 0.3455031166518255 0.4951024042742654 0.42475512021371326 0.40961709706144256 0.42475512021371326
6 0.4140694568121105 0.29385574354407834 0.48708815672306327 0.29385574354407834 0.48708815672306327 0.3668744434550311 0.4140694568121105 0.3668744434550311
6 0.22083704363312556 0.3205699020480855 0.3187889581478183 0.3205699020480855 0.3187889581478183 0.39091718610863757 0.22083704363312556 0.39091718610863757
6 0.4772929652715939 0.6340160284951024 0.5707925200356189 0.6340160284951024 0.5707925200356189 0.7203918076580588 0.4772929652715939 0.7203918076580588
6 0.5743544078361532 0.5886019590382903 0.6544968833481746 0.5886019590382903 0.6544968833481746 0.667853962600178 0.5743544078361532 0.667853962600178
6 0.7346393588601959 0.5672306322350846 0.8254674977738202 0.5672306322350846 0.8254674977738202 0.6438112199465716 0.7346393588601959 0.6438112199465716
6 0.6081923419412288 0.703472840605521 0.7079252003561889 0.703472840605521 0.7079252003561889 0.7889581478183436 0.6081923419412288 0.7889581478183436
6 0.5111308993766697 0.375779162956367 0.5939447907390918 0.375779162956367 0.5939447907390918 0.4594835262689227 0.5111308993766697 0.4594835262689227
6 0.5458593054318789 0.28227960819234194 0.6090828138913623 0.28227960819234194 0.6090828138913623 0.3455031166518254 0.5458593054318789 0.3455031166518254
6 0.5075690115761353 0.3223508459483526 0.5805877114870881 0.3223508459483526 0.5805877114870881 0.3909171861086376 0.5075690115761353 0.3909171861086376
6 0.1246660730186999 0.40694568121104185 0.2163846838824577 0.40694568121104185 0.2163846838824577 0.4746215494211933 0.1246660730186999 0.4746215494211933
6 0.07390917186108638 0.3722172751558326 0.15405164737310775 0.3722172751558326 0.15405164737310775 0.433659839715049 0.07390917186108638 0.433659839715049
6 0.1585040071237756 0.3161175422974176 0.23597506678539626 0.3161175422974176 0.23597506678539626 0.39002671415850393 0.1585040071237756 0.39002671415850393
6 0.1460373998219056 0.2680320569902048 0.2128227960819234 0.2680320569902048 0.2128227960819234 0.3294746215494212 0.1460373998219056 0.3294746215494212
6 0.21104185218165625 0.20926090828138913 0.29029385574354405 0.20926090828138913 0.29029385574354405 0.2787177203918077 0.21104185218165625 0.2787177203918077
