14 0.3187889581478183 0.26357969723953695 0.472840605520926 0.26357969723953695 0.472840605520926 0.4042742653606412 0.3187889581478183 0.4042742653606412
14 0.19946571682991987 0.27515583259127335 0.3250222617987533 0.27515583259127335 0.3250222617987533 0.4016028495102404 0.19946571682991987 0.4016028495102404
14 0.6500445235975065 0.35084594835262695 0.819234194122885 0.35084594835262695 0.819234194122885 0.5200356188780053 0.6500445235975065 0.5200356188780053
14 0.6233303650934996 0.25289403383793413 0.7729296527159396 0.25289403383793413 0.7729296527159396 0.3935886019590383 0.6233303650934996 0.3935886019590383
14 0.4808548530721282 0.21994657168299198 0.6313446126447017 0.21994657168299198 0.6313446126447017 0.35707925200356183 0.4808548530721282 0.35707925200356183
14 0.43455031166518254 0.34995547640249325 0.5841495992876223 0.34995547640249325 0.5841495992876223 0.5013357079252002 0.43455031166518254 0.5013357079252002
14 0.1896705253784506 0.4354407836153161 0.3722172751558326 0.4354407836153161 0.3722172751558326 0.6179875333926982 0.1896705253784506 0.6179875333926982
14 0.08370436331255565 0.3748886910062334 0.25912733748886907 0.3748886910062334 0.25912733748886907 0.5494211932324132 0.08370436331255565 0.5494211932324132
14 0.07212822796081923 0.27604630454140694 0.21371326803205704 0.27604630454140694 0.21371326803205704 0.4140694568121105 0.07212822796081923 0.4140694568121105
14 0.5253784505788067 0.46749777382012464 0.686553873552983 0.46749777382012464 0.686553873552983 0.6162065894924309 0.5253784505788067 0.6162065894924309
14 0.32591273374888696 0.48441674087266245 0.4853072128227961 0.48441674087266245 0.4853072128227961 0.6295636687444345 0.32591273374888696 0.6295636687444345
14 0.0 0.49777382012466614 0.16562778272484416 0.49777382012466614 0.16562778272484416 0.6527159394479074 0.0 0.6527159394479074
14 2.636779683484747e-18 0.3855743544078363 0.11130899376669634 0.3855743544078363 0.11130899376669634 0.5218165627782726 2.636779683484747e-18 0.5218165627782726
