0 0.5271593944790739 0.6723063223508459 0.6678539626001782 0.6723063223508459 0.6678539626001782 0.8227960819234194 0.5271593944790739 0.8227960819234194
0 0.8076580587711487 0.8334817453250223 0.9528049866429207 0.8334817453250223 0.9528049866429207 0.9732858414959928 0.8076580587711487 0.9732858414959928
0 0.6366874443455031 0.8512911843276938 0.7951914514692788 0.8512911843276938 0.7951914514692788 0.9973285841495994 0.6366874443455031 0.9973285841495994
0 0.340160284951024 0.7880676758682101 0.5351736420302761 0.7880676758682101 0.5351736420302761 0.9626001780943901 0.340160284951024 0.9626001780943901
0 0.2920747996438112 0.5271593944790739 0.42831700801424755 0.5271593944790739 0.42831700801424755 0.6589492430988424 0.2920747996438112 0.6589492430988424
0 0.19946571682991987 0.3481745325022262 0.3116651825467498 0.3481745325022262 0.3116651825467498 0.48530721282279604 0.19946571682991987 0.48530721282279604
0 0.39536954585930545 0.24131789848619772 0.5200356188780053 0.24131789848619772 0.5200356188780053 0.3544078361531612 0.39536954585930545 0.3544078361531612
0 0.0 0.751558325912734 0.1291184327693678 0.751558325912734 0.1291184327693678 0.9519145146927873 0.0 0.9519145146927873
0 0.5102404274265361 0.44078361531611754 0.6268922528940338 0.44078361531611754 0.6268922528940338 0.5796972395369546 0.5102404274265361 0.5796972395369546
0 0.5770258236865539 0.3072128227960819 0.6642920747996438 0.3072128227960819 0.6642920747996438 0.4309884238646482 0.5770258236865539 0.4309884238646482
0 0.8504007123775601 0.5360641139804097 0.9528049866429207 0.5360641139804097 0.9528049866429207 0.6500445235975066 0.8504007123775601 0.6500445235975066
0 0.3116651825467498 0.6322350845948352 0.45592163846838824 0.6322350845948352 0.45592163846838824 0.7684772929652716 0.3116651825467498 0.7684772929652716
0 0.40872662511130897 0.4042742653606412 0.5218165627782725 0.4042742653606412 0.5218165627782725 0.5218165627782725 0.40872662511130897 0.5218165627782725
0 0.1896705253784506 0.4808548530721282 0.3401602849510241 0.4808548530721282 0.3401602849510241 0.6340160284951024 0.1896705253784506 0.6340160284951024
0 0.4007123775601069 0.06589492430988424 0.5013357079252004 0.06589492430988424 0.5013357079252004 0.15672306322350843 0.4007123775601069 0.15672306322350843
