0 0.45235975066785394 0.377560106856634 0.616206589492431 0.377560106856634 0.616206589492431 0.5298308103294744 0.45235975066785394 0.5298308103294744
0 0.14692787177203917 0.5316117542297417 0.3490650044523597 0.5316117542297417 0.3490650044523597 0.7230632235084595 0.14692787177203917 0.7230632235084595
0 0.47016918967052546 0.5316117542297417 0.6616206589492432 0.5316117542297417 0.6616206589492432 0.7275155832591275 0.47016918967052546 0.7275155832591275
0 0.19946571682991987 0.3597506678539626 0.33748886910062337 0.3597506678539626 0.33748886910062337 0.4951024042742654 0.19946571682991987 0.4951024042742654
0 0.4416740872662511 0.26892252894033836 0.591273374888691 0.26892252894033836 0.591273374888691 0.39091718610863757 0.4416740872662511 0.39091718610863757
0 0.5823686553873553 0.21727515583259127 0.717720391807658 0.21727515583259127 0.717720391807658 0.346393588601959 0.5823686553873553 0.346393588601959
0 0.6135351736420303 0.3410507569011576 0.7542297417631344 0.3410507569011576 0.7542297417631344 0.4657168299198575 0.6135351736420303 0.4657168299198575
0 0.6277827248441674 0.4772929652715939 0.7684772929652717 0.4772929652715939 0.7684772929652717 0.6028495102404274 0.6277827248441674 0.6028495102404274
0 0.3321460373998219 0.44523597506678536 0.4683882457702582 0.44523597506678536 0.4683882457702582 0.5868210151380231 0.3321460373998219 0.5868210151380231
0 0.3285841495992876 0.31522707034728403 0.46215494211932323 0.31522707034728403 0.46215494211932323 0.44078361531611754 0.3285841495992876 0.44078361531611754
0 0.21282279608192345 0.2475512021371327 0.3410507569011576 0.2475512021371327 0.3410507569011576 0.36509349955476406 0.21282279608192345 0.36509349955476406
0 0.3312555654496883 0.21104185218165625 0.4683882457702582 0.21104185218165625 0.4683882457702582 0.3365983971504897 0.3312555654496883 0.3365983971504897
0 0.008014247551202136 0.4113980409617098 0.18610863757791635 0.4113980409617098 0.18610863757791635 0.572573463935886 0.008014247551202136 0.572573463935886
0 0.3116651825467498 0.5734639358860196 0.4790739091718611 0.5734639358860196 0.4790739091718611 0.7346393588601959 0.3116651825467498 0.7346393588601959
