1 0.09528049866429207 0.553873552983081 0.3054318788958148 0.553873552983081 0.3054318788958148 0.7711487088156723 0.09528049866429207 0.7711487088156723
1 0.30365093499554763 0.5859305431878896 0.47996438112199463 0.5859305431878896 0.47996438112199463 0.7613535173642031 0.30365093499554763 0.7613535173642031
1 0.5351736420302761 0.7088156723063223 0.7203918076580587 0.7088156723063223 0.7203918076580587 0.8895814781834372 0.5351736420302761 0.8895814781834372
1 0.642920747996438 0.6268922528940338 0.8406055209260909 0.6268922528940338 0.8406055209260909 0.7996438112199465 0.642920747996438 0.7996438112199465
1 0.5636687444345503 0.4933214603739982 0.7560106856634015 0.4933214603739982 0.7560106856634015 0.6455921638468387 0.5636687444345503 0.6455921638468387
1 0.5262689225289403 0.37310774710596617 0.6999109528049866 0.37310774710596617 0.6999109528049866 0.4986642920747996 0.5262689225289403 0.4986642920747996
1 0.365093499554764 0.3481745325022263 0.5316117542297417 0.3481745325022263 0.5316117542297417 0.49154051647373126 0.365093499554764 0.49154051647373126
1 0.13089937666963491 0.3686553873552983 0.33926981300089043 0.3686553873552983 0.33926981300089043 0.5075690115761353 0.13089937666963491 0.5075690115761353
1 0.3597506678539626 0.1861086375779163 0.5583259127337489 0.1861086375779163 0.5583259127337489 0.36776491540516476 0.3597506678539626 0.36776491540516476
1 0.4933214603739982 0.12733748886910062 0.6473731077471059 0.12733748886910062 0.6473731077471059 0.29385574354407845 0.4933214603739982 0.29385574354407845
1 0.6108637577916296 0.08103294746215495 0.7818343722172751 0.08103294746215495 0.7818343722172751 0.2617987533392698 0.6108637577916296 0.2617987533392698
1 0.591273374888691 0.23864648263579696 0.7560106856634018 0.23864648263579696 0.7560106856634018 0.3900267141585041 0.591273374888691 0.3900267141585041
1 0.24220837043633123 0.2804986642920748 0.4078361531611754 0.2804986642920748 0.4078361531611754 0.4309884238646482 0.24220837043633123 0.4309884238646482
1 0.07212822796081923 0.24220837043633123 0.2466607301869991 0.24220837043633123 0.2466607301869991 0.39002671415850393 0.07212822796081923 0.39002671415850393
1 0.16651825467497777 0.10774710596616206 0.36331255565449694 0.10774710596616206 0.36331255565449694 0.257346393588602 0.16651825467497777 0.257346393588602
1 0.3490650044523598 0.4888691006233304 0.5280498664292075 0.4888691006233304 0.5280498664292075 0.6313446126447017 0.3490650044523598 0.6313446126447017
1 0.2537845057880677 0.7560106856634018 0.45770258236865546 0.7560106856634018 0.45770258236865546 1.0 0.2537845057880677 1.0
1 5.1408368014700046e-18 0.7569011576135339 0.21015138023152263 0.7569011576135339 0.21015138023152263 0.9946571682991977 5.1408368014700046e-18 0.9946571682991977
1 0.14781834372217276 0.5031166518254675 0.32947462154942114 0.5031166518254675 0.32947462154942114 0.5939447907390917 0.14781834372217276 0.5939447907390917
