9 0.5191451469278717 0.3998219056099732 0.7417631344612645 0.3998219056099732 0.7417631344612645 0.6260017809439002 0.5191451469278717 0.6260017809439002
9 0.7943009795191451 0.4292074799643812 0.9804096170970612 0.4292074799643812 0.9804096170970612 0.6260017809439004 0.7943009795191451 0.6260017809439004
9 0.7364203027604629 0.22261798753339268 0.9982190560997329 0.22261798753339268 0.9982190560997329 0.4594835262689225 0.7364203027604629 0.4594835262689225
9 0.6215494211932324 0.5084594835262689 0.844167408726625 0.5084594835262689 0.844167408726625 0.7266251113089937 0.6215494211932324 0.7266251113089937
9 0.8076580587711485 0.6331255565449686 0.9999999999999997 0.6331255565449686 0.9999999999999997 0.8281389136242209 0.8076580587711485 0.8281389136242209
9 0.8076580587711487 0.7212822796081924 0.871772039180766 0.7212822796081924 0.871772039180766 0.7221727515583259 0.8076580587711487 0.7221727515583259
9 0.5387355298308103 0.6455921638468388 0.7141585040071238 0.6455921638468388 0.7141585040071238 0.8130008904719501 0.5387355298308103 0.8130008904719501
9 0.3187889581478183 0.46927871772039187 0.5503116651825467 0.46927871772039187 0.5503116651825467 0.7016918967052538 0.3187889581478183 0.7016918967052538
9 0.041852181656277826 0.5894924309884239 0.2840605520926091 0.5894924309884239 0.2840605520926091 0.7960819234194124 0.041852181656277826 0.7960819234194124
9 0.008014247551202152 0.32146037399821914 0.2894033837934105 0.32146037399821914 0.2894033837934105 0.5877114870881569 0.008014247551202152 0.5877114870881569
9 0.05431878895814782 0.04630454140694569 0.32146037399821903 0.04630454140694569 0.32146037399821903 0.3009795191451469 0.05431878895814782 0.3009795191451469
9 0.3597506678539626 0.16651825467497777 0.5556544968833481 0.16651825467497777 0.5556544968833481 0.3704363312555655 0.3597506678539626 0.3704363312555655
9 0.5227070347284061 0.23686553873552985 0.7248441674087266 0.23686553873552985 0.7248441674087266 0.4470169189670526 0.5227070347284061 0.4470169189670526
9 0.642920747996438 0.13000890471950136 0.8441674087266249 0.13000890471950136 0.8441674087266249 0.3232413178984862 0.642920747996438 0.3232413178984862
9 0.4220837043633125 0.028495102404274265 0.6028495102404273 0.028495102404274265 0.6028495102404273 0.1941228851291184 0.4220837043633125 0.1941228851291184
9 0.7560106856634015 4.440892098500626e-18 0.9697239536954585 4.440892098500626e-18 0.9697239536954585 0.1807658058771149 0.7560106856634015 0.1807658058771149
