1 0.5583259127337489 0.3793410507569012 0.691006233303651 0.3793410507569012 0.691006233303651 0.4594835262689226 0.5583259127337489 0.4594835262689226
1 0.39091718610863757 0.35796972395369553 0.4719501335707925 0.35796972395369553 0.4719501335707925 0.46749777382012464 0.39091718610863757 0.46749777382012464
1 0.19056099732858414 0.5084594835262689 0.33926981300089043 0.5084594835262689 0.33926981300089043 0.5912733748886909 0.19056099732858414 0.5912733748886909
1 0.40694568121104185 0.4853072128227961 0.508459483526269 0.4853072128227961 0.508459483526269 0.591273374888691 0.40694568121104185 0.591273374888691
1 0.572573463935886 0.5930543187889582 0.7346393588601959 0.5930543187889582 0.7346393588601959 0.6821015138023153 0.572573463935886 0.6821015138023153
1 0.5592163846838825 0.6829919857524487 0.7105966162065893 0.6829919857524487 0.7105966162065893 0.7782724844167409 0.5592163846838825 0.7782724844167409
1 0.7640249332146037 0.6135351736420303 0.9002671415850402 0.6135351736420303 0.9002671415850402 0.7399821905609972 0.7640249332146037 0.7399821905609972
1 0.6509349955476402 0.4897595725734639 0.7399821905609972 0.4897595725734639 0.7399821905609972 0.5966162065894923 0.6509349955476402 0.5966162065894923
1 0.5609973285841496 0.5218165627782725 0.6357969723953696 0.5218165627782725 0.6357969723953696 0.6055209260908281 0.5609973285841496 0.6055209260908281
1 0.44968833481745324 0.5877114870881567 0.5520926090828138 0.5877114870881567 0.5520926090828138 0.7123775601068567 0.44968833481745324 0.7123775601068567
1 0.23686553873552982 0.634906500445236 0.37934105075690117 0.634906500445236 0.37934105075690117 0.7230632235084594 0.23686553873552982 0.7230632235084594
1 0.39536954585930556 0.680320569902048 0.47640249332146045 0.680320569902048 0.47640249332146045 0.7702582368655387 0.39536954585930556 0.7702582368655387
1 0.5476402493321461 0.7880676758682101 0.699020480854853 0.7880676758682101 0.699020480854853 0.9056099732858415 0.5476402493321461 0.9056099732858415
1 0.6901157613535173 0.7150489759572574 0.7934105075690114 0.7150489759572574 0.7934105075690114 0.8967052537845059 0.6901157613535173 0.8967052537845059
1 0.47640249332146034 0.4300979519145147 0.5636687444345504 0.4300979519145147 0.5636687444345504 0.5120213713268033 0.47640249332146034 0.5120213713268033
1 0.7034728406055208 0.4176313446126446 0.8352626892252892 0.4176313446126446 0.8352626892252892 0.5146927871772039 0.7034728406055208 0.5146927871772039
1 0.2626892252894034 0.33303650934995543 0.3686553873552983 0.33303650934995543 0.3686553873552983 0.4024933214603739 0.2626892252894034 0.4024933214603739
1 0.28651580484778943 0.47589515628621354 0.3963025601297798 0.41315986755365236 0.4312045869598669 0.4742384145063094 0.3214178316778765 0.5369737032388705
1 0.1737086629348369 0.37090231215065045 0.2583194870456553 0.358706157323869 0.2750891999324799 0.4750460404762447 0.1904783758216615 0.48724219530302615
1 0.48263579697239545 0.7195013357079253 0.5476402493321462 0.7195013357079253 0.5476402493321462 0.8352626892252896 0.48263579697239545 0.8352626892252896
1 0.5129118432769367 0.2974176313446127 0.6349065004452358 0.2974176313446127 0.6349065004452358 0.3659839715048976 0.5129118432769367 0.3659839715048976
1 0.6878883694665945 0.2823093929284113 0.7471026127621277 0.3256368880227027 0.6842433430996904 0.41154455656136946 0.6250290998041571 0.36821706146707806
1 0.5476402493321461 0.46215494211932323 0.6794300979519146 0.46215494211932323 0.6794300979519146 0.5200356188780053 0.5476402493321461 0.5200356188780053
