0 0.4113980409617098 0.18521816562778276 0.6812110418521817 0.18521816562778276 0.6812110418521817 0.46482635796972405 0.4113980409617098 0.46482635796972405
0 0.7123775601068566 0.0365093499554764 0.9367764915405165 0.0365093499554764 0.9367764915405165 0.28138913624220835 0.7123775601068566 0.28138913624220835
0 0.3223508459483526 0.616206589492431 0.6170970614425646 0.616206589492431 0.6170970614425646 0.9162956366874444 0.3223508459483526 0.9162956366874444
0 0.27871772039180764 0.3722172751558326 0.5102404274265361 0.3722172751558326 0.5102404274265361 0.6081923419412288 0.27871772039180764 0.6081923419412288
0 0.6135351736420303 0.24577025823686555 0.90026714158504 0.24577025823686555 0.90026714158504 0.5476402493321461 0.6135351736420303 0.5476402493321461
0 0.04452359750667854 0.163846838824577 0.2894033837934104 0.163846838824577 0.2894033837934104 0.40516473731077474 0.04452359750667854 0.40516473731077474
0 0.2965271593944788 0.0017809439002671415 0.5645592163846834 0.0017809439002671415 0.5645592163846834 0.207479964381122 0.2965271593944788 0.207479964381122
0 0.5796972395369546 0.5129118432769367 0.8432769367764915 0.5129118432769367 0.8432769367764915 0.7444345503116652 0.5796972395369546 0.7444345503116652
0 0.004452359750667854 0.4719501335707925 0.26001780943900266 0.4719501335707925 0.26001780943900266 0.769367764915405 0.004452359750667854 0.769367764915405
0 0.5378450578806767 0.7150489759572574 0.7141585040071237 0.7150489759572574 0.7141585040071237 0.9439002671415853 0.5378450578806767 0.9439002671415853
