4 0.34283170080142483 0.6233303650934995 0.6126447016918968 0.6233303650934995 0.6126447016918968 0.8352626892252893 0.34283170080142483 0.8352626892252893
4 0.24220837043633123 0.5485307212822796 0.3766696349065005 0.5485307212822796 0.3766696349065005 0.6918967052537847 0.24220837043633123 0.6918967052537847
4 0.0792520035618878 0.6073018699910953 0.26090828138913624 0.6073018699910953 0.26090828138913624 0.77560106856634 0.0792520035618878 0.77560106856634
4 0.703472840605521 0.4220837043633125 0.8949243098842387 0.4220837043633125 0.8949243098842387 0.5903829029385576 0.703472840605521 0.5903829029385576
4 0.6081923419412288 0.5547640249332146 0.7871772039180766 0.5547640249332146 0.7871772039180766 0.7186108637577916 0.6081923419412288 0.7186108637577916
4 0.4968833481745325 0.7729296527159394 0.7462154942119323 0.7729296527159394 0.7462154942119323 1.0 0.4968833481745325 1.0
4 0.6055209260908282 0.2217275155832591 0.8397150489759572 0.2217275155832591 0.8397150489759572 0.4033837934105075 0.6055209260908282 0.4033837934105075
4 0.4113980409617098 0.4327693677649154 0.6731967943009796 0.4327693677649154 0.6731967943009796 0.6366874443455031 0.4113980409617098 0.6366874443455031
4 0.40516473731077474 0.24487978628673196 0.5752448797862867 0.24487978628673196 0.5752448797862867 0.3935886019590383 0.40516473731077474 0.3935886019590383
4 0.7150489759572574 0.06144256455921639 0.8584149599287624 0.06144256455921639 0.8584149599287624 0.188780053428317 0.7150489759572574 0.188780053428317
4 0.8272484416740873 0.23686553873552946 0.9973285841495989 0.23686553873552946 0.9973285841495989 0.4764024933214598 0.8272484416740873 0.4764024933214598
