0 0.2991985752448798 0.1834372217275156 0.5422974176313446 0.1834372217275156 0.5422974176313446 0.42475512021371326 0.2991985752448798 0.42475512021371326
0 0.5796972395369546 0.1878895814781835 0.7604630454140696 0.1878895814781835 0.7604630454140696 0.38557435440783616 0.5796972395369546 0.38557435440783616
0 0.7533392698130008 0.1246660730186999 0.8869100623330364 0.1246660730186999 0.8869100623330364 0.2466607301869991 0.7533392698130008 0.2466607301869991
0 0.3383793410507569 0.6357969723953696 0.5930543187889582 0.6357969723953696 0.5930543187889582 0.9047195013357079 0.3383793410507569 0.9047195013357079
0 0.4122885129118432 0.4327693677649154 0.6331255565449688 0.4327693677649154 0.6331255565449688 0.647373107747106 0.4122885129118432 0.647373107747106
0 0.6357969723953696 0.49599287622439886 0.8040961709706145 0.49599287622439886 0.8040961709706145 0.6874443455031167 0.6357969723953696 0.6874443455031167
0 0.1585040071237756 0.433659839715049 0.4176313446126448 0.433659839715049 0.4176313446126448 0.709706144256456 0.1585040071237756 0.709706144256456
0 0.7132680320569902 0.8272484416740873 0.9269813000890473 0.8272484416740873 0.9269813000890473 1.0 0.7132680320569902 1.0
0 0.8575244879786286 0.5761353517364203 1.0 0.5761353517364203 1.0 0.7506678539626002 0.8575244879786286 0.7506678539626002
0 0.8370436331255565 0.3695458593054319 1.0 0.3695458593054319 1.0 0.5743544078361531 0.8370436331255565 0.5743544078361531
0 0.14158504007123776 0.17809439002671415 0.35084594835262695 0.17809439002671415 0.35084594835262695 0.40516473731077474 0.14158504007123776 0.40516473731077474
0 0.009795191451469279 0.8664292074799644 0.21549421193232413 0.8664292074799644 0.21549421193232413 1.0 0.009795191451469279 1.0
