0 0.4354407836153161 0.39091718610863757 0.6001780943900267 0.39091718610863757 0.6001780943900267 0.5414069456812111 0.4354407836153161 0.5414069456812111
0 0.24220837043633123 0.4292074799643812 0.39269813000890474 0.4292074799643812 0.39269813000890474 0.5770258236865539 0.24220837043633123 0.5770258236865539
0 0.6821015138023151 0.18165627782724847 0.8227960819234192 0.18165627782724847 0.8227960819234192 0.3330365093499555 0.6821015138023151 0.3330365093499555
0 0.6500445235975065 0.37132680320569894 0.8227960819234196 0.37132680320569894 0.8227960819234196 0.5422974176313445 0.6500445235975065 0.5422974176313445
0 0.0017809439002671415 0.4612644701691896 0.1727515583259127 0.4612644701691896 0.1727515583259127 0.636687444345503 0.0017809439002671415 0.636687444345503
0 0.35796972395369553 0.8005342831700801 0.5449688334817453 0.8005342831700801 0.5449688334817453 0.9866429207479964 0.35796972395369553 0.9866429207479964
0 0.5235975066785397 0.7604630454140696 0.6927871772039181 0.7604630454140696 0.6927871772039181 0.9510240427426536 0.5235975066785397 0.9510240427426536
0 0.07123775601068566 0.7043633125556545 0.26179875333926983 0.7043633125556545 0.26179875333926983 0.8851291184327694 0.07123775601068566 0.8851291184327694
0 0.560106856634016 0.5761353517364203 0.7417631344612645 0.5761353517364203 0.7417631344612645 0.7551202137132681 0.560106856634016 0.7551202137132681
0 0.2965271593944791 0.5414069456812111 0.4612644701691897 0.5414069456812111 0.4612644701691897 0.711487088156723 0.2965271593944791 0.711487088156723
0 0.20747996438112198 0.2983081032947462 0.377560106856634 0.2983081032947462 0.377560106856634 0.44879786286731965 0.20747996438112198 0.44879786286731965
0 0.21727515583259127 0.1878895814781835 0.37934105075690117 0.1878895814781835 0.37934105075690117 0.3312555654496883 0.21727515583259127 0.3312555654496883
0 0.38557435440783616 0.20391807658058775 0.535173642030276 0.20391807658058775 0.535173642030276 0.35351736420302765 0.38557435440783616 0.35351736420302765
0 0.5351736420302761 0.1798753339269813 0.6767586821015138 0.1798753339269813 0.6767586821015138 0.3196794300979519 0.5351736420302761 0.3196794300979519
0 0.8254674977738202 0.3695458593054319 0.9439002671415849 0.3695458593054319 0.9439002671415849 0.49421193232413174 0.8254674977738202 0.49421193232413174
0 0.8495102404274263 0.4853072128227961 0.9661620658949241 0.4853072128227961 0.9661620658949241 0.6019590382902938 0.8495102404274263 0.6019590382902938
0 0.7105966162065895 0.5957257346393589 0.8762243989314337 0.5957257346393589 0.8762243989314337 0.7631344612644703 0.7105966162065895 0.7631344612644703
0 0.8548530721282279 0.5832591273374889 0.993766696349065 0.5832591273374889 0.993766696349065 0.7390917186108638 0.8548530721282279 0.7390917186108638
0 0.7150489759572571 0.8726625111308993 0.8949243098842383 0.8726625111308993 0.8949243098842383 0.9999999999999997 0.7150489759572571 0.9999999999999997
0 0.6509349955476402 0.7390917186108638 0.8032056990204809 0.7390917186108638 0.8032056990204809 0.879786286731968 0.6509349955476402 0.879786286731968
0 0.44879786286731965 0.5013357079252003 0.6064113980409617 0.5013357079252003 0.6064113980409617 0.672306322350846 0.44879786286731965 0.672306322350846
0 0.6055209260908282 0.294746215494212 0.7105966162065895 0.294746215494212 0.7105966162065895 0.4122885129118433 0.6055209260908282 0.4122885129118433
0 0.3624220837043633 0.3303650934995548 0.472840605520926 0.3303650934995548 0.472840605520926 0.42831700801424755 0.3624220837043633 0.42831700801424755
0 0.11398040961709706 0.3606411398040962 0.26001780943900266 0.3606411398040962 0.26001780943900266 0.510240427426536 0.11398040961709706 0.510240427426536
0 0.13891362422083706 0.558325912733749 0.2929652715939448 0.558325912733749 0.2929652715939448 0.7364203027604631 0.13891362422083706 0.7364203027604631
0 0.2778272484416741 0.6883348174532502 0.44701691896705265 0.6883348174532502 0.44701691896705265 0.8557435440783614 0.2778272484416741 0.8557435440783614
