0 0.25823686553873554 0.5138023152270703 0.42030276046304543 0.5138023152270703 0.42030276046304543 0.6482635796972396 0.25823686553873554 0.6482635796972396
0 0.327693677649154 0.19679430097951914 0.4532502226179875 0.19679430097951914 0.4532502226179875 0.32947462154942125 0.327693677649154 0.32947462154942125
0 0.9091718610863758 0.3392698130008905 0.9866429207479964 0.3392698130008905 0.9866429207479964 0.42119323241317896 0.9091718610863758 0.42119323241317896
0 0.9234194122885129 0.6277827248441674 1.0000000000000002 0.6277827248441674 1.0000000000000002 0.7266251113089938 0.9234194122885129 0.7266251113089938
0 0.6776491540516474 0.7435440783615317 0.8094390026714158 0.7435440783615317 0.8094390026714158 0.8771148708815674 0.6776491540516474 0.8771148708815674
0 0.6669634906500446 0.5903829029385574 0.7951914514692787 0.5903829029385574 0.7951914514692787 0.7150489759572574 0.6669634906500446 0.7150489759572574
0 0.4710596616206588 0.49243098842386457 0.5894924309884237 0.49243098842386457 0.5894924309884237 0.6170970614425645 0.4710596616206588 0.6170970614425645
0 0.37399821905609976 0.3766696349065004 0.47284060552092616 0.3766696349065004 0.47284060552092616 0.48530721282279604 0.37399821905609976 0.48530721282279604
0 0.5645592163846839 0.1674087266251113 0.6669634906500446 0.1674087266251113 0.6669634906500446 0.26981300089047194 0.5645592163846839 0.26981300089047194
0 0.46215494211932323 0.232413178984862 0.5627782724844167 0.232413178984862 0.5627782724844167 0.3374888691006234 0.46215494211932323 0.3374888691006234
0 0.6179875333926982 0.3072128227960819 0.7132680320569903 0.3072128227960819 0.7132680320569903 0.40694568121104185 0.6179875333926982 0.40694568121104185
0 0.7871772039180766 0.3321460373998219 0.861086375779163 0.3321460373998219 0.861086375779163 0.4122885129118432 0.7871772039180766 0.4122885129118432
0 0.27871772039180764 0.7845057880676758 0.41941228851291174 0.7845057880676758 0.41941228851291174 0.9349955476402493 0.27871772039180764 0.9349955476402493
0 0.39536954585930545 0.7221727515583259 0.5271593944790739 0.7221727515583259 0.5271593944790739 0.8557435440783615 0.39536954585930545 0.8557435440783615
0 0.11308993766696349 0.755120213713268 0.2742653606411398 0.755120213713268 0.2742653606411398 0.9109528049866429 0.11308993766696349 0.9109528049866429
0 0.07836153161175423 0.5146927871772039 0.219946571682992 0.5146927871772039 0.219946571682992 0.6580587711487087 0.07836153161175423 0.6580587711487087
0 0.19679430097951914 0.4390026714158505 0.3063223508459483 0.4390026714158505 0.3063223508459483 0.5529830810329475 0.19679430097951914 0.5529830810329475
0 0.06233303650934995 0.3998219056099732 0.19946571682991987 0.3998219056099732 0.19946571682991987 0.5280498664292074 0.06233303650934995 0.5280498664292074
0 0.1371326803205699 0.31255565449688333 0.24131789848619772 0.31255565449688333 0.24131789848619772 0.43187889581478184 0.1371326803205699 0.43187889581478184
0 0.25200356188780054 0.13802315227070347 0.3766696349065004 0.13802315227070347 0.3766696349065004 0.24577025823686555 0.25200356188780054 0.24577025823686555
0 0.6518254674977739 0.47996438112199463 0.7791629563668745 0.47996438112199463 0.7791629563668745 0.5894924309884237 0.6518254674977739 0.5894924309884237
0 0.5182546749777381 0.34995547640249375 0.6224398931433661 0.34995547640249375 0.6224398931433661 0.447907390917186 0.5182546749777381 0.447907390917186
0 0.8726625111308993 0.43989314336598395 0.9768477292965272 0.43989314336598395 0.9768477292965272 0.5458593054318788 0.8726625111308993 0.5458593054318788
0 0.8281389136242209 0.8806767586821016 0.943900267141585 0.8806767586821016 0.943900267141585 1.0000000000000002 0.8281389136242209 1.0000000000000002
0 0.49599287622439886 0.77560106856634 0.6384683882457701 0.77560106856634 0.6384683882457701 0.9252003561887802 0.49599287622439886 0.9252003561887802
0 0.377560106856634 0.8432769367764915 0.5004452359750667 0.8432769367764915 0.5004452359750667 0.9661620658949241 0.377560106856634 0.9661620658949241
0 0.47818343722172757 0.44078361531611754 0.566340160284951 0.44078361531611754 0.566340160284951 0.5316117542297417 0.47818343722172757 0.5316117542297417
0 0.570792520035619 0.03829029385574354 0.6776491540516475 0.03829029385574354 0.6776491540516475 0.15405164737310778 0.570792520035619 0.15405164737310778
0 0.6874443455031166 0.04630454140694569 0.7479964381121994 0.04630454140694569 0.7479964381121994 0.12555654496883348 0.6874443455031166 0.12555654496883348
0 0.8352626892252893 0.17275155832591274 0.9091718610863758 0.17275155832591274 0.9091718610863758 0.26090828138913624 0.8352626892252893 0.26090828138913624
0 0.6544968833481746 0.19768477292965272 0.740872662511131 0.19768477292965272 0.740872662511131 0.27070347284060553 0.6544968833481746 0.27070347284060553
0 0.4915405164737311 0.10685663401602849 0.5948352626892253 0.10685663401602849 0.5948352626892253 0.1985752448797863 0.4915405164737311 0.1985752448797863
0 0.8922528940338377 0.2235084594835263 0.958147818343722 0.2235084594835263 0.958147818343722 0.2920747996438112 0.8922528940338377 0.2920747996438112
