1 0.46542000593647964 0.4710596616206588 0.5841495992876223 0.4710596616206588 0.5841495992876223 0.5520926090828137 0.46542000593647964 0.5520926090828137
1 0.197091124962897 0.5529830810329475 0.3241317898486198 0.5529830810329475 0.3241317898486198 0.6170970614425645 0.197091124962897 0.6170970614425645
1 0.476946547936483 0.6440476015555885 0.5716922731425518 0.6749076377655638 0.5191947402796055 0.7655694955058534 0.4244490150735368 0.7347094592958782
1 0.3478777085188483 0.6464826357969724 0.43455031166518254 0.6464826357969724 0.43455031166518254 0.7301869991095281 0.3478777085188483 0.7301869991095281
1 0.22558622736717124 0.6767586821015137 0.3146334223805283 0.6767586821015137 0.3146334223805283 0.7533392698130009 0.22558622736717124 0.7533392698130009
1 0.5817750074205996 0.5405164737310775 0.6589492430988424 0.5405164737310775 0.6589492430988424 0.6242208370436331 0.5817750074205996 0.6242208370436331
1 0.3597506678539626 0.5859305431878896 0.4499851588008311 0.5859305431878896 0.4499851588008311 0.6625111308993766 0.3597506678539626 0.6625111308993766
1 0.5489562817833287 0.6768502551972216 0.6318808391925688 0.6525137003053824 0.6751458256669497 0.7354382577146228 0.5922212682577096 0.759774812606462
1 0.724250519441971 0.6028495102404274 0.807361234787771 0.6028495102404274 0.807361234787771 0.6821015138023152 0.724250519441971 0.6821015138023152
1 0.672009498367468 0.6366874443455031 0.7503710299792223 0.6366874443455031 0.7503710299792223 0.7097061442564558 0.672009498367468 0.7097061442564558
1 0.5319085782131197 0.609973285841496 0.599584446423271 0.609973285841496 0.599584446423271 0.6758682101513803 0.5319085782131197 0.6758682101513803
1 0.3075096467794598 0.5280498664292075 0.4036806173938855 0.5280498664292075 0.4036806173938855 0.6055209260908282 0.3075096467794598 0.6055209260908282
1 0.2825764321757198 0.43633125556544966 0.3716236271890769 0.43633125556544966 0.3716236271890769 0.4906500445235975 0.2825764321757198 0.4906500445235975
1 0.2695161769070941 0.4808548530721282 0.4036806173938854 0.4808548530721282 0.4036806173938854 0.5458593054318789 0.2695161769070941 0.5458593054318789
1 0.07479964381121995 0.41941228851291185 0.14841199168892844 0.41941228851291185 0.14841199168892844 0.48530721282279604 0.07479964381121995 0.48530721282279604
1 0.06411398040961709 0.4808548530721282 0.1626595428910656 0.4808548530721282 0.1626595428910656 0.5547640249332146 0.06411398040961709 0.5547640249332146
1 0.10923122588305137 0.5512021371326803 0.18759275749480558 0.5512021371326803 0.18759275749480558 0.6046304541406946 0.10923122588305137 0.6046304541406946
1 0.14366280795488276 0.5930543187889582 0.25408132977144554 0.5930543187889582 0.25408132977144554 0.6874443455031167 0.14366280795488276 0.6874443455031167
1 0.5330958741466311 0.4007123775601069 0.6090828138913623 0.4007123775601069 0.6090828138913623 0.4621549421193233 0.5330958741466311 0.4621549421193233
1 0.4416740872662511 0.3419412288512912 0.5057880676758681 0.3419412288512912 0.5057880676758681 0.42030276046304543 0.4416740872662511 0.42030276046304543
1 0.2671415850400713 0.3205699020480855 0.3407539329177798 0.3205699020480855 0.3407539329177798 0.3864648263579697 0.2671415850400713 0.3864648263579697
1 0.18165627782724844 0.34995547640249325 0.2730780647076284 0.34995547640249325 0.2730780647076284 0.41406945681211044 0.18165627782724844 0.41406945681211044
1 0.17809439002671415 0.4158504007123776 0.25645592163846836 0.4158504007123776 0.25645592163846836 0.4861976847729296 0.17809439002671415 0.4861976847729296
1 0.6601365390323538 0.4942119323241318 0.7301869991095282 0.4942119323241318 0.7301869991095282 0.5725734639358859 0.6601365390323538 0.5725734639358859
1 0.5972098545562482 0.5040071237756011 0.6601365390323538 0.5040071237756011 0.6601365390323538 0.5565449688334817 0.5972098545562482 0.5565449688334817
1 0.3561887800534283 0.4496883348174532 0.4464232710002968 0.4496883348174532 0.4464232710002968 0.5155832591273373 0.3561887800534283 0.5155832591273373
1 0.46660730186999105 0.5458593054318789 0.5449688334817453 0.5458593054318789 0.5449688334817453 0.603739982190561 0.46660730186999105 0.603739982190561
1 0.16978331849213416 0.21371326803205698 0.25408132977144554 0.21371326803205698 0.25408132977144554 0.26625111308993765 0.16978331849213416 0.26625111308993765
1 0.3395666369842683 0.358860195903829 0.3989314336598397 0.358860195903829 0.3989314336598397 0.4194122885129119 0.3395666369842683 0.4194122885129119
1 0.3003858711783912 0.39715048975957257 0.37518551498961117 0.39715048975957257 0.37518551498961117 0.45592163846838824 0.3003858711783912 0.45592163846838824
1 0.3882457702582369 0.390026714158504 0.45592163846838824 0.390026714158504 0.45592163846838824 0.4550311665182546 0.3882457702582369 0.4550311665182546
1 0.5675274562184625 0.45770258236865546 0.6506381715642624 0.45770258236865546 0.6506381715642624 0.5057880676758684 0.5675274562184625 0.5057880676758684
1 0.41080439299495397 0.4995547640249331 0.49154051647373104 0.4995547640249331 0.49154051647373104 0.5538735529830809 0.41080439299495397 0.5538735529830809
1 0.3823092905906797 0.5476402493321462 0.4713564856040368 0.5476402493321462 0.4713564856040368 0.6108637577916296 0.3823092905906797 0.6108637577916296
1 0.632828732561591 0.5654496883348176 0.7313742950430395 0.5654496883348176 0.7313742950430395 0.616206589492431 0.632828732561591 0.616206589492431
