1 0.45235975066785394 0.1896705253784506 0.6740872662511129 0.1896705253784506 0.6740872662511129 0.44078361531611754 0.45235975066785394 0.44078361531611754
1 0.25823686553873554 0.23508459483526273 0.4603739982190561 0.23508459483526273 0.4603739982190561 0.46304541406945676 0.25823686553873554 0.46304541406945676
1 0.2065894924309884 0.4265360641139804 0.3953695458593054 0.4265360641139804 0.3953695458593054 0.6019590382902938 0.2065894924309884 0.6019590382902938
1 0.45770258236865546 0.43811219946571683 0.7337488869100625 0.43811219946571683 0.7337488869100625 0.6233303650934996 0.45770258236865546 0.6233303650934996
1 0.26625111308993765 0.5681211041852182 0.4737310774710595 0.5681211041852182 0.4737310774710595 0.7577916295636686 0.26625111308993765 0.7577916295636686
1 0.10685663401602849 0.5592163846838825 0.288512911843277 0.5592163846838825 0.288512911843277 0.7604630454140696 0.10685663401602849 0.7604630454140696
1 0.10062333036509348 0.7791629563668745 0.26625111308993765 0.7791629563668745 0.26625111308993765 0.9590382902938558 0.10062333036509348 0.9590382902938558
1 0.22261798753339268 0.7836153161175423 0.41495992876224397 0.7836153161175423 0.41495992876224397 0.9634906500445236 0.22261798753339268 0.9634906500445236
1 0.3793410507569012 0.7150489759572574 0.5556544968833482 0.7150489759572574 0.5556544968833482 0.9109528049866431 0.3793410507569012 0.9109528049866431
1 0.47016918967052546 0.5957257346393589 0.6705253784505789 0.5957257346393589 0.6705253784505789 0.7577916295636687 0.47016918967052546 0.7577916295636687
1 0.17275155832591274 0.10062333036509348 0.3980409617097062 0.10062333036509348 0.3980409617097062 0.3268032056990205 0.17275155832591274 0.3268032056990205
1 0.3143365983971505 1.3322676295501878e-17 0.6055209260908282 1.3322676295501878e-17 0.6055209260908282 0.21104185218165625 0.3143365983971505 0.21104185218165625
1 0.07658058771148708 0.3802315227070348 0.257346393588602 0.3802315227070348 0.257346393588602 0.5396260017809439 0.07658058771148708 0.5396260017809439
1 0.06589492430988424 0.1736420302760463 0.24577025823686552 0.1736420302760463 0.24577025823686552 0.37488869100623334 0.06589492430988424 0.37488869100623334
1 0.6616206589492432 0.553873552983081 0.8183437221727516 0.553873552983081 0.8183437221727516 0.7230632235084595 0.6616206589492432 0.7230632235084595
1 0.7137768045190299 -1.5521372650592125e-16 0.9151004571373755 0.07475862019051509 0.8311920289627216 0.3007225451872024 0.6298683763443761 0.2259639249966871
1 0.8334817453250222 0.19946571682991987 0.9999999999999997 0.19946571682991987 0.9999999999999997 0.42920747996438124 0.8334817453250222 0.42920747996438124
