0 0.564559216384684 0.5609973285841496 0.7399821905609975 0.5609973285841496 0.7399821905609975 0.7453250222617989 0.564559216384684 0.7453250222617989
0 0.375779162956367 0.5271593944790739 0.5431878895814782 0.5271593944790739 0.5431878895814782 0.686553873552983 0.375779162956367 0.686553873552983
0 0.0017809439002671415 0.7061442564559216 0.1816562778272484 0.7061442564559216 0.1816562778272484 0.9100623330365094 0.0017809439002671415 0.9100623330365094
0 0.14781834372217276 0.8192341941228851 0.3348174532502226 0.8192341941228851 0.3348174532502226 0.9955476402493323 0.14781834372217276 0.9955476402493323
0 0.20035618878005346 0.49777382012466614 0.3668744434550312 0.49777382012466614 0.3668744434550312 0.6714158504007125 0.20035618878005346 0.6714158504007125
0 0.18432769367764915 0.3116651825467498 0.37845057880676763 0.3116651825467498 0.37845057880676763 0.49154051647373104 0.18432769367764915 0.49154051647373104
0 0.333926981300089 0.23775601068566346 0.5271593944790738 0.23775601068566346 0.5271593944790738 0.41941228851291185 0.333926981300089 0.41941228851291185
0 0.5111308993766697 0.13089937666963491 0.6901157613535173 0.13089937666963491 0.6901157613535173 0.30988423864648257 0.5111308993766697 0.30988423864648257
0 0.3446126447016919 0.05075690115761354 0.5414069456812111 0.05075690115761354 0.5414069456812111 0.23241317898486202 0.3446126447016919 0.23241317898486202
0 0.41941228851291174 0.667853962600178 0.5814781834372217 0.667853962600178 0.5814781834372217 0.831700801424755 0.41941228851291174 0.831700801424755
0 0.33748886910062337 0.8147818343722173 0.5218165627782725 0.8147818343722173 0.5218165627782725 1.0 0.33748886910062337 1.0
