4 0.28138913624220835 0.3374888691006233 0.4755120213713268 0.3374888691006233 0.4755120213713268 0.4888691006233304 0.28138913624220835 0.4888691006233304
4 0.18521816562778276 0.22261798753339268 0.3410507569011576 0.22261798753339268 0.3410507569011576 0.3579697239536955 0.18521816562778276 0.3579697239536955
4 0.03294746215494212 0.26090828138913624 0.21282279608192345 0.26090828138913624 0.21282279608192345 0.4122885129118432 0.03294746215494212 0.4122885129118432
4 0.11398040961709706 0.377560106856634 0.2626892252894034 0.377560106856634 0.2626892252894034 0.522707034728406 0.11398040961709706 0.522707034728406
4 0.23330365093499553 0.5823686553873553 0.4016028495102404 0.5823686553873553 0.4016028495102404 0.7399821905609972 0.23330365093499553 0.7399821905609972
4 0.11130899376669634 0.5325022261798753 0.2680320569902048 0.5325022261798753 0.2680320569902048 0.6776491540516474 0.11130899376669634 0.6776491540516474
4 0.3446126447016921 0.4772929652715944 0.49421193232413174 0.4772929652715944 0.49421193232413174 0.626892252894034 0.3446126447016921 0.626892252894034
4 0.4292074799643812 0.6206589492430988 0.603739982190561 0.6206589492430988 0.603739982190561 0.7880676758682101 0.4292074799643812 0.7880676758682101
4 0.49421193232413174 0.4532502226179876 0.6357969723953696 0.4532502226179876 0.6357969723953696 0.5957257346393589 0.49421193232413174 0.5957257346393589
4 0.464826357969724 0.33303650934995555 0.5921638468388246 0.33303650934995555 0.5921638468388246 0.45770258236865546 0.464826357969724 0.45770258236865546
4 0.5690115761353517 0.13357079252003562 0.703472840605521 0.13357079252003562 0.703472840605521 0.3161175422974177 0.5690115761353517 0.3161175422974177
4 0.44523597506678536 0.1896705253784506 0.5796972395369546 0.1896705253784506 0.5796972395369546 0.31700801424755126 0.44523597506678536 0.31700801424755126
4 0.7275155832591274 0.3535173642030276 0.8504007123775601 0.3535173642030276 0.8504007123775601 0.4853072128227961 0.7275155832591274 0.4853072128227961
4 0.6527159394479074 0.4292074799643812 0.7586821015138023 0.4292074799643812 0.7586821015138023 0.5485307212822796 0.6527159394479074 0.5485307212822796
4 0.5859305431878896 0.5360641139804097 0.7471059661620658 0.5360641139804097 0.7471059661620658 0.6918967052537847 0.5859305431878896 0.6918967052537847
4 0.7186108637577917 0.5227070347284061 0.9002671415850402 0.5227070347284061 0.9002671415850402 0.6687444345503116 0.7186108637577917 0.6687444345503116
4 0.7845057880676759 0.7542297417631346 0.9617097061442564 0.7542297417631346 0.9617097061442564 0.9412288512911844 0.7845057880676759 0.9412288512911844
4 0.6821015138023152 0.730186999109528 0.815672306322351 0.730186999109528 0.815672306322351 0.8780053428317007 0.6821015138023152 0.8780053428317007
4 0.8949243098842389 0.6429207479964386 0.9999999999999999 0.6429207479964386 0.9999999999999999 0.8094390026714158 0.8949243098842389 0.8094390026714158
4 0.8708815672306321 0.433659839715049 0.9839715048975957 0.433659839715049 0.9839715048975957 0.5529830810329475 0.8708815672306321 0.5529830810329475
4 0.8842386464826357 0.21549421193232413 0.9999999999999999 0.21549421193232413 0.9999999999999999 0.3321460373998219 0.8842386464826357 0.3321460373998219
4 0.815672306322351 0.30008904719501334 0.9385574354407836 0.30008904719501334 0.9385574354407836 0.41941228851291185 0.815672306322351 0.41941228851291185
4 0.6340160284951024 0.29118432769367764 0.7934105075690115 0.29118432769367764 0.7934105075690115 0.4042742653606412 0.6340160284951024 0.4042742653606412
