1 0.32947462154942125 0.5298308103294747 0.47284060552092616 0.5298308103294747 0.47284060552092616 0.653606411398041 0.32947462154942125 0.653606411398041
1 0.39997009925627525 0.6477118281675169 0.5259935793762958 0.578468157771904 0.5765926724084938 0.6705585070905081 0.45056919228847336 0.7398021774861211
1 0.5387355298308103 0.5182546749777382 0.6340160284951024 0.5182546749777382 0.6340160284951024 0.6500445235975066 0.5387355298308103 0.6500445235975066
1 0.45235975066785394 0.48619768477292963 0.5431878895814782 0.48619768477292963 0.5431878895814782 0.6028495102404274 0.45235975066785394 0.6028495102404274
1 0.5645592163846839 0.3312555654496883 0.6794300979519146 0.3312555654496883 0.6794300979519146 0.4372217275155833 0.5645592163846839 0.4372217275155833
1 0.628673196794301 0.22796081923419412 0.7301869991095281 0.22796081923419412 0.7301869991095281 0.3811219946571683 0.628673196794301 0.3811219946571683
1 0.6838824577025824 0.365093499554764 0.806767586821015 0.365093499554764 0.806767586821015 0.4870881567230632 0.6838824577025824 0.4870881567230632
1 0.7373107747105966 0.4746215494211931 0.8566340160284951 0.4746215494211931 0.8566340160284951 0.5779162956366873 0.7373107747105966 0.5779162956366873
1 0.578806767586821 0.44078361531611754 0.6856634016028494 0.44078361531611754 0.6856634016028494 0.5351736420302761 0.578806767586821 0.5351736420302761
1 0.4550311665182547 0.3561887800534283 0.5636687444345504 0.3561887800534283 0.5636687444345504 0.4594835262689225 0.4550311665182547 0.4594835262689225
1 0.4968833481745325 0.2591273374888691 0.6340160284951024 0.2591273374888691 0.6340160284951024 0.346393588601959 0.4968833481745325 0.346393588601959
1 0.5422974176313446 0.1656277827248442 0.6589492430988424 0.1656277827248442 0.6589492430988424 0.2662511130899377 0.5422974176313446 0.2662511130899377
1 0.3054318788958148 0.2956366874443455 0.4060552092609083 0.2956366874443455 0.4060552092609083 0.4185218165627783 0.3054318788958148 0.4185218165627783
1 0.30632235084594833 0.44523597506678547 0.4585930543187889 0.44523597506678547 0.4585930543187889 0.5467497773820126 0.30632235084594833 0.5467497773820126
1 0.20658949243098843 0.3597506678539626 0.32947462154942125 0.3597506678539626 0.32947462154942125 0.4835262689225289 0.20658949243098843 0.4835262689225289
1 0.3196794300979519 0.21015138023152272 0.4354407836153161 0.21015138023152272 0.4354407836153161 0.3232413178984862 0.3196794300979519 0.3232413178984862
1 0.38611336393136086 0.23599055511601144 0.5045924902182739 0.1254100372482284 0.5720344544123617 0.19766928459903824 0.4535553281254486 0.30824980246682127
1 0.15939447907390916 0.163846838824577 0.28851291184327693 0.163846838824577 0.28851291184327693 0.27159394479073906 0.15939447907390916 0.27159394479073906
1 0.18521816562778276 0.26179875333926983 0.31700801424755126 0.26179875333926983 0.31700801424755126 0.3766696349065004 0.18521816562778276 0.3766696349065004
1 0.2769367764915405 0.13891362422083706 0.36420302760463047 0.13891362422083706 0.36420302760463047 0.2235084594835263 0.2769367764915405 0.2235084594835263
1 0.3713268032056991 0.12377560106856635 0.4594835262689225 0.12377560106856635 0.4594835262689225 0.20658949243098843 0.3713268032056991 0.20658949243098843
1 0.27871772039180764 0.03561887800534283 0.390026714158504 0.03561887800534283 0.390026714158504 0.14514692787177202 0.27871772039180764 0.14514692787177202
1 0.39715048975957257 0.04363312555654497 0.5048975957257346 0.04363312555654497 0.5048975957257346 0.13089937666963491 0.39715048975957257 0.13089937666963491
1 0.6197684772929652 0.5129118432769367 0.723953695458593 0.5129118432769367 0.723953695458593 0.6117542297417631 0.6197684772929652 0.6117542297417631
