1 0.2867319679430098 0.31522707034728403 0.439893143365984 0.31522707034728403 0.439893143365984 0.5075690115761354 0.2867319679430098 0.5075690115761354
1 0.3054318788958148 0.17275155832591274 0.45592163846838824 0.17275155832591274 0.45592163846838824 0.3285841495992876 0.3054318788958148 0.3285841495992876
1 0.5164737310774711 0.25289403383793413 0.6634016028495102 0.25289403383793413 0.6634016028495102 0.41406945681211044 0.5164737310774711 0.41406945681211044
1 0.5902244529658525 0.3707235317979271 0.7009188555691168 0.4561163566633009 0.5766469827538302 0.6172095251275644 0.4659525801505658 0.5318167002621906
1 0.3312555654496883 0.47907390917186116 0.5244879786286732 0.47907390917186116 0.5244879786286732 0.6170970614425646 0.3312555654496883 0.6170970614425646
1 0.10685663401602843 0.3196794300979517 0.2502226179875334 0.3196794300979517 0.2502226179875334 0.49777382012466603 0.10685663401602843 0.49777382012466603
1 0.08014247551202137 0.4746215494211931 0.21816562778272486 0.4746215494211931 0.21816562778272486 0.6331255565449687 0.08014247551202137 0.6331255565449687
1 0.22439893143365983 0.5316117542297417 0.35707925200356183 0.5316117542297417 0.35707925200356183 0.6812110418521815 0.22439893143365983 0.6812110418521815
1 0.1371326803205699 0.6625111308993765 0.29385574354407845 0.6625111308993765 0.29385574354407845 0.8058771148708814 0.1371326803205699 0.8058771148708814
1 0.32502226179875326 0.6090828138913624 0.4835262689225289 0.6090828138913624 0.4835262689225289 0.7640249332146037 0.32502226179875326 0.7640249332146037
1 0.23953695458593058 0.7747105966162066 0.3926981300089048 0.7747105966162066 0.3926981300089048 0.9287622439893144 0.23953695458593058 0.9287622439893144
1 0.38557435440783616 0.7506678539626002 0.5360641139804097 0.7506678539626002 0.5360641139804097 0.9207479964381122 0.38557435440783616 0.9207479964381122
1 0.5307212822796082 0.6616206589492432 0.6847729296527161 0.6616206589492432 0.6847729296527161 0.8495102404274266 0.5307212822796082 0.8495102404274266
1 0.5583259127337489 0.5440783615316117 0.7373107747105966 0.5440783615316117 0.7373107747105966 0.667853962600178 0.5583259127337489 0.667853962600178
1 0.6162065894924311 0.20391807658058778 0.7702582368655387 0.20391807658058778 0.7702582368655387 0.3624220837043634 0.6162065894924311 0.3624220837043634
1 0.5431878895814782 0.08726625111308994 0.7212822796081924 0.08726625111308994 0.7212822796081924 0.2217275155832591 0.5431878895814782 0.2217275155832591
1 0.36420302760463047 0.09884238646482636 0.520926090828139 0.09884238646482636 0.520926090828139 0.22528940338379339 0.36420302760463047 0.22528940338379339
1 0.13980409617097048 0.15761353517364204 0.3143365983971505 0.15761353517364204 0.3143365983971505 0.34194122885129113 0.13980409617097048 0.34194122885129113
1 0.15672306322350846 0.008014247551202136 0.32947462154942125 0.008014247551202136 0.32947462154942125 0.13713268032056988 0.15672306322350846 0.13713268032056988
