11 0.40160284951024044 0.2680320569902048 0.5414069456812112 0.2680320569902048 0.5414069456812112 0.42297417631344614 0.40160284951024044 0.42297417631344614
11 0.2840605520926091 0.2163846838824577 0.3980409617097062 0.2163846838824577 0.3980409617097062 0.3241317898486198 0.2840605520926091 0.3241317898486198
11 0.1736420302760463 0.2306322350845948 0.3054318788958148 0.2306322350845948 0.3054318788958148 0.3410507569011576 0.1736420302760463 0.3410507569011576
11 0.1549421193232413 0.1549421193232413 0.27337488869100623 0.1549421193232413 0.27337488869100623 0.27070347284060553 0.1549421193232413 0.27070347284060553
11 0.21015138023152272 0.07212822796081923 0.3250222617987534 0.07212822796081923 0.3250222617987534 0.195013357079252 0.21015138023152272 0.195013357079252
11 0.3143365983971505 0.08370436331255565 0.41406945681211044 0.08370436331255565 0.41406945681211044 0.21282279608192345 0.3143365983971505 0.21282279608192345
11 0.5779162956366872 0.32056990204808544 0.697239536954586 0.32056990204808544 0.697239536954586 0.4425645592163847 0.5779162956366872 0.4425645592163847
11 0.4372217275155833 0.41406945681211044 0.5485307212822796 0.41406945681211044 0.5485307212822796 0.5244879786286731 0.4372217275155833 0.5244879786286731
11 0.2991985752448798 0.3134461264470169 0.4247551202137133 0.3134461264470169 0.4247551202137133 0.4479073909171861 0.2991985752448798 0.4479073909171861
11 0.17364203027604627 0.31789848619768485 0.3107747105966161 0.31789848619768485 0.3107747105966161 0.4532502226179876 0.17364203027604627 0.4532502226179876
11 0.04007123775601069 0.19946571682991987 0.15316117542297414 0.19946571682991987 0.15316117542297414 0.3170080142475512 0.04007123775601069 0.3170080142475512
11 0.13357079252003562 0.06589492430988424 0.22439893143365983 0.06589492430988424 0.22439893143365983 0.15138023152270705 0.13357079252003562 0.15138023152270705
11 0.5200356188780053 0.19145146927871776 0.6126447016918967 0.19145146927871776 0.6126447016918967 0.28673196794300987 0.5200356188780053 0.28673196794300987
11 0.4470169189670526 0.5129118432769367 0.5503116651825467 0.5129118432769367 0.5503116651825467 0.6055209260908282 0.4470169189670526 0.6055209260908282
11 0.5396260017809439 0.40338379341050756 0.6162065894924309 0.40338379341050756 0.6162065894924309 0.5129118432769367 0.5396260017809439 0.5129118432769367
