9 0.6473731077471059 0.5093499554764025 0.8949243098842385 0.5093499554764025 0.8949243098842385 0.7569011576135353 0.6473731077471059 0.7569011576135353
9 0.47907390917186116 0.3811219946571683 0.7168299198575245 0.3811219946571683 0.7168299198575245 0.5894924309884239 0.47907390917186116 0.5894924309884239
9 0.5859305431878897 0.17809439002671418 0.8201246660730187 0.17809439002671418 0.8201246660730187 0.38557435440783616 0.5859305431878897 0.38557435440783616
9 0.23775601068566346 0.5770258236865539 0.4897595725734639 0.5770258236865539 0.4897595725734639 0.8183437221727516 0.23775601068566346 0.8183437221727516
9 0.28762243989314334 0.3882457702582369 0.49777382012466603 0.3882457702582369 0.49777382012466603 0.5948352626892253 0.28762243989314334 0.5948352626892253
9 0.24309884238646481 0.09973285841495994 0.4692787177203918 0.09973285841495994 0.4692787177203918 0.3374888691006233 0.24309884238646481 0.3374888691006233
9 0.4505788067675868 0.04630454140694569 0.6509349955476402 0.04630454140694569 0.6509349955476402 0.2528940338379342 0.4505788067675868 0.2528940338379342
9 0.4390026714158505 0.23152270703472838 0.6260017809439004 0.23152270703472838 0.6260017809439004 0.4176313446126447 0.4390026714158505 0.4176313446126447
9 8.881784197001251e-18 0.44078361531611737 0.20926090828138913 0.44078361531611737 0.20926090828138913 0.667853962600178 8.881784197001251e-18 0.667853962600178
9 0.16028495102404275 0.42742653606411396 0.34817453250222624 0.42742653606411396 0.34817453250222624 0.6162065894924311 0.16028495102404275 0.6162065894924311
9 0.11308993766696349 0.22707034728406061 0.2876224398931434 0.22707034728406061 0.2876224398931434 0.3935886019590383 0.11308993766696349 0.3935886019590383
9 1.7763568394002505e-17 0.33570792520035625 0.21015138023152272 0.33570792520035625 0.21015138023152272 0.5262689225289404 1.7763568394002505e-17 0.5262689225289404
9 0.49777382012466614 0.767586821015138 0.7328584149599289 0.767586821015138 0.7328584149599289 0.9884238646482634 0.49777382012466614 0.9884238646482634
9 0.7604630454140696 0.7248441674087266 1.0 0.7248441674087266 1.0 0.9697239536954585 0.7604630454140696 0.9697239536954585
9 0.4683882457702582 0.5814781834372217 0.6536064113980409 0.5814781834372217 0.6536064113980409 0.7693677649154053 0.4683882457702582 0.7693677649154053
9 0.13802315227070347 0.7390917186108635 0.3499554764024933 0.7390917186108635 0.3499554764024933 0.9688334817453249 0.13802315227070347 0.9688334817453249
9 0.327693677649154 0.7666963490650044 0.5057880676758683 0.7666963490650044 0.5057880676758683 0.9528049866429207 0.327693677649154 0.9528049866429207
9 0.7943009795191461 0.22350845948352643 0.9759572573463935 0.22350845948352643 0.9759572573463935 0.4372217275155832 0.7943009795191461 0.4372217275155832
9 0.7275155832591274 0.41495992876224397 0.9260908281389135 0.41495992876224397 0.9260908281389135 0.5583259127337488 0.7275155832591274 0.5583259127337488
9 0.6268922528940339 0.008014247551202136 0.8263579697239537 0.008014247551202136 0.8263579697239537 0.2110418521816563 0.6268922528940339 0.2110418521816563
9 0.05075690115761354 0.10685663401602849 0.219946571682992 0.10685663401602849 0.219946571682992 0.25823686553873554 0.05075690115761354 0.25823686553873554
