0 0.3039477589789255 0.6731967943009795 0.5034134758088452 0.6731967943009795 0.5034134758088452 0.8272484416740874 0.3039477589789255 0.8272484416740874
0 0.13772632828732564 0.8521816562778269 0.37399821905610003 0.8521816562778269 0.37399821905610003 0.9999999999999996 0.13772632828732564 0.9999999999999996
0 0.5366577619471653 0.3392698130008905 0.682695161769071 0.3392698130008905 0.682695161769071 0.47373107747105964 0.5366577619471653 0.47373107747105964
0 0.740872662511131 0.553873552983081 0.8999703176016622 0.553873552983081 0.8999703176016622 0.6767586821015139 0.740872662511131 0.6767586821015139
0 0.5307212822796082 0.5734639358860197 0.7040664885722767 0.5734639358860197 0.7040664885722767 0.7016918967052539 0.5307212822796082 0.7016918967052539
0 0.5283466904125853 0.7257346393588603 0.7088156723063224 0.7257346393588603 0.7088156723063224 0.8735529830810328 0.5283466904125853 0.8735529830810328
0 0.2873256159097655 0.39269813000890474 0.4713564856040368 0.39269813000890474 0.4713564856040368 0.5182546749777382 0.2873256159097655 0.5182546749777382
0 -8.881784197001251e-18 0.41050756901157615 0.18165627782724844 0.41050756901157615 0.18165627782724844 0.5574354407836154 -8.881784197001251e-18 0.5574354407836154
0 0.2671415850400713 0.5253784505788067 0.44286138319976254 0.5253784505788067 0.44286138319976254 0.6464826357969724 0.2671415850400713 0.6464826357969724
0 0.18996734936182844 0.18432769367764915 0.2991985752448798 0.18432769367764915 0.2991985752448798 0.2680320569902048 0.18996734936182844 0.2680320569902048
0 -8.881784197001251e-18 0.15761353517364202 0.14010092015434847 0.15761353517364202 0.14010092015434847 0.2626892252894033 -8.881784197001251e-18 0.2626892252894033
0 0.7040664885722766 0.4568121104185218 0.8097358266547937 0.4568121104185218 0.8097358266547937 0.5316117542297418 0.7040664885722766 0.5316117542297418
0 0.952211338676165 0.7934105075690115 0.9557732264766995 0.7934105075690115 0.9557732264766995 0.7943009795191451 0.952211338676165 0.7943009795191451
0 0.7966755713861681 0.6562778272484416 0.9533986346096766 0.6562778272484416 0.9533986346096766 0.7880676758682101 0.7966755713861681 0.7880676758682101
