9 0.4657168299198575 0.24577025823686555 0.6767586821015138 0.24577025823686555 0.6767586821015138 0.4657168299198575 0.4657168299198575 0.4657168299198575
9 0.3232413178984862 0.037399821905609976 0.5832591273374889 0.037399821905609976 0.5832591273374889 0.3178984861976848 0.3232413178984862 0.3178984861976848
9 0.14158504007123776 0.15672306322350846 0.3455031166518254 0.15672306322350846 0.3455031166518254 0.37132680320569905 0.14158504007123776 0.37132680320569905
9 0.22083704363312556 0.32591273374888696 0.4479073909171861 0.32591273374888696 0.4479073909171861 0.560106856634016 0.22083704363312556 0.560106856634016
9 0.5734639358860197 0.11754229741763136 0.7693677649154053 0.11754229741763136 0.7693677649154053 0.327693677649154 0.5734639358860197 0.327693677649154
9 0.6714158504007124 0.25734639358860195 0.8815672306322351 0.25734639358860195 0.8815672306322351 0.4808548530721282 0.6714158504007124 0.4808548530721282
9 0.5601068566340162 0.42831700801424744 0.7586821015138023 0.42831700801424744 0.7586821015138023 0.6384683882457701 0.5601068566340162 0.6384683882457701
9 0.7292965271593946 0.5325022261798753 0.9349955476402493 0.5325022261798753 0.9349955476402493 0.7355298308103294 0.7292965271593946 0.7355298308103294
9 0.8637577916295637 0.1861086375779163 1.0 0.1861086375779163 1.0 0.44968833481745324 0.8637577916295637 0.44968833481745324
9 0.6313446126447017 1.7795204312780782e-17 0.9385574354407831 1.7795204312780782e-17 0.9385574354407831 0.1709706144256455 0.6313446126447017 0.1709706144256455
9 0.17987533392698132 0.6776491540516474 0.42653606411398043 0.6776491540516474 0.42653606411398043 0.929652715939448 0.17987533392698132 0.929652715939448
9 0.028495102404274265 0.5814781834372217 0.24220837043633123 0.5814781834372217 0.24220837043633123 0.8058771148708815 0.028495102404274265 0.8058771148708815
9 0.43187889581478184 0.5592163846838825 0.6197684772929652 0.5592163846838825 0.6197684772929652 0.7444345503116652 0.43187889581478184 0.7444345503116652
9 0.3793410507569012 0.6901157613535173 0.558325912733749 0.6901157613535173 0.558325912733749 0.8833481745325023 0.3793410507569012 0.8833481745325023
9 0.566340160284951 0.6856634016028493 0.7364203027604632 0.6856634016028493 0.7364203027604632 0.8521816562778272 0.566340160284951 0.8521816562778272
9 0.18432769367764915 0.5111308993766697 0.3739982190560997 0.5111308993766697 0.3739982190560997 0.6589492430988424 0.18432769367764915 0.6589492430988424
9 0.0427426536064114 0.37310774710596617 0.24577025823686555 0.37310774710596617 0.24577025823686555 0.5752448797862868 0.0427426536064114 0.5752448797862868
