5 0.21608785989907986 0.4977738201246661 0.3550014841199169 0.4977738201246661 0.3550014841199169 0.6028495102404274 0.21608785989907986 0.6028495102404274
5 0.07005046007717423 0.5440783615316117 0.18878005342831702 0.5440783615316117 0.18878005342831702 0.6206589492430987 0.07005046007717423 0.6206589492430987
5 0.40130602552686256 0.5574354407836153 0.5010388839418225 0.5574354407836153 0.5010388839418225 0.6402493321460373 0.40130602552686256 0.6402493321460373
5 0.3003858711783912 0.6268922528940337 0.4119916889284654 0.6268922528940337 0.4119916889284654 0.7043633125556544 0.3003858711783912 0.7043633125556544
5 0.23271000296823982 0.699020480854853 0.39299495399228257 0.699020480854853 0.39299495399228257 0.7773820124666073 0.23271000296823982 0.7773820124666073
5 0.4903532205402197 0.6527159394479074 0.5960225586227368 0.6527159394479074 0.5960225586227368 0.7292965271593946 0.4903532205402197 0.7292965271593946
5 0.23389729890175126 0.7845057880676759 0.37399821905609976 0.7845057880676759 0.37399821905609976 0.8708815672306321 0.23389729890175126 0.8708815672306321
5 0.632828732561591 0.6073018699910953 0.7408726625111308 0.6073018699910953 0.7408726625111308 0.6954585930543188 0.632828732561591 0.6954585930543188
5 0.6173938854259424 0.5422974176313446 0.6969427129712081 0.5422974176313446 0.6969427129712081 0.6153161175422973 0.6173938854259424 0.6153161175422973
5 0.6506381715642624 0.5013357079252003 0.7586821015138023 0.5013357079252003 0.7586821015138023 0.5761353517364202 0.6506381715642624 0.5761353517364202
5 0.6613238349658652 0.39091718610863757 0.7681804689818937 0.39091718610863757 0.7681804689818937 0.4639358860195904 0.6613238349658652 0.4639358860195904
5 0.527159394479074 0.4568121104185218 0.6233303650934996 0.4568121104185218 0.6233303650934996 0.5289403383793411 0.527159394479074 0.5289403383793411
5 0.5592163846838825 0.41050756901157615 0.655387355298308 0.41050756901157615 0.655387355298308 0.4799643811219947 0.5592163846838825 0.4799643811219947
5 0.746809142178688 0.4710596616206589 0.8406055209260909 0.4710596616206589 0.8406055209260909 0.5351736420302761 0.746809142178688 0.5351736420302761
5 0.7895517957850996 0.5707925200356189 0.882160878598991 0.5707925200356189 0.882160878598991 0.6393588601959038 0.7895517957850996 0.6393588601959038
5 0.691006233303651 0.5609973285841496 0.7919263876521224 0.5609973285841496 0.7919263876521224 0.6357969723953696 0.691006233303651 0.6357969723953696
5 0.11041852181656278 0.3490650044523598 0.23152270703472838 0.3490650044523598 0.23152270703472838 0.40516473731077474 0.11041852181656278 0.40516473731077474
5 0.22083704363312556 0.3161175422974176 0.3205699020480855 0.3161175422974176 0.3205699020480855 0.3757791629563669 0.22083704363312556 0.3757791629563669
5 0.3597506678539626 0.2778272484416741 0.44048679133273966 0.2778272484416741 0.44048679133273966 0.3312555654496883 0.3597506678539626 0.3312555654496883
