11 0.6197684772929652 0.4292074799643812 0.7658058771148709 0.4292074799643812 0.7658058771148709 0.5360641139804098 0.6197684772929652 0.5360641139804098
11 0.4298011279311368 0.5120213713268033 0.5604036806173938 0.5120213713268033 0.5604036806173938 0.608192341941229 0.4298011279311368 0.608192341941229
11 0.35737607598693977 0.585040071237756 0.49154051647373104 0.585040071237756 0.49154051647373104 0.6803205699020481 0.35737607598693977 0.6803205699020481
11 0.607895517957851 0.6046304541406946 0.7373107747105968 0.6046304541406946 0.7373107747105968 0.7016918967052538 0.607895517957851 0.7016918967052538
11 0.713564856040368 0.6233303650934997 0.8489165924606709 0.6233303650934997 0.8489165924606709 0.7186108637577919 0.713564856040368 0.7186108637577919
11 0.5615909765509053 0.6901157613535173 0.7111902641733451 0.6901157613535173 0.7111902641733451 0.78806767586821 0.5615909765509053 0.78806767586821
11 0.49391510834075375 0.632235084594835 0.6197684772929652 0.632235084594835 0.6197684772929652 0.7168299198575244 0.49391510834075375 0.7168299198575244
11 0.36568714752151976 0.6731967943009797 0.5176610270109825 0.6731967943009797 0.5176610270109825 0.7604630454140695 0.36568714752151976 0.7604630454140695
11 0.16503413475808845 0.6954585930543188 0.30157316711190263 0.6954585930543188 0.30157316711190263 0.7916295636687443 0.16503413475808845 0.7916295636687443
11 0.23508459483526273 0.5948352626892253 0.3585633719204512 0.5948352626892253 0.3585633719204512 0.6936776491540517 0.23508459483526273 0.6936776491540517
11 0.2695161769070941 0.6874443455031165 0.4060552092609083 0.6874443455031165 0.4060552092609083 0.7898486197684771 0.2695161769070941 0.7898486197684771
11 0.8299198575244879 0.6518254674977739 0.9557732264766993 0.6518254674977739 0.9557732264766993 0.7862867319679431 0.8299198575244879 0.7862867319679431
11 0.7266251113089938 0.7123775601068566 0.8465420005936479 0.7123775601068566 0.8465420005936479 0.804986642920748 0.7266251113089938 0.804986642920748
11 0.6268922528940338 0.7560106856634018 0.7634312852478481 0.7560106856634018 0.7634312852478481 0.8682101513802316 0.6268922528940338 0.8682101513802316
11 0.5057880676758683 0.8121104185218166 0.674384090234491 0.8121104185218166 0.674384090234491 0.9421193232413181 0.5057880676758683 0.9421193232413181
11 0.7373107747105966 0.7853962600178095 0.888097358266548 0.7853962600178095 0.888097358266548 0.9421193232413179 0.7373107747105966 0.9421193232413179
11 0.788364499851588 0.4897595725734639 0.927278124072425 0.4897595725734639 0.927278124072425 0.6090828138913623 0.788364499851588 0.6090828138913623
11 0.8548530721282279 0.4113980409617098 0.9818937370139509 0.4113980409617098 0.9818937370139509 0.5066785396260017 0.8548530721282279 0.5066785396260017
11 0.7907390917186109 0.34283170080142467 0.9308400118729594 0.34283170080142467 0.9308400118729594 0.4443455031166518 0.7907390917186109 0.4443455031166518
11 0.5461561294152567 0.25645592163846836 0.6838824577025824 0.25645592163846836 0.6838824577025824 0.358860195903829 0.5461561294152567 0.358860195903829
11 0.4903532205402197 0.40160284951024044 0.6162065894924311 0.40160284951024044 0.6162065894924311 0.5031166518254675 0.4903532205402197 0.5031166518254675
11 0.3680617393885426 0.421193232413179 0.49628970020777685 0.421193232413179 0.49628970020777685 0.5298308103294747 0.3680617393885426 0.5298308103294747
11 0.3039477589789255 0.5138023152270703 0.43455031166518254 0.5138023152270703 0.43455031166518254 0.5992876224398932 0.3039477589789255 0.5992876224398932
11 0.6221430691599882 0.5333926981300089 0.7313742950430395 0.5333926981300089 0.7313742950430395 0.6090828138913624 0.6221430691599882 0.6090828138913624
11 0.543781537548234 0.4853072128227961 0.660136539032354 0.4853072128227961 0.660136539032354 0.5681211041852182 0.543781537548234 0.5681211041852182
11 0.3597506678539626 0.8762243989314336 0.521222914811517 0.8762243989314336 0.521222914811517 1.0 0.3597506678539626 1.0
11 0.2991985752448798 0.786286731967943 0.4535470466013654 0.786286731967943 0.4535470466013654 0.906500445235975 0.2991985752448798 0.906500445235975
