11 0.5779162956366874 0.4808548530721282 0.7764915405164736 0.4808548530721282 0.7764915405164736 0.6625111308993766 0.5779162956366874 0.6625111308993766
11 0.2920747996438112 0.4211932324131789 0.5075690115761354 0.4211932324131789 0.5075690115761354 0.6340160284951023 0.2920747996438112 0.6340160284951023
11 0.40160284951024033 0.20391807658058775 0.5859305431878896 0.20391807658058775 0.5859305431878896 0.3935886019590383 0.40160284951024033 0.3935886019590383
11 0.6714158504007124 0.2252894033837934 0.861086375779163 0.2252894033837934 0.861086375779163 0.39626001780943904 0.6714158504007124 0.39626001780943904
11 0.5877114870881567 0.09617097061442563 0.7497773820124665 0.09617097061442563 0.7497773820124665 0.25022261798753337 0.5877114870881567 0.25022261798753337
11 0.4327693677649154 0.12110418521816561 0.5814781834372218 0.12110418521816561 0.5814781834372218 0.26357969723953695 0.4327693677649154 0.26357969723953695
11 0.26625111308993765 0.13802315227070347 0.4390026714158503 0.13802315227070347 0.4390026714158503 0.3054318788958148 0.26625111308993765 0.3054318788958148
11 0.13446126447016918 0.23508459483526273 0.3205699020480855 0.23508459483526273 0.3205699020480855 0.41674087266251114 0.13446126447016918 0.41674087266251114
11 0.07212822796081923 0.3998219056099732 0.24755120213713266 0.3998219056099732 0.24755120213713266 0.5805877114870881 0.07212822796081923 0.5805877114870881
11 0.2867319679430098 0.3472840605520926 0.446126447016919 0.3472840605520926 0.446126447016919 0.5013357079252002 0.2867319679430098 0.5013357079252002
11 0.49421193232413174 0.3561887800534283 0.6571682991985751 0.3561887800534283 0.6571682991985751 0.5369545859305432 0.49421193232413174 0.5369545859305432
11 0.46660730186999105 0.5414069456812111 0.586821015138023 0.5414069456812111 0.586821015138023 0.6696349065004452 0.46660730186999105 0.6696349065004452
11 0.46126447016918976 0.6277827248441674 0.6678539626001779 0.6277827248441674 0.6678539626001779 0.8290293855743546 0.46126447016918976 0.8290293855743546
11 0.6482635796972396 0.7292965271593945 0.8459483526268923 0.7292965271593945 0.8459483526268923 0.9358860195903828 0.6482635796972396 0.9358860195903828
11 0.819234194122885 0.8049866429207484 1.0 0.8049866429207484 1.0 0.9999999999999999 0.819234194122885 0.9999999999999999
11 0.8655387355298308 0.5796972395369546 1.0 0.5796972395369546 1.0 0.7960819234194124 0.8655387355298308 0.7960819234194124
11 0.7426536064113979 0.5494211932324132 0.9207479964381121 0.5494211932324132 0.9207479964381121 0.7239536954585931 0.7426536064113979 0.7239536954585931
11 0.699020480854853 0.36776491540516476 0.8993766696349065 0.36776491540516476 0.8993766696349065 0.5378450578806767 0.699020480854853 0.5378450578806767
11 0.878005342831701 0.4203027604630453 1.0 0.4203027604630453 1.0 0.5868210151380231 0.878005342831701 0.5868210151380231
11 0.8762243989314337 0.2778272484416741 1.0 0.2778272484416741 1.0 0.4283170080142476 0.8762243989314337 0.4283170080142476
11 0.8005342831700801 0.1246660730186999 0.9599287622439893 0.1246660730186999 0.9599287622439893 0.2867319679430098 0.8005342831700801 0.2867319679430098
11 0.929652715939448 0.025823686553873553 1.0000000000000002 0.025823686553873553 1.0000000000000002 0.1905609973285842 0.929652715939448 0.1905609973285842
