15 0.2956366874443455 0.08103294746215495 0.5877114870881567 0.08103294746215495 0.5877114870881567 0.365093499554764 0.2956366874443455 0.365093499554764
15 0.703472840605521 0.11487088156723063 0.9216384683882457 0.11487088156723063 0.9216384683882457 0.3428317008014247 0.703472840605521 0.3428317008014247
15 0.5093499554764025 0.2653606411398041 0.7497773820124668 0.2653606411398041 0.7497773820124668 0.49243098842386457 0.5093499554764025 0.49243098842386457
15 0.32947462154942125 0.3535173642030276 0.5298308103294747 0.3535173642030276 0.5298308103294747 0.5583259127337489 0.32947462154942125 0.5583259127337489
15 0.6108637577916296 0.46660730186999105 0.8058771148708815 0.46660730186999105 0.8058771148708815 0.6767586821015138 0.6108637577916296 0.6767586821015138
15 0.8245770258236864 0.48263579697239545 1.0 0.48263579697239545 1.0 0.7444345503116652 0.8245770258236864 0.7444345503116652
15 0.37132680320569894 0.5476402493321462 0.5351736420302761 0.5476402493321462 0.5351736420302761 0.7310774710596616 0.37132680320569894 0.7310774710596616
15 0.48619768477292963 0.6375779162956366 0.7016918967052538 0.6375779162956366 0.7016918967052538 0.8504007123775601 0.48619768477292963 0.8504007123775601
15 0.6482635796972396 0.7951914514692787 0.8878005342831701 0.7951914514692787 0.8878005342831701 1.0 0.6482635796972396 1.0
15 0.46215494211932323 0.823686553873553 0.6527159394479074 0.823686553873553 0.6527159394479074 0.9982190560997329 0.46215494211932323 0.9982190560997329
15 0.30008904719501334 0.7399821905609972 0.4933214603739983 0.7399821905609972 0.4933214603739983 0.9216384683882458 0.30008904719501334 0.9216384683882458
15 0.11130899376669634 0.43811219946571683 0.3935886019590384 0.43811219946571683 0.3935886019590384 0.7105966162065894 0.11130899376669634 0.7105966162065894
15 0.21015138023152272 0.22617987533392697 0.39893143365983974 0.22617987533392697 0.39893143365983974 0.42475512021371326 0.21015138023152272 0.42475512021371326
15 0.5351736420302761 -6.661338147750939e-18 0.7729296527159394 -6.661338147750939e-18 0.7729296527159394 0.232413178984862 0.5351736420302761 0.232413178984862
