2 0.5084594835262689 0.3152270703472841 0.7230632235084594 0.3152270703472841 0.7230632235084594 0.5494211932324132 0.5084594835262689 0.5494211932324132
2 0.321460373998219 0.1807658058771149 0.5022261798753339 0.1807658058771149 0.5022261798753339 0.41941228851291185 0.321460373998219 0.41941228851291185
2 0.4897595725734639 0.13178984861976847 0.6714158504007124 0.13178984861976847 0.6714158504007124 0.41674087266251114 0.4897595725734639 0.41674087266251114
2 0.634016028495102 0.22885129118432743 0.7836153161175422 0.22885129118432743 0.7836153161175422 0.3980409617097062 0.634016028495102 0.3980409617097062
2 0.723953695458593 0.23686553873552968 0.8824577025823687 0.23686553873552968 0.8824577025823687 0.38468388245770235 0.723953695458593 0.38468388245770235
2 0.11754229741763136 0.7310774710596616 0.3793410507569012 0.7310774710596616 0.3793410507569012 1.0 0.11754229741763136 1.0
2 0.35618878005342836 0.7524487978628673 0.5752448797862868 0.7524487978628673 0.5752448797862868 1.0 0.35618878005342836 1.0
2 0.29118432769367764 0.40516473731077474 0.5360641139804097 0.40516473731077474 0.5360641139804097 0.6491540516473729 0.29118432769367764 0.6491540516473729
2 0.13446126447016918 0.4211932324131789 0.30543187889581475 0.4211932324131789 0.30543187889581475 0.659839715048976 0.13446126447016918 0.659839715048976
2 0.5868210151380232 0.5120213713268033 0.8869100623330364 0.5120213713268033 0.8869100623330364 0.7453250222617989 0.5868210151380232 0.7453250222617989
2 0.8370436331255565 0.4283170080142477 1.0000000000000002 0.4283170080142477 1.0000000000000002 0.6856634016028496 0.8370436331255565 0.6856634016028496
2 0.8281389136242209 0.3063223508459486 0.9999999999999997 0.3063223508459486 0.9999999999999997 0.4861976847729299 0.8281389136242209 0.4861976847729299
2 0.7230632235084596 0.3793410507569012 0.8628673196794304 0.3793410507569012 0.8628673196794304 0.5431878895814782 0.7230632235084596 0.5431878895814782
2 0.7773820124666073 0.6357969723953696 0.9759572573463937 0.6357969723953696 0.9759572573463937 0.8406055209260909 0.7773820124666073 0.8406055209260909
