9 0.597506678539626 0.45235975066785394 0.7453250222617988 0.45235975066785394 0.7453250222617988 0.6010685663401603 0.597506678539626 0.6010685663401603
9 0.23864648263579696 0.5440783615316117 0.41941228851291185 0.5440783615316117 0.41941228851291185 0.7025823686553873 0.23864648263579696 0.7025823686553873
9 0.3722172751558326 0.41495992876224397 0.5129118432769368 0.41495992876224397 0.5129118432769368 0.5529830810329475 0.3722172751558326 0.5529830810329475
9 0.21905609973285842 0.3873552983081033 0.383793410507569 0.3873552983081033 0.383793410507569 0.5155832591273375 0.21905609973285842 0.5155832591273375
9 0.027604630454140695 0.4603739982190561 0.1976847729296527 0.4603739982190561 0.1976847729296527 0.6117542297417633 0.027604630454140695 0.6117542297417633
9 0.23953695458593058 0.25200356188780054 0.3704363312555655 0.25200356188780054 0.3704363312555655 0.37934105075690117 0.23953695458593058 0.37934105075690117
9 0.4639358860195904 0.3241317898486198 0.6073018699910953 0.3241317898486198 0.6073018699910953 0.4603739982190561 0.4639358860195904 0.4603739982190561
9 0.5886019590382903 0.3054318788958148 0.6954585930543188 0.3054318788958148 0.6954585930543188 0.41406945681211044 0.5886019590382903 0.41406945681211044
9 0.6918967052537845 0.25734639358860195 0.7969723953695458 0.25734639358860195 0.7969723953695458 0.37934105075690117 0.6918967052537845 0.37934105075690117
9 0.6936776491540517 0.3846838824577025 0.8058771148708815 0.3846838824577025 0.8058771148708815 0.49599287622439886 0.6936776491540517 0.49599287622439886
9 0.4933214603739982 0.23686553873552982 0.622439893143366 0.23686553873552982 0.622439893143366 0.3544078361531612 0.4933214603739982 0.3544078361531612
9 0.3633125556544969 0.2965271593944791 0.464826357969724 0.2965271593944791 0.464826357969724 0.41406945681211044 0.3633125556544969 0.41406945681211044
9 0.47818343722172757 0.4817453250222618 0.6188780053428317 0.4817453250222618 0.6188780053428317 0.6179875333926982 0.47818343722172757 0.6179875333926982
9 0.3873552983081033 0.5832591273374889 0.5333926981300089 0.5832591273374889 0.5333926981300089 0.7061442564559216 0.3873552983081033 0.7061442564559216
9 0.12021371326803205 0.5627782724844168 0.2680320569902048 0.5627782724844168 0.2680320569902048 0.6901157613535174 0.12021371326803205 0.6901157613535174
9 0.0 0.3223508459483526 0.11130899376669634 0.3223508459483526 0.11130899376669634 0.4755120213713268 0.0 0.4755120213713268
9 0.6046304541406946 0.8085485307212824 0.7943009795191451 0.8085485307212824 0.7943009795191451 0.9982190560997329 0.6046304541406946 0.9982190560997329
9 0.3864648263579697 0.8156723063223508 0.5832591273374889 0.8156723063223508 0.5832591273374889 1.0 0.3864648263579697 1.0
9 0.14870881567230632 0.7622439893143366 0.34639358860195907 0.7622439893143366 0.34639358860195907 0.9590382902938556 0.14870881567230632 0.9590382902938556
9 0.2804986642920748 0.8744434550311666 0.44345503116651835 0.8744434550311666 0.44345503116651835 1.0 0.2804986642920748 1.0
9 0.05609973285841497 0.9162956366874444 0.22974176313446126 0.9162956366874444 0.22974176313446126 1.0000000000000002 0.05609973285841497 1.0000000000000002
9 0.8147818343722173 0.8254674977738202 1.0 0.8254674977738202 1.0 1.0 0.8147818343722173 1.0
