14 0.748886910062333 0.32591273374888696 0.951914514692787 0.32591273374888696 0.951914514692787 0.5138023152270703 0.748886910062333 0.5138023152270703
14 0.6073018699910953 0.47373107747105964 0.806767586821015 0.47373107747105964 0.806767586821015 0.6562778272484416 0.6073018699910953 0.6562778272484416
14 0.42831700801424755 0.42475512021371314 0.6028495102404273 0.42475512021371314 0.6028495102404273 0.6028495102404273 0.42831700801424755 0.6028495102404273
14 0.5716829919857525 0.3134461264470169 0.7497773820124667 0.3134461264470169 0.7497773820124667 0.4648263579697239 0.5716829919857525 0.4648263579697239
14 0.7195013357079252 0.2021371326803206 0.8806767586821014 0.2021371326803206 0.8806767586821014 0.3606411398040962 0.7195013357079252 0.3606411398040962
14 0.8975957257346393 0.20124666073018696 1.0 0.20124666073018696 1.0 0.3935886019590383 0.8975957257346393 0.3935886019590383
14 0.6776491540516474 0.05699020480854853 0.8397150489759572 0.05699020480854853 0.8397150489759572 0.2056990204808549 0.6776491540516474 0.2056990204808549
14 0.5592163846838825 0.17542297417631347 0.7105966162065895 0.17542297417631347 0.7105966162065895 0.321460373998219 0.5592163846838825 0.321460373998219
14 0.5405164737310775 0.05877114870881568 0.686553873552983 0.05877114870881568 0.686553873552983 0.18343722172751561 0.5405164737310775 0.18343722172751561
14 0.39715048975957257 0.1585040071237756 0.5565449688334817 0.1585040071237756 0.5565449688334817 0.3098842386464826 0.39715048975957257 0.3098842386464826
14 0.40694568121104185 0.051647373107747106 0.5503116651825467 0.051647373107747106 0.5503116651825467 0.16295636687444345 0.40694568121104185 0.16295636687444345
14 0.27337488869100623 0.1433659839715049 0.42653606411398043 0.1433659839715049 0.42653606411398043 0.2751558325912734 0.27337488869100623 0.2751558325912734
14 0.27337488869100623 0.26981300089047194 0.4113980409617097 0.26981300089047194 0.4113980409617097 0.4122885129118433 0.27337488869100623 0.4122885129118433
14 0.4096170970614427 0.28762243989314334 0.5805877114870881 0.28762243989314334 0.5805877114870881 0.44879786286731965 0.4096170970614427 0.44879786286731965
14 0.2804986642920748 0.4042742653606412 0.439893143365984 0.4042742653606412 0.439893143365984 0.5699020480854854 0.2804986642920748 0.5699020480854854
14 0.1495992876224399 0.36420302760463047 0.29741763134461263 0.36420302760463047 0.29741763134461263 0.5244879786286732 0.1495992876224399 0.5244879786286732
14 0.11041852181656278 0.5209260908281389 0.27604630454140694 0.5209260908281389 0.27604630454140694 0.6660730186999111 0.11041852181656278 0.6660730186999111
14 0.2715939447907391 0.5743544078361532 0.4434550311665183 0.5743544078361532 0.4434550311665183 0.7319679430097952 0.2715939447907391 0.7319679430097952
14 0.43009795191451444 0.6028495102404261 0.6402493321460373 0.6028495102404261 0.6402493321460373 0.7818343722172735 0.43009795191451444 0.7818343722172735
14 0.6313446126447017 0.6642920747996438 0.8655387355298308 0.6642920747996438 0.8655387355298308 0.834372217275156 0.6313446126447017 0.834372217275156
14 0.8566340160284949 0.6687444345503115 0.9999999999999997 0.6687444345503115 0.9999999999999997 0.9162956366874438 0.8566340160284949 0.9162956366874438
