7 0.340160284951024 0.4906500445235975 0.6170970614425646 0.4906500445235975 0.6170970614425646 0.7426536064113979 0.340160284951024 0.7426536064113979
7 0.585040071237756 0.340160284951024 0.840605520926091 0.340160284951024 0.840605520926091 0.5983971504897596 0.585040071237756 0.5983971504897596
7 0.7996438112199464 0.16829919857524492 0.9928762243989313 0.16829919857524492 0.9928762243989313 0.4024933214603739 0.7996438112199464 0.4024933214603739
7 0.2947462154942119 0.24577025823686555 0.4933214603739982 0.24577025823686555 0.4933214603739982 0.42742653606411396 0.2947462154942119 0.42742653606411396
7 0.12644701691896706 0.4372217275155833 0.3285841495992876 0.4372217275155833 0.3285841495992876 0.6705253784505788 0.12644701691896706 0.6705253784505788
7 -4.440892098500626e-18 0.296527159394479 0.19768477292965272 0.296527159394479 0.19768477292965272 0.5592163846838825 -4.440892098500626e-18 0.5592163846838825
7 0.12199465716829921 0.19679430097951914 0.3098842386464826 0.19679430097951914 0.3098842386464826 0.433659839715049 0.12199465716829921 0.433659839715049
7 0.5405164737310775 0.6660730186999111 0.7978628673196794 0.6660730186999111 0.7978628673196794 0.9332146037399823 0.5405164737310775 0.9332146037399823
7 0.7195013357079252 0.5022261798753339 0.9697239536954586 0.5022261798753339 0.9697239536954586 0.7079252003561888 0.7195013357079252 0.7079252003561888
7 0.4514692787177204 0.25556544968833483 0.6384683882457701 0.25556544968833483 0.6384683882457701 0.49955476402493315 0.4514692787177204 0.49955476402493315
