14 0.15405164737310775 0.5111308993766697 0.40694568121104185 0.5111308993766697 0.40694568121104185 0.7114870881567232 0.15405164737310775 0.7114870881567232
14 0.06500445235975066 0.3659839715048976 0.22796081923419412 0.3659839715048976 0.22796081923419412 0.5405164737310775 0.06500445235975066 0.5405164737310775
14 0.2564559216384684 0.3766696349065004 0.4470169189670526 0.3766696349065004 0.4470169189670526 0.5520926090828138 0.2564559216384684 0.5520926090828138
14 0.4292074799643812 0.4719501335707925 0.6028495102404273 0.4719501335707925 0.6028495102404273 0.628673196794301 0.4292074799643812 0.628673196794301
14 0.5886019590382903 0.5200356188780053 0.7782724844167409 0.5200356188780053 0.7782724844167409 0.6749777382012466 0.5886019590382903 0.6749777382012466
14 0.773820124666073 0.5333926981300089 0.9617097061442565 0.5333926981300089 0.9617097061442565 0.7123775601068567 0.773820124666073 0.7123775601068567
14 0.7141585040071238 0.42653606411398054 0.8717720391807657 0.42653606411398054 0.8717720391807657 0.5850400712377561 0.7141585040071238 0.5850400712377561
14 0.5654496883348175 0.4060552092609083 0.723953695458593 0.4060552092609083 0.723953695458593 0.5494211932324132 0.5654496883348175 0.5494211932324132
14 0.4835262689225289 0.2867319679430098 0.6313446126447018 0.2867319679430098 0.6313446126447018 0.43098842386464836 0.4835262689225289 0.43098842386464836
14 0.33303650934995555 0.27515583259127335 0.4808548530721283 0.27515583259127335 0.4808548530721283 0.42119323241317896 0.33303650934995555 0.42119323241317896
14 0.170080142475512 0.25378450578806766 0.33570792520035614 0.25378450578806766 0.33570792520035614 0.41050756901157615 0.170080142475512 0.41050756901157615
14 0.6420302760463046 0.3116651825467498 0.7809439002671416 0.3116651825467498 0.7809439002671416 0.4487978628673196 0.6420302760463046 0.4487978628673196
14 0.7684772929652717 0.3223508459483526 0.9100623330365095 0.3223508459483526 0.9100623330365095 0.45681211041852177 0.7684772929652717 0.45681211041852177
14 0.8245770258236864 0.19234194122885126 0.9723953695458591 0.19234194122885126 0.9723953695458591 0.33570792520035614 0.8245770258236864 0.33570792520035614
14 0.7132680320569902 0.21905609973285842 0.8263579697239537 0.21905609973285842 0.8263579697239537 0.327693677649154 0.7132680320569902 0.327693677649154
14 0.7417631344612645 0.10418521816562779 0.8735529830810328 0.10418521816562779 0.8735529830810328 0.23063223508459488 0.7417631344612645 0.23063223508459488
14 0.5716829919857525 0.18254674977738206 0.7008014247551202 0.18254674977738206 0.7008014247551202 0.3143365983971505 0.5716829919857525 0.3143365983971505
14 0.41495992876224397 0.16651825467497777 0.5627782724844167 0.16651825467497777 0.5627782724844167 0.31166518254674985 0.41495992876224397 0.31166518254674985
14 0.48619768477292963 0.06055209260908281 0.6277827248441674 0.06055209260908281 0.6277827248441674 0.19768477292965272 0.48619768477292963 0.19768477292965272
