9 0.22974176313446126 0.43098842386464825 0.45592163846838824 0.43098842386464825 0.45592163846838824 0.6874443455031167 0.22974176313446126 0.6874443455031167
9 0.6117542297417632 0.5770258236865539 0.8512911843276938 0.5770258236865539 0.8512911843276938 0.7880676758682099 0.6117542297417632 0.7880676758682099
9 0.48797862867319686 0.7310774710596616 0.697239536954586 0.7310774710596616 0.697239536954586 0.9269813000890473 0.48797862867319686 0.9269813000890473
9 0.29741763134461263 0.7880676758682101 0.4853072128227961 0.7880676758682101 0.4853072128227961 0.993766696349065 0.29741763134461263 0.993766696349065
9 0.04007123775601069 0.8067675868210151 0.27159394479073906 0.8067675868210151 0.27159394479073906 1.0 0.04007123775601069 1.0
9 0.0 0.609973285841496 0.13446126447016918 0.609973285841496 0.13446126447016918 0.8486197684772929 0.0 0.8486197684772929
9 0.6954585930543189 0.8023152270703472 0.9154051647373108 0.8023152270703472 0.9154051647373108 0.9964381121994657 0.6954585930543189 0.9964381121994657
9 0.7560106856634015 0.464826357969724 0.9367764915405165 0.464826357969724 0.9367764915405165 0.6340160284951023 0.7560106856634015 0.6340160284951023
9 0.5458593054318789 0.3535173642030276 0.7132680320569902 0.3535173642030276 0.7132680320569902 0.5280498664292075 0.5458593054318789 0.5280498664292075
9 0.36420302760463047 0.25111308993766696 0.5369545859305432 0.25111308993766696 0.5369545859305432 0.4016028495102404 0.36420302760463047 0.4016028495102404
9 0.4870881567230632 0.10151380231522708 0.717720391807658 0.10151380231522708 0.717720391807658 0.32146037399821903 0.4870881567230632 0.32146037399821903
9 0.19590382902938558 0.017809439002671415 0.433659839715049 0.017809439002671415 0.433659839715049 0.2671415850400712 0.19590382902938558 0.2671415850400712
