5 0.28970020777678834 0.7880676758682101 0.3882457702582368 0.7880676758682101 0.3882457702582368 0.8833481745325023 0.28970020777678834 0.8833481745325023
5 0.39180765805877116 0.8299198575244879 0.4677945978035025 0.8299198575244879 0.4677945978035025 0.9154051647373107 0.39180765805877116 0.9154051647373107
5 0.45235975066785394 0.8548530721282279 0.566340160284951 0.8548530721282279 0.566340160284951 0.931433659839715 0.45235975066785394 0.931433659839715
5 0.6862570495696052 0.8441674087266251 0.777678836449985 0.8441674087266251 0.777678836449985 0.9171861086375779 0.6862570495696052 0.9171861086375779
5 0.7159394479073911 0.7880676758682101 0.8204214900563966 0.7880676758682101 0.8204214900563966 0.8646482635796973 0.7159394479073911 0.8646482635796973
5 0.6304541406945681 0.6945681211041852 0.7183140397744139 0.6945681211041852 0.7183140397744139 0.7604630454140694 0.6304541406945681 0.7604630454140694
5 0.7088156723063225 0.6696349065004452 0.8026120510537251 0.6696349065004452 0.8026120510537251 0.740872662511131 0.7088156723063225 0.740872662511131
5 0.5046007717423567 0.23597506678539626 0.5794004155535767 0.23597506678539626 0.5794004155535767 0.2849510240427426 0.5046007717423567 0.2849510240427426
5 0.5983971504897596 0.3125556544968834 0.6862570495696052 0.3125556544968834 0.6862570495696052 0.3615316117542298 0.5983971504897596 0.3615316117542298
5 0.26832888097358265 0.3357079252003562 0.3894330661917483 0.3357079252003562 0.3894330661917483 0.3926981300089048 0.26832888097358265 0.3926981300089048
5 0.27070347284060553 0.2591273374888691 0.3644998515880083 0.2591273374888691 0.3644998515880083 0.31967943009795197 0.27070347284060553 0.31967943009795197
5 0.13535173642030277 0.21015138023152272 0.21608785989907986 0.21015138023152272 0.21608785989907986 0.25823686553873554 0.13535173642030277 0.25823686553873554
5 0.13535173642030277 0.27871772039180764 0.2493321460373998 0.27871772039180764 0.2493321460373998 0.3606411398040961 0.13535173642030277 0.3606411398040961
5 0.3561887800534283 0.9296527159394479 0.46185811813594535 0.9296527159394479 0.46185811813594535 0.9999999999999999 0.3561887800534283 0.9999999999999999
5 0.4915405164737311 0.9430097951914514 0.5877114870881567 0.9430097951914514 0.5877114870881567 1.0 0.4915405164737311 1.0
