0 0.4470169189670526 0.3980409617097062 0.6803205699020481 0.3980409617097062 0.6803205699020481 0.6527159394479074 0.4470169189670526 0.6527159394479074
0 0.3285841495992876 0.5983971504897596 0.504007123775601 0.5983971504897596 0.504007123775601 0.7862867319679432 0.3285841495992876 0.7862867319679432
0 0.616206589492431 0.6046304541406946 0.8085485307212824 0.6046304541406946 0.8085485307212824 0.8165627782724845 0.616206589492431 0.8165627782724845
0 0.5627782724844167 0.1709706144256456 0.8325912733748887 0.1709706144256456 0.8325912733748887 0.42475512021371326 0.5627782724844167 0.42475512021371326
0 0.26179875333926983 0.375779162956367 0.4443455031166518 0.375779162956367 0.4443455031166518 0.5681211041852182 0.26179875333926983 0.5681211041852182
0 0.16384683882457704 0.7524487978628673 0.3561887800534283 0.7524487978628673 0.3561887800534283 0.9759572573463937 0.16384683882457704 0.9759572573463937
0 0.4853072128227961 0.77560106856634 0.6607301869991095 0.77560106856634 0.6607301869991095 0.951914514692787 0.4853072128227961 0.951914514692787
0 0.37132680320569894 0.7880676758682101 0.4808548530721282 0.7880676758682101 0.4808548530721282 0.9394479073909171 0.37132680320569894 0.9394479073909171
0 0.22261798753339268 0.6108637577916296 0.3499554764024933 0.6108637577916296 0.3499554764024933 0.753339269813001 0.22261798753339268 0.753339269813001
0 0.705253784505788 0.7898486197684772 0.8655387355298308 0.7898486197684772 0.8655387355298308 0.9706144256455921 0.705253784505788 0.9706144256455921
