4 0.46749777382012464 0.2804986642920748 0.6509349955476402 0.2804986642920748 0.6509349955476402 0.46482635796972405 0.46749777382012464 0.46482635796972405
4 0.25289403383793413 0.19412288512911846 0.48441674087266245 0.19412288512911846 0.48441674087266245 0.40516473731077474 0.25289403383793413 0.40516473731077474
4 0.13357079252003562 0.47462154942119317 0.36776491540516476 0.47462154942119317 0.36776491540516476 0.6723063223508461 0.13357079252003562 0.6723063223508461
4 0.41941228851291185 0.5449688334817453 0.642920747996438 0.5449688334817453 0.642920747996438 0.7168299198575245 0.41941228851291185 0.7168299198575245
4 0.553873552983081 0.45592163846838824 0.7417631344612645 0.45592163846838824 0.7417631344612645 0.6215494211932324 0.553873552983081 0.6215494211932324
4 0.609973285841496 0.6660730186999111 0.8014247551202138 0.6660730186999111 0.8014247551202138 0.8423864648263579 0.609973285841496 0.8423864648263579
4 0.6580587711487088 0.25734639358860195 0.8210151380231523 0.25734639358860195 0.8210151380231523 0.42297417631344614 0.6580587711487088 0.42297417631344614
4 0.7497773820124665 0.11487088156723063 0.8931433659839714 0.11487088156723063 0.8931433659839714 0.22261798753339274 0.7497773820124665 0.22261798753339274
4 0.8219056099732858 0.21104185218165625 0.9964381121994657 0.21104185218165625 0.9964381121994657 0.3757791629563669 0.8219056099732858 0.3757791629563669
4 0.7560106856634015 0.40160284951024044 0.9599287622439892 0.40160284951024044 0.9599287622439892 0.5627782724844168 0.7560106856634015 0.5627782724844168
4 0.7319679430097952 0.6090828138913624 0.9706144256455921 0.6090828138913624 0.9706144256455921 0.7577916295636687 0.7319679430097952 0.7577916295636687
4 0.22617987533392697 0.6660730186999111 0.44256455921638466 0.6660730186999111 0.44256455921638466 0.8753339269813003 0.22617987533392697 0.8753339269813003
4 0.3686553873552983 0.8459483526268923 0.6366874443455031 0.8459483526268923 0.6366874443455031 1.0 0.3686553873552983 1.0
4 0.32591273374888696 0.0854853072128228 0.5476402493321461 0.0854853072128228 0.5476402493321461 0.26447016918967053 0.32591273374888696 0.26447016918967053
