0 0.3072128227960819 0.597506678539626 0.4817453250222618 0.597506678539626 0.4817453250222618 0.77560106856634 0.3072128227960819 0.77560106856634
0 0.15939447907390916 0.5129118432769367 0.3268032056990205 0.5129118432769367 0.3268032056990205 0.6669634906500446 0.15939447907390916 0.6669634906500446
0 0.21015138023152272 0.365093499554764 0.3704363312555655 0.365093499554764 0.3704363312555655 0.5396260017809439 0.21015138023152272 0.5396260017809439
0 0.6420302760463046 0.5431878895814782 0.7889581478183438 0.5431878895814782 0.7889581478183438 0.7088156723063223 0.6420302760463046 0.7088156723063223
0 0.8058771148708815 0.6785396260017807 0.9581478183437222 0.6785396260017807 0.9581478183437222 0.864648263579697 0.8058771148708815 0.864648263579697
0 0.6981300089047195 0.9225289403383792 0.8682101513802315 0.9225289403383792 0.8682101513802315 0.9999999999999999 0.6981300089047195 0.9999999999999999
0 0.6304541406945681 0.7141585040071239 0.8165627782724844 0.7141585040071239 0.8165627782724844 0.9162956366874444 0.6304541406945681 0.9162956366874444
0 0.5013357079252003 0.8227960819234194 0.6749777382012466 0.8227960819234194 0.6749777382012466 1.0 0.5013357079252003 1.0
0 0.3535173642030276 0.748886910062333 0.5253784505788067 0.748886910062333 0.5253784505788067 0.9296527159394478 0.3535173642030276 0.9296527159394478
0 0.4853072128227961 0.6420302760463046 0.6527159394479074 0.6420302760463046 0.6527159394479074 0.8121104185218164 0.4853072128227961 0.8121104185218164
0 0.43187889581478184 0.4042742653606412 0.5707925200356189 0.4042742653606412 0.5707925200356189 0.5538735529830812 0.43187889581478184 0.5538735529830812
0 0.4853072128227961 0.26357969723953695 0.6447016918967052 0.26357969723953695 0.6447016918967052 0.40961709706144256 0.4853072128227961 0.40961709706144256
