15 0.2991985752448798 0.4220837043633125 0.5093499554764025 0.4220837043633125 0.5093499554764025 0.6037399821905609 0.2991985752448798 0.6037399821905609
15 0.35796972395369553 0.1798753339269813 0.5120213713268034 0.1798753339269813 0.5120213713268034 0.3606411398040961 0.35796972395369553 0.3606411398040961
15 0.5565449688334817 0.49955476402493315 0.709706144256456 0.49955476402493315 0.709706144256456 0.642920747996438 0.5565449688334817 0.642920747996438
15 0.41050756901157615 0.5494211932324132 0.5512021371326803 0.5494211932324132 0.5512021371326803 0.692787177203918 0.41050756901157615 0.692787177203918
15 0.11932324131789848 0.38557435440783616 0.3116651825467498 0.38557435440783616 0.3116651825467498 0.5886019590382903 0.11932324131789848 0.5886019590382903
15 0.2021371326803206 0.27070347284060553 0.39180765805877116 0.27070347284060553 0.39180765805877116 0.4532502226179875 0.2021371326803206 0.4532502226179875
15 0.3962600178094389 0.3846838824577025 0.5396260017809438 0.3846838824577025 0.5396260017809438 0.5271593944790738 0.3962600178094389 0.5271593944790738
15 0.5022261798753339 0.21905609973285844 0.642920747996438 0.21905609973285844 0.642920747996438 0.36064113980409623 0.5022261798753339 0.36064113980409623
15 0.4870881567230632 0.38913624220837045 0.6384683882457701 0.38913624220837045 0.6384683882457701 0.5138023152270703 0.4870881567230632 0.5138023152270703
15 0.5182546749777382 0.6322350845948352 0.7043633125556544 0.6322350845948352 0.7043633125556544 0.8201246660730187 0.5182546749777382 0.8201246660730187
15 0.3570792520035619 0.6749777382012466 0.5307212822796082 0.6749777382012466 0.5307212822796082 0.8557435440783615 0.3570792520035619 0.8557435440783615
15 0.2252894033837934 0.5574354407836153 0.39715048975957257 0.5574354407836153 0.39715048975957257 0.7462154942119323 0.2252894033837934 0.7462154942119323
15 0.11754229741763136 0.14870881567230632 0.28138913624220835 0.14870881567230632 0.28138913624220835 0.3072128227960819 0.11754229741763136 0.3072128227960819
15 0.2983081032947462 0.08281389136242208 0.4728406055209261 0.08281389136242208 0.4728406055209261 0.23953695458593055 0.2983081032947462 0.23953695458593055
