0 0.1549421193232413 0.30810329474621556 0.29652715939447905 0.30810329474621556 0.29652715939447905 0.4603739982190561 0.1549421193232413 0.4603739982190561
0 0.06678539626001781 0.028495102404274265 0.22261798753339268 0.028495102404274265 0.22261798753339268 0.16740872662511133 0.06678539626001781 0.16740872662511133
0 0.25556544968833483 0.1371326803205699 0.37132680320569905 0.1371326803205699 0.37132680320569905 0.2466607301869991 0.25556544968833483 0.2466607301869991
0 0.44968833481745324 0.09349955476402494 0.5707925200356189 0.09349955476402494 0.5707925200356189 0.21549421193232418 0.44968833481745324 0.21549421193232418
0 0.566340160284951 0.13891362422083706 0.7088156723063223 0.13891362422083706 0.7088156723063223 0.25556544968833483 0.566340160284951 0.25556544968833483
0 0.3695458593054319 0.5013357079252003 0.5387355298308103 0.5013357079252003 0.5387355298308103 0.6562778272484416 0.3695458593054319 0.6562778272484416
0 0.04096170970614425 0.6242208370436332 0.24577025823686555 0.6242208370436332 0.24577025823686555 0.8290293855743546 0.04096170970614425 0.8290293855743546
0 0.5048975957257347 0.6883348174532502 0.6669634906500446 0.6883348174532502 0.6669634906500446 0.8708815672306321 0.5048975957257347 0.8708815672306321
0 0.765805877114871 0.7586821015138024 0.9456812110418523 0.7586821015138024 0.9456812110418523 0.9349955476402494 0.765805877114871 0.9349955476402494
0 0.566340160284951 0.3722172751558326 0.7097061442564558 0.3722172751558326 0.7097061442564558 0.5200356188780053 0.566340160284951 0.5200356188780053
0 0.8067675868210153 0.44879786286731965 0.9421193232413181 0.44879786286731965 0.9421193232413181 0.5903829029385573 0.8067675868210153 0.5903829029385573
0 0.6767586821015138 0.2769367764915405 0.8165627782724845 0.2769367764915405 0.8165627782724845 0.41941228851291185 0.6767586821015138 0.41941228851291185
0 0.3846838824577025 0.23508459483526273 0.5316117542297417 0.23508459483526273 0.5316117542297417 0.38913624220837045 0.3846838824577025 0.38913624220837045
0 0.3089937666963491 0.3472840605520926 0.43187889581478184 0.3472840605520926 0.43187889581478184 0.4826357969723954 0.3089937666963491 0.4826357969723954
0 0.019590382902938557 0.5227070347284061 0.17453250222617986 0.5227070347284061 0.17453250222617986 0.6420302760463047 0.019590382902938557 0.6420302760463047
0 0.19412288512911846 0.7284060552092609 0.3410507569011576 0.7284060552092609 0.3410507569011576 0.8993766696349065 0.19412288512911846 0.8993766696349065
0 0.622439893143366 0.642920747996438 0.7943009795191451 0.642920747996438 0.7943009795191451 0.8201246660730187 0.622439893143366 0.8201246660730187
0 0.7934105075690115 0.6144256455921638 0.9741763134461265 0.6144256455921638 0.9741763134461265 0.77560106856634 0.7934105075690115 0.77560106856634
0 0.04363312555654497 0.16562778272484416 0.17720391807658062 0.16562778272484416 0.17720391807658062 0.29741763134461263 0.04363312555654497 0.29741763134461263
0 0.0 0.0 0.10062333036509352 0.0 0.10062333036509352 0.1291184327693677 0.0 0.1291184327693677
0 0.6607301869991096 8.881784197001253e-18 0.7773820124666073 8.881784197001253e-18 0.7773820124666073 0.11665182546749776 0.6607301869991096 0.11665182546749776
0 0.5476402493321461 0.011576135351736423 0.6740872662511129 0.011576135351736423 0.6740872662511129 0.1264470169189671 0.5476402493321461 0.1264470169189671
0 0.7907390917186109 0.0026714158504007124 0.906500445235975 0.0026714158504007124 0.906500445235975 0.10151380231522705 0.7907390917186109 0.10151380231522705
0 0.7791629563668745 0.2021371326803206 0.9029385574354408 0.2021371326803206 0.9029385574354408 0.3365983971504897 0.7791629563668745 0.3365983971504897
0 0.3410507569011576 0.04719501335707925 0.46749777382012464 0.04719501335707925 0.46749777382012464 0.18343722172751556 0.3410507569011576 0.18343722172751556
