5 0.4728406055209261 0.383793410507569 0.7257346393588602 0.383793410507569 0.7257346393588602 0.572573463935886 0.4728406055209261 0.572573463935886
5 0.25734639358860195 0.3081032947462155 0.4416740872662511 0.3081032947462155 0.4416740872662511 0.46037399821905606 0.25734639358860195 0.46037399821905606
5 0.19323241317898485 0.4372217275155833 0.38913624220837045 0.4372217275155833 0.38913624220837045 0.6117542297417633 0.19323241317898485 0.6117542297417633
5 0.6562778272484416 0.5387355298308103 0.806767586821015 0.5387355298308103 0.806767586821015 0.6936776491540516 0.6562778272484416 0.6936776491540516
5 0.46660730186999105 0.5129118432769367 0.6375779162956366 0.5129118432769367 0.6375779162956366 0.7212822796081924 0.46660730186999105 0.7212822796081924
5 0.5048975957257347 0.6696349065004452 0.6856634016028496 0.6696349065004452 0.6856634016028496 0.8993766696349065 0.5048975957257347 0.8993766696349065
5 0.25111308993766696 0.7177203918076585 0.4630454140694567 0.7177203918076585 0.4630454140694567 0.9866429207479964 0.25111308993766696 0.9866429207479964
5 0.45859305431878894 0.9626001780943901 0.46215494211932323 0.9626001780943901 0.46215494211932323 0.9866429207479964 0.45859305431878894 0.9866429207479964
5 0.4951024042742652 0.1371326803205699 0.6954585930543187 0.1371326803205699 0.6954585930543187 0.3161175422974177 0.4951024042742652 0.3161175422974177
5 0.34995547640249325 0.19768477292965272 0.5271593944790738 0.19768477292965272 0.5271593944790738 0.35796972395369553 0.34995547640249325 0.35796972395369553
5 0.6482635796972396 0.8058771148708815 0.8174532502226179 0.8058771148708815 0.8174532502226179 0.954585930543188 0.6482635796972396 0.954585930543188
5 0.655387355298308 0.6562778272484416 0.8521816562778272 0.6562778272484416 0.8521816562778272 0.8112199465716831 0.655387355298308 0.8112199465716831
5 0.8040961709706145 0.5583259127337489 0.9679430097951915 0.5583259127337489 0.9679430097951915 0.7150489759572574 0.8040961709706145 0.7150489759572574
5 0.7266251113089938 0.44434550311665183 0.8878005342831701 0.44434550311665183 0.8878005342831701 0.5877114870881567 0.7266251113089938 0.5877114870881567
5 0.8299198575244879 0.3134461264470169 1.0 0.3134461264470169 1.0 0.4692787177203918 0.8299198575244879 0.4692787177203918
5 0.8227960819234194 0.16651825467497777 0.9982190560997329 0.16651825467497777 0.9982190560997329 0.3455031166518254 0.8227960819234194 0.3455031166518254
