16 0.38201246660730187 0.5093499554764025 0.5244879786286731 0.5093499554764025 0.5244879786286731 0.6455921638468388 0.38201246660730187 0.6455921638468388
16 0.634906500445236 0.5387355298308103 0.8005342831700801 0.5387355298308103 0.8005342831700801 0.7186108637577917 0.634906500445236 0.7186108637577917
16 0.43455031166518254 0.7622439893143366 0.6170970614425646 0.7622439893143366 0.6170970614425646 0.9634906500445235 0.43455031166518254 0.9634906500445235
16 0.5244879786286732 0.6438112199465716 0.6625111308993767 0.6438112199465716 0.6625111308993767 0.8023152270703471 0.5244879786286732 0.8023152270703471
16 0.8040961709706145 0.57613535173642 0.9528049866429207 0.57613535173642 0.9528049866429207 0.7328584149599288 0.8040961709706145 0.7328584149599288
16 0.723953695458593 0.46749777382012464 0.8548530721282279 0.46749777382012464 0.8548530721282279 0.5894924309884239 0.723953695458593 0.5894924309884239
16 0.8664292074799643 0.2591273374888691 1.0 0.2591273374888691 1.0 0.3829029385574355 0.8664292074799643 0.3829029385574355
16 0.77560106856634 0.3535173642030276 0.8851291184327694 0.3535173642030276 0.8851291184327694 0.47373107747105964 0.77560106856634 0.47373107747105964
16 0.6482635796972396 0.3722172751558326 0.7640249332146036 0.3722172751558326 0.7640249332146036 0.48441674087266245 0.6482635796972396 0.48441674087266245
16 0.5672306322350846 0.42831700801424755 0.6945681211041853 0.42831700801424755 0.6945681211041853 0.5520926090828139 0.5672306322350846 0.5520926090828139
16 0.5138023152270703 0.5262689225289403 0.6375779162956366 0.5262689225289403 0.6375779162956366 0.655387355298308 0.5138023152270703 0.655387355298308
16 0.4390026714158505 0.4069456812110419 0.577025823686554 0.4069456812110419 0.577025823686554 0.5369545859305432 0.4390026714158505 0.5369545859305432
16 0.4746215494211931 0.3081032947462155 0.611754229741763 0.3081032947462155 0.611754229741763 0.4372217275155832 0.4746215494211931 0.4372217275155832
16 0.572573463935886 0.22707034728406061 0.6714158504007123 0.22707034728406061 0.6714158504007123 0.35084594835262695 0.572573463935886 0.35084594835262695
16 0.6687444345503117 0.27515583259127335 0.8049866429207481 0.27515583259127335 0.8049866429207481 0.39180765805877116 0.6687444345503117 0.39180765805877116
16 0.6749777382012466 0.1674087266251113 0.7836153161175422 0.1674087266251113 0.7836153161175422 0.29118432769367764 0.6749777382012466 0.29118432769367764
16 0.6126447016918967 0.8103294746215495 0.7925200356188777 0.8103294746215495 0.7925200356188777 0.9946571682991988 0.6126447016918967 0.9946571682991988
