14 0.1495992876224399 0.3793410507569012 0.3365983971504897 0.3793410507569012 0.3365983971504897 0.560106856634016 0.1495992876224399 0.560106856634016
14 0.05431878895814782 0.5342831700801425 0.24577025823686552 0.5342831700801425 0.24577025823686552 0.7168299198575245 0.05431878895814782 0.7168299198575245
14 0.30632235084594833 0.4835262689225289 0.472840605520926 0.4835262689225289 0.472840605520926 0.6438112199465718 0.30632235084594833 0.6438112199465718
14 0.4354407836153161 0.5467497773820125 0.6357969723953695 0.5467497773820125 0.6357969723953695 0.705253784505788 0.4354407836153161 0.705253784505788
14 0.5627782724844167 0.42742653606411396 0.748886910062333 0.42742653606411396 0.748886910062333 0.5796972395369546 0.5627782724844167 0.5796972395369546
14 0.6313446126447019 0.5307212822796082 0.8414959928762242 0.5307212822796082 0.8414959928762242 0.692787177203918 0.6313446126447019 0.692787177203918
14 0.7969723953695458 0.42742653606411396 0.9643811219946572 0.42742653606411396 0.9643811219946572 0.5921638468388246 0.7969723953695458 0.5921638468388246
14 0.7114870881567231 0.3116651825467498 0.8414959928762246 0.3116651825467498 0.8414959928762246 0.44612644701691895 0.7114870881567231 0.44612644701691895
14 0.8601959038290294 0.3232413178984862 0.9973285841495992 0.3232413178984862 0.9973285841495992 0.4541406945681211 0.8601959038290294 0.4541406945681211
14 0.5547640249332146 0.3054318788958148 0.7239536954585929 0.3054318788958148 0.7239536954585929 0.4470169189670526 0.5547640249332146 0.4470169189670526
14 0.4024933214603739 0.3116651825467498 0.5645592163846839 0.3116651825467498 0.5645592163846839 0.4487978628673196 0.4024933214603739 0.4487978628673196
14 0.25734639358860195 0.30008904719501334 0.3980409617097062 0.30008904719501334 0.3980409617097062 0.4220837043633126 0.25734639358860195 0.4220837043633126
14 0.10685663401602849 0.2769367764915405 0.2804986642920749 0.2769367764915405 0.2804986642920749 0.4158504007123775 0.10685663401602849 0.4158504007123775
14 0.006233303650934996 0.40160284951024044 0.16295636687444348 0.40160284951024044 0.16295636687444348 0.5574354407836154 0.006233303650934996 0.5574354407836154
14 0.7996438112199464 0.20302760463045416 0.9243098842386465 0.20302760463045416 0.9243098842386465 0.3312555654496883 0.7996438112199464 0.3312555654496883
14 0.6260017809439002 0.20391807658058775 0.7524487978628673 0.20391807658058775 0.7524487978628673 0.3187889581478183 0.6260017809439002 0.3187889581478183
14 0.49777382012466614 0.19679430097951914 0.6277827248441674 0.19679430097951914 0.6277827248441674 0.3116651825467498 0.49777382012466614 0.3116651825467498
14 0.3570792520035619 0.19590382902938558 0.48797862867319686 0.19590382902938558 0.48797862867319686 0.30632235084594833 0.3570792520035619 0.30632235084594833
