0 0.08637577916295637 0.0 0.23864648263579696 0.0 0.23864648263579696 0.14514692787177205 0.08637577916295637 0.14514692787177205
0 0.2502226179875332 0.08014247551202139 0.3846838824577025 0.08014247551202139 0.3846838824577025 0.27515583259127335 0.2502226179875332 0.27515583259127335
0 0.6714158504007124 0.41852181656277826 0.8254674977738202 0.41852181656277826 0.8254674977738202 0.5716829919857523 0.6714158504007124 0.5716829919857523
0 0.6749777382012466 0.2867319679430098 0.8076580587711487 0.2867319679430098 0.8076580587711487 0.42475512021371326 0.6749777382012466 0.42475512021371326
0 0.9100623330365094 0.14514692787177205 1.0 0.14514692787177205 1.0 0.2778272484416741 0.9100623330365094 0.2778272484416741
0 0.38557435440783616 0.4550311665182547 0.5360641139804095 0.4550311665182547 0.5360641139804095 0.603739982190561 0.38557435440783616 0.603739982190561
0 0.0 0.40961709706144256 0.11219946571682991 0.40961709706144256 0.11219946571682991 0.5503116651825468 0.0 0.5503116651825468
0 0.006233303650935045 0.8112199465716831 0.2217275155832591 0.8112199465716831 0.2217275155832591 1.0 0.006233303650935045 1.0
0 0.7533392698130008 0.7889581478183436 0.9483526268922529 0.7889581478183436 0.9483526268922529 0.9821905609973287 0.7533392698130008 0.9821905609973287
0 0.8655387355298308 0.616206589492431 1.0 0.616206589492431 1.0 0.8254674977738202 0.8655387355298308 0.8254674977738202
0 0.5396260017809439 0.09349955476402494 0.6856634016028494 0.09349955476402494 0.6856634016028494 0.26268922528940336 0.5396260017809439 0.26268922528940336
0 0.0 0.1905609973285842 0.17097061442564543 0.1905609973285842 0.17097061442564543 0.3722172751558325 0.0 0.3722172751558325
