0 0.4897595725734639 0.5209260908281389 0.6660730186999109 0.5209260908281389 0.6660730186999109 0.6990204808548531 0.4897595725734639 0.6990204808548531
0 0.26179875333926983 0.5618878005342832 0.46304541406945676 0.5618878005342832 0.46304541406945676 0.7613535173642031 0.26179875333926983 0.7613535173642031
0 0.06500445235975066 0.6527159394479072 0.26625111308993765 0.6527159394479072 0.26625111308993765 0.8806767586821014 0.06500445235975066 0.8806767586821014
0 0.3383793410507569 0.3081032947462155 0.5075690115761353 0.3081032947462155 0.5075690115761353 0.47016918967052534 0.3383793410507569 0.47016918967052534
0 0.7640249332146037 0.3428317008014248 0.9430097951914516 0.3428317008014248 0.9430097951914516 0.5048975957257347 0.7640249332146037 0.5048975957257347
0 0.6918967052537845 0.4755120213713269 0.8423864648263578 0.4755120213713269 0.8423864648263578 0.6375779162956366 0.6918967052537845 0.6375779162956366
0 0.8192341941228851 0.5556544968833482 1.0 0.5556544968833482 1.0 0.7560106856634017 0.8192341941228851 0.7560106856634017
0 0.6073018699910954 0.6251113089937667 0.7880676758682101 0.6251113089937667 0.7880676758682101 0.8112199465716828 0.6073018699910954 0.8112199465716828
0 0.40160284951024044 0.7132680320569902 0.5939447907390919 0.7132680320569902 0.5939447907390919 0.906500445235975 0.40160284951024044 0.906500445235975
0 0.14158504007123776 0.49243098842386457 0.32947462154942125 0.49243098842386457 0.32947462154942125 0.6625111308993766 0.14158504007123776 0.6625111308993766
0 0.10151380231522708 0.3196794300979519 0.2813891362422084 0.3196794300979519 0.2813891362422084 0.5271593944790738 0.10151380231522708 0.5271593944790738
0 0.14870881567230632 0.1611754229741763 0.3009795191451469 0.1611754229741763 0.3009795191451469 0.32947462154942125 0.14870881567230632 0.32947462154942125
0 0.5966162065894924 0.25467497773820125 0.7586821015138023 0.25467497773820125 0.7586821015138023 0.39269813000890463 0.5966162065894924 0.39269813000890463
0 0.5458593054318789 0.3686553873552983 0.7159394479073908 0.3686553873552983 0.7159394479073908 0.5280498664292076 0.5458593054318789 0.5280498664292076
0 0.40872662511130897 0.18432769367764915 0.5636687444345503 0.18432769367764915 0.5636687444345503 0.34728406055209265 0.40872662511130897 0.34728406055209265
0 0.4416740872662511 0.05075690115761354 0.5859305431878896 0.05075690115761354 0.5859305431878896 0.20035618878005343 0.4416740872662511 0.20035618878005343
0 0.5796972395369547 0.0365093499554764 0.7239536954585932 0.0365093499554764 0.7239536954585932 0.19234194122885126 0.5796972395369547 0.19234194122885126
0 0.7061442564559216 0.20302760463045416 0.8477292965271594 0.20302760463045416 0.8477292965271594 0.33570792520035614 0.7061442564559216 0.33570792520035614
0 0.7889581478183436 0.016028495102404273 0.9243098842386465 0.016028495102404273 0.9243098842386465 0.14781834372217276 0.7889581478183436 0.14781834372217276
0 0.9020480854853072 0.163846838824577 1.0 0.163846838824577 1.0 0.32591273374888685 0.9020480854853072 0.32591273374888685
