12 0.730186999109528 0.3365983971504897 0.9260908281389137 0.3365983971504897 0.9260908281389137 0.4879786286731969 0.730186999109528 0.4879786286731969
12 0.554467200949837 0.30543187889581475 0.7361234787770852 0.30543187889581475 0.7361234787770852 0.44968833481745313 0.554467200949837 0.44968833481745313
12 0.5069753636093797 0.4514692787177204 0.7301869991095281 0.4514692787177204 0.7301869991095281 0.6055209260908281 0.5069753636093797 0.6055209260908281
12 0.3146334223805283 0.42208370436331255 0.5057880676758681 0.42208370436331255 0.5057880676758681 0.5645592163846839 0.3146334223805283 0.5645592163846839
12 0.39893143365983974 0.321460373998219 0.5675274562184625 0.321460373998219 0.5675274562184625 0.4452359750667853 0.39893143365983974 0.4452359750667853
12 0.7848026120510538 0.2270703472840606 0.9866429207479966 0.2270703472840606 0.9866429207479966 0.36598397150489764 0.7848026120510538 0.36598397150489764
12 0.647076283763728 0.21193232413178986 0.819234194122885 0.21193232413178986 0.819234194122885 0.33748886910062337 0.647076283763728 0.33748886910062337
12 0.5865241911546453 0.12021371326803205 0.7456218462451765 0.12021371326803205 0.7456218462451765 0.2493321460373998 0.5865241911546453 0.2493321460373998
12 0.5402196497476996 0.23152270703472838 0.6530127634312852 0.23152270703472838 0.6530127634312852 0.3170080142475512 0.5402196497476996 0.3170080142475512
12 0.5378450578806767 0.016918967052537846 0.6945681211041852 0.016918967052537846 0.6945681211041852 0.14692787177203917 0.5378450578806767 0.14692787177203917
12 0.6838824577025824 0.0008904719501335708 0.8501038883941822 0.0008904719501335708 0.8501038883941822 0.13802315227070347 0.6838824577025824 0.13802315227070347
12 0.730186999109528 0.12822796081923418 0.9070940932027308 0.12822796081923418 0.9070940932027308 0.2350845948352627 0.730186999109528 0.2350845948352627
12 0.749183734045711 0.5654496883348175 0.9807064410804391 0.5654496883348175 0.9807064410804391 0.7292965271593946 0.749183734045711 0.7292965271593946
12 0.7183140397744139 0.7426536064113979 0.9605224102107451 0.7426536064113979 0.9605224102107451 0.9252003561887802 0.7183140397744139 0.9252003561887802
12 0.4927278124072425 0.7435440783615315 0.7028791926387651 0.7435440783615315 0.7028791926387651 0.8958147818343721 0.4927278124072425 0.8958147818343721
12 0.3597506678539626 0.6571682991985752 0.5307212822796082 0.6571682991985752 0.5307212822796082 0.8023152270703473 0.3597506678539626 0.8023152270703473
12 0.5010388839418224 0.6349065004452363 0.688631641436628 0.6349065004452363 0.688631641436628 0.7497773820124669 0.5010388839418224 0.7497773820124669
12 0.4214900563965569 0.5298308103294747 0.6031463342238054 0.5298308103294747 0.6031463342238054 0.6464826357969724 0.4214900563965569 0.6464826357969724
