4 0.29801127931136834 0.23063223508459482 0.45592163846838824 0.23063223508459482 0.45592163846838824 0.358860195903829 0.29801127931136834 0.358860195903829
4 0.3668744434550312 0.09528049866429207 0.47966755713861675 0.09528049866429207 0.47966755713861675 0.19946571682991987 0.3668744434550312 0.19946571682991987
4 0.44642327100029683 0.2065894924309884 0.558029088750371 0.2065894924309884 0.558029088750371 0.2849510240427426 0.44642327100029683 0.2849510240427426
4 0.4369249035322055 0.28495102404274264 0.5651528643514397 0.28495102404274264 0.5651528643514397 0.4051647373107747 0.4369249035322055 0.4051647373107747
4 0.3217571979815969 0.37666963490650046 0.45235975066785394 0.37666963490650046 0.45235975066785394 0.48530721282279604 0.3217571979815969 0.48530721282279604
4 0.21015138023152272 0.39447907390917186 0.3502523003858712 0.39447907390917186 0.3502523003858712 0.5093499554764025 0.21015138023152272 0.5093499554764025
4 0.172157910359157 0.3081032947462155 0.3407539329177798 0.3081032947462155 0.3407539329177798 0.39893143365983974 0.172157910359157 0.39893143365983974
4 0.032056990204808546 0.383793410507569 0.21252597209854554 0.383793410507569 0.21252597209854554 0.5520926090828139 0.032056990204808546 0.5520926090828139
4 0.5817750074205996 0.5155832591273375 0.7408726625111308 0.5155832591273375 0.7408726625111308 0.6651825467497773 0.5817750074205996 0.6651825467497773
4 0.7064410804392994 0.7319679430097952 0.9047195013357078 0.7319679430097952 0.9047195013357078 0.8780053428317006 0.7064410804392994 0.8780053428317006
4 0.8382309290590682 0.7132680320569902 0.9723953695458593 0.7132680320569902 0.9723953695458593 0.8708815672306323 0.8382309290590682 0.8708815672306323
4 0.7966755713861681 0.616206589492431 0.9106559810032652 0.616206589492431 0.9106559810032652 0.7203918076580588 0.7966755713861681 0.7203918076580588
4 0.6993173048382311 0.4300979519145147 0.8524784802612051 0.4300979519145147 0.8524784802612051 0.5431878895814782 0.6993173048382311 0.5431878895814782
4 0.5188483229444939 0.3793410507569012 0.6613238349658653 0.3793410507569012 0.6613238349658653 0.49332146037399827 0.5188483229444939 0.49332146037399827
4 0.6933808251706738 0.3098842386464826 0.8132977144553281 0.3098842386464826 0.8132977144553281 0.4113980409617098 0.6933808251706738 0.4113980409617098
4 0.6423271000296825 0.21104185218165628 0.757494805580291 0.21104185218165628 0.757494805580291 0.3161175422974176 0.6423271000296825 0.3161175422974176
4 0.5592163846838825 0.24487978628673196 0.6589492430988424 0.24487978628673196 0.6589492430988424 0.36598397150489764 0.5592163846838825 0.36598397150489764
4 0.3894330661917483 0.5307212822796082 0.5366577619471653 0.5307212822796082 0.5366577619471653 0.6527159394479074 0.3894330661917483 0.6527159394479074
4 0.3134461264470169 0.6144256455921638 0.48204214900563963 0.6144256455921638 0.48204214900563963 0.7301869991095281 0.3134461264470169 0.7301869991095281
4 0.20065301276343128 0.4977738201246661 0.3680617393885426 0.4977738201246661 0.3680617393885426 0.6331255565449689 0.20065301276343128 0.6331255565449689
4 0.549718017215791 0.6625111308993766 0.680320569902048 0.6625111308993766 0.680320569902048 0.7453250222617988 0.549718017215791 0.7453250222617988
4 0.8928465420005937 0.4594835262689225 1.0 0.4594835262689225 1.0 0.5707925200356189 0.8928465420005937 0.5707925200356189
