1 0.5360641139804097 0.36598397150489753 0.759572573463936 0.36598397150489753 0.759572573463936 0.6108637577916295 0.5360641139804097 0.6108637577916295
1 0.3285841495992876 0.3704363312555655 0.5405164737310775 0.3704363312555655 0.5405164737310775 0.6206589492430988 0.3285841495992876 0.6206589492430988
1 0.10685663401602849 0.2680320569902049 0.30365093499554763 0.2680320569902049 0.30365093499554763 0.47907390917186116 0.10685663401602849 0.47907390917186116
1 0.4372217275155833 0.13446126447016918 0.7328584149599288 0.13446126447016918 0.7328584149599288 0.3811219946571683 0.4372217275155833 0.3811219946571683
1 0.7586821015138024 0.26447016918967053 0.9706144256455922 0.26447016918967053 0.9706144256455922 0.4915405164737312 0.7586821015138024 0.4915405164737312
1 0.6268922528940338 0.0 0.8317008014247552 0.0 0.8317008014247552 0.24844167408726625 0.6268922528940338 0.24844167408726625
1 0.48084997055174566 0.6441320695882967 0.7698724136984024 0.5863275809589708 0.8076629412915284 0.7752802189246176 0.5186404981448716 0.8330847075539436
1 0.08103294746215495 0.653606411398041 0.2742653606411398 0.653606411398041 0.2742653606411398 0.8699910952804987 0.08103294746215495 0.8699910952804987
1 0.2680320569902048 0.7043633125556545 0.49421193232413185 0.7043633125556545 0.49421193232413185 0.9118432769367766 0.2680320569902048 0.9118432769367766
1 0.23686553873552982 0.5405164737310775 0.41674087266251114 0.5405164737310775 0.41674087266251114 0.7203918076580589 0.23686553873552982 0.7203918076580589
1 0.08014247551202137 0.4657168299198575 0.2751558325912734 0.4657168299198575 0.2751558325912734 0.6357969723953695 0.08014247551202137 0.6357969723953695
1 0.2778272484416741 0.22974176313446126 0.47996438112199463 0.22974176313446126 0.47996438112199463 0.4220837043633125 0.2778272484416741 0.4220837043633125
1 0.6607301869991096 0.7506678539626002 0.8414959928762246 0.7506678539626002 0.8414959928762246 0.9305431878895815 0.6607301869991096 0.9305431878895815
1 0.4870881567230632 0.7141585040071238 0.6544968833481746 0.7141585040071238 0.6544968833481746 0.9510240427426536 0.4870881567230632 0.9510240427426536
1 0.8067675868210151 0.6260017809439002 1.0 0.6260017809439002 1.0 0.8397150489759572 0.8067675868210151 0.8397150489759572
1 0.027604630454140685 0.8886910062333039 0.20747996438112198 0.8886910062333039 0.20747996438112198 1.0 0.027604630454140685 1.0
1 0.10507569011576136 0.10240427426536064 0.2956366874443455 0.10240427426536064 0.2956366874443455 0.2796081923419413 0.10507569011576136 0.2796081923419413
