12 0.3285841495992876 0.7479964381121995 0.5191451469278717 0.7479964381121995 0.5191451469278717 0.8762243989314337 0.3285841495992876 0.8762243989314337
12 0.3481745325022262 0.6402493321460373 0.45592163846838824 0.6402493321460373 0.45592163846838824 0.7462154942119321 0.3481745325022262 0.7462154942119321
12 0.41406945681211044 0.5342831700801425 0.5396260017809439 0.5342831700801425 0.5396260017809439 0.641139804096171 0.41406945681211044 0.641139804096171
12 0.5280498664292075 0.5022261798753339 0.6607301869991097 0.5022261798753339 0.6607301869991097 0.6162065894924309 0.5280498664292075 0.6162065894924309
12 0.4603739982190561 0.41941228851291185 0.5814781834372218 0.41941228851291185 0.5814781834372218 0.5449688334817453 0.4603739982190561 0.5449688334817453
12 0.5832591273374889 0.3285841495992876 0.7221727515583259 0.3285841495992876 0.7221727515583259 0.4835262689225289 0.5832591273374889 0.4835262689225289
12 0.4755120213713269 0.3098842386464826 0.5957257346393589 0.3098842386464826 0.5957257346393589 0.42297417631344614 0.4755120213713269 0.42297417631344614
12 0.2947462154942119 0.34283170080142483 0.42653606411398043 0.34283170080142483 0.42653606411398043 0.46126447016918976 0.2947462154942119 0.46126447016918976
12 0.38468388245770263 0.20480854853072128 0.5173642030276047 0.20480854853072128 0.5173642030276047 0.3294746215494212 0.38468388245770263 0.3294746215494212
12 0.48797862867319686 0.08459483526268922 0.620658949243099 0.08459483526268922 0.620658949243099 0.21549421193232413 0.48797862867319686 0.21549421193232413
12 0.6277827248441674 0.13178984861976847 0.7595725734639359 0.13178984861976847 0.7595725734639359 0.25200356188780054 0.6277827248441674 0.25200356188780054
12 0.6357969723953696 0.24666073018699916 0.7773820124666073 0.24666073018699916 0.7773820124666073 0.3704363312555655 0.6357969723953696 0.3704363312555655
12 0.7960819234194118 0.1638468388245772 0.9296527159394474 0.1638468388245772 0.9296527159394474 0.3009795191451469 0.7960819234194118 0.3009795191451469
12 0.7390917186108639 0.04986642920747997 0.8824577025823687 0.04986642920747997 0.8824577025823687 0.18165627782724844 0.7390917186108639 0.18165627782724844
12 0.8646482635796974 0.008904719501335707 1.0 0.008904719501335707 1.0 0.16028495102404275 0.8646482635796974 0.16028495102404275
12 0.8833481745325023 0.2252894033837934 1.0 0.2252894033837934 1.0 0.36509349955476406 0.8833481745325023 0.36509349955476406
12 0.723953695458593 0.5512021371326803 0.8575244879786286 0.5512021371326803 0.8575244879786286 0.6731967943009795 0.723953695458593 0.6731967943009795
12 0.616206589492431 0.5796972395369546 0.7355298308103295 0.5796972395369546 0.7355298308103295 0.6829919857524489 0.616206589492431 0.6829919857524489
12 0.705253784505788 0.3642030276046305 0.8236865538735529 0.3642030276046305 0.8236865538735529 0.4826357969723954 0.705253784505788 0.4826357969723954
12 0.873552983081033 0.5093499554764025 1.0 0.5093499554764025 1.0 0.6313446126447018 0.873552983081033 0.6313446126447018
12 0.8593054318788959 0.4060552092609083 0.9848619768477294 0.4060552092609083 0.9848619768477294 0.5182546749777381 0.8593054318788959 0.5182546749777381
12 0.7943009795191451 0.30365093499554763 0.9269813000890473 0.30365093499554763 0.9269813000890473 0.42119323241317896 0.7943009795191451 0.42119323241317896
12 0.6188780053428317 0.680320569902048 0.7435440783615315 0.680320569902048 0.7435440783615315 0.7978628673196795 0.6188780053428317 0.7978628673196795
12 0.49955476402493304 0.5921638468388247 0.6349065004452359 0.5921638468388247 0.6349065004452359 0.7141585040071239 0.49955476402493304 0.7141585040071239
12 0.2653606411398041 0.48797862867319686 0.3873552983081033 0.48797862867319686 0.3873552983081033 0.6162065894924311 0.2653606411398041 0.6162065894924311
12 0.3428317008014248 0.4327693677649154 0.4683882457702582 0.4327693677649154 0.4683882457702582 0.5547640249332147 0.3428317008014248 0.5547640249332147
12 0.12288512911843277 0.32591273374888696 0.257346393588602 0.32591273374888696 0.257346393588602 0.43811219946571683 0.12288512911843277 0.43811219946571683
12 0.2840605520926091 0.16829919857524486 0.4158504007123776 0.16829919857524486 0.4158504007123776 0.29919857524487975 0.2840605520926091 0.29919857524487975
12 0.2466607301869991 0.2965271593944791 0.35351736420302754 0.2965271593944791 0.35351736420302754 0.4024933214603741 0.2466607301869991 0.4024933214603741
12 0.14425645592163847 0.5761353517364203 0.2573463935886019 0.5761353517364203 0.2573463935886019 0.6838824577025824 0.14425645592163847 0.6838824577025824
12 0.15672306322350846 0.6838824577025824 0.2555654496883349 0.6838824577025824 0.2555654496883349 0.7871772039180766 0.15672306322350846 0.7871772039180766
12 0.25734639358860195 0.6518254674977737 0.36865538735529824 0.6518254674977737 0.36865538735529824 0.7711487088156722 0.25734639358860195 0.7711487088156722
