0 0.21015138023152272 0.6625111308993766 0.43900267141585037 0.6625111308993766 0.43900267141585037 0.878005342831701 0.21015138023152272 0.878005342831701
0 0.4853072128227961 0.34995547640249325 0.6117542297417633 0.34995547640249325 0.6117542297417633 0.49421193232413174 0.4853072128227961 0.49421193232413174
0 0.7399821905609972 0.5307212822796082 0.9020480854853072 0.5307212822796082 0.9020480854853072 0.678539626001781 0.7399821905609972 0.678539626001781
0 0.4657168299198575 0.1522707034728406 0.5859305431878896 0.1522707034728406 0.5859305431878896 0.2751558325912734 0.4657168299198575 0.2751558325912734
0 0.11308993766696349 0.013357079252003561 0.2528940338379342 0.013357079252003561 0.2528940338379342 0.15672306322350843 0.11308993766696349 0.15672306322350843
0 0.24220837043633123 0.20926090828138913 0.39536954585930545 0.20926090828138913 0.39536954585930545 0.3455031166518255 0.24220837043633123 0.3455031166518255
0 0.26447016918967053 0.3321460373998219 0.3980409617097062 0.3321460373998219 0.3980409617097062 0.47016918967052546 0.26447016918967053 0.47016918967052546
0 0.591273374888691 0.5529830810329476 0.7301869991095281 0.5529830810329476 0.7301869991095281 0.6821015138023153 0.591273374888691 0.6821015138023153
0 0.14158504007123776 0.44879786286731965 0.29741763134461263 0.44879786286731965 0.29741763134461263 0.5868210151380232 0.14158504007123776 0.5868210151380232
0 0.03829029385574354 0.5592163846838825 0.18878005342831702 0.5592163846838825 0.18878005342831702 0.7141585040071238 0.03829029385574354 0.7141585040071238
