6 0.4535470466013654 0.7640249332146037 0.5722766399525082 0.7640249332146037 0.5722766399525082 0.8504007123775602 0.4535470466013654 0.8504007123775602
6 0.5390323538141882 0.7203918076580588 0.6399525081626595 0.7203918076580588 0.6399525081626595 0.798753339269813 0.5390323538141882 0.798753339269813
6 0.41674087266251114 0.6295636687444344 0.5129118432769367 0.6295636687444344 0.5129118432769367 0.6954585930543189 0.41674087266251114 0.6954585930543189
6 0.5485307212822796 0.6046304541406946 0.6648857227663996 0.6046304541406946 0.6648857227663996 0.6758682101513801 0.5485307212822796 0.6758682101513801
6 0.39062036212525975 0.7008014247551202 0.5129118432769367 0.7008014247551202 0.5129118432769367 0.7907390917186109 0.39062036212525975 0.7907390917186109
6 0.27307806470762835 0.7257346393588603 0.36924903532205394 0.7257346393588603 0.36924903532205394 0.8005342831700801 0.27307806470762835 0.8005342831700801
6 0.721875927574948 0.8459483526268923 0.8441674087266252 0.8459483526268923 0.8441674087266252 0.9349955476402493 0.721875927574948 0.9349955476402493
6 0.5817750074205996 0.8682101513802316 0.6933808251706737 0.8682101513802316 0.6933808251706737 0.9536954585930544 0.5817750074205996 0.9536954585930544
6 0.6506381715642624 0.7542297417631345 0.7468091421786881 0.7542297417631345 0.7468091421786881 0.8477292965271593 0.6506381715642624 0.8477292965271593
6 0.5615909765509054 0.7996438112199464 0.6589492430988424 0.7996438112199464 0.6589492430988424 0.8682101513802313 0.5615909765509054 0.8682101513802313
6 0.7206886316414366 0.7088156723063225 0.821608785989908 0.7088156723063225 0.821608785989908 0.782724844167409 0.7206886316414366 0.782724844167409
6 0.6743840902344911 0.6224398931433661 0.7776788364499853 0.6224398931433661 0.7776788364499853 0.7061442564559216 0.6743840902344911 0.7061442564559216
6 0.5865241911546453 0.5209260908281389 0.680320569902048 0.5209260908281389 0.680320569902048 0.589492430988424 0.5865241911546453 0.589492430988424
6 0.5034134758088453 0.553873552983081 0.5865241911546453 0.553873552983081 0.5865241911546453 0.6153161175422974 0.5034134758088453 0.6153161175422974
6 0.4713564856040368 0.4977738201246661 0.5592163846838825 0.4977738201246661 0.5592163846838825 0.5627782724844167 0.4713564856040368 0.5627782724844167
6 0.3550014841199169 0.5565449688334818 0.44286138319976254 0.5565449688334818 0.44286138319976254 0.6188780053428318 0.3550014841199169 0.6188780053428318
6 0.37518551498961117 0.4951024042742654 0.46542000593647964 0.4951024042742654 0.46542000593647964 0.5618878005342832 0.37518551498961117 0.5618878005342832
6 0.41317898486197685 0.44523597506678547 0.5069753636093796 0.44523597506678547 0.5069753636093796 0.5040071237756011 0.41317898486197685 0.5040071237756011
6 0.5200356188780053 0.3793410507569012 0.6114574057583851 0.3793410507569012 0.6114574057583851 0.44968833481745324 0.5200356188780053 0.44968833481745324
