4 0.6019590382902938 0.2742653606411398 0.769367764915405 0.2742653606411398 0.769367764915405 0.3882457702582369 0.6019590382902938 0.3882457702582369
4 0.6081923419412288 0.37845057880676763 0.7943009795191451 0.37845057880676763 0.7943009795191451 0.5743544078361533 0.6081923419412288 0.5743544078361533
4 0.4238646482635797 0.5120213713268033 0.6714158504007123 0.5120213713268033 0.6714158504007123 0.7168299198575245 0.4238646482635797 0.7168299198575245
4 0.6233303650934996 0.6340160284951024 0.7738201246660729 0.6340160284951024 0.7738201246660729 0.8067675868210151 0.6233303650934996 0.8067675868210151
4 0.38201246660730187 0.680320569902048 0.5699020480854853 0.680320569902048 0.5699020480854853 0.8504007123775601 0.38201246660730187 0.8504007123775601
4 0.12377560106856635 0.6322350845948352 0.3561887800534283 0.6322350845948352 0.3561887800534283 0.8121104185218164 0.12377560106856635 0.8121104185218164
4 0.1878895814781835 0.3962600178094389 0.36598397150489764 0.3962600178094389 0.36598397150489764 0.6295636687444345 0.1878895814781835 0.6295636687444345
4 0.39180765805877116 0.2902938557435441 0.5565449688334818 0.2902938557435441 0.5565449688334818 0.39982190560997327 0.39180765805877116 0.39982190560997327
4 0.7729296527159394 0.43633125556544966 0.9091718610863758 0.43633125556544966 0.9091718610863758 0.5966162065894924 0.7729296527159394 0.5966162065894924
4 0.7827248441674086 0.6357969723953696 0.9492430988423863 0.6357969723953696 0.9492430988423863 0.7978628673196795 0.7827248441674086 0.7978628673196795
4 0.5627782724844168 0.8032056990204809 0.7675868210151381 0.8032056990204809 0.7675868210151381 1.0 0.5627782724844168 1.0
4 0.26447016918967053 0.3107747105966162 0.39269813000890474 0.3107747105966162 0.39269813000890474 0.49421193232413174 0.26447016918967053 0.49421193232413174
