12 0.6651825467497774 0.333926981300089 0.9127337488869102 0.333926981300089 0.9127337488869102 0.595725734639359 0.6651825467497774 0.595725734639359
12 0.46660730186999105 0.20035618878005346 0.7088156723063224 0.20035618878005346 0.7088156723063224 0.4372217275155833 0.46660730186999105 0.4372217275155833
12 0.4755120213713269 0.47016918967052546 0.674087266251113 0.47016918967052546 0.674087266251113 0.6562778272484416 0.4755120213713269 0.6562778272484416
12 0.36954585930543177 0.6153161175422975 0.6918967052537844 0.6153161175422975 0.6918967052537844 0.9528049866429209 0.36954585930543177 0.9528049866429209
12 0.7008014247551202 0.6384683882457702 0.9269813000890471 0.6384683882457702 0.9269813000890471 0.8691006233303651 0.7008014247551202 0.8691006233303651
12 0.020480854853072127 0.628673196794301 0.3624220837043633 0.628673196794301 0.3624220837043633 0.9474621549421193 0.020480854853072127 0.9474621549421193
12 0.1914514692787178 0.35084594835262695 0.4603739982190561 0.35084594835262695 0.4603739982190561 0.6206589492430991 0.1914514692787178 0.6206589492430991
12 0.07390917186108638 0.14425645592163847 0.34728406055209254 0.14425645592163847 0.34728406055209254 0.3882457702582369 0.07390917186108638 0.3882457702582369
12 0.5075690115761353 -6.661338147750939e-18 0.711487088156723 -6.661338147750939e-18 0.711487088156723 0.1878895814781835 0.5075690115761353 0.1878895814781835
12 0.7328584149599287 0.08459483526268922 0.8922528940338377 0.08459483526268922 0.8922528940338377 0.2493321460373998 0.7328584149599287 0.2493321460373998
12 0.7960819234194128 0.24131789848619772 0.9999999999999997 0.24131789848619772 0.9999999999999997 0.4612644701691896 0.7960819234194128 0.4612644701691896
12 0.3410507569011576 0.11665182546749776 0.5066785396260017 0.11665182546749776 0.5066785396260017 0.26001780943900266 0.3410507569011576 0.26001780943900266
12 0.18699910952804988 0.0 0.3499554764024933 0.0 0.3499554764024933 0.11576135351736419 0.18699910952804988 0.11576135351736419
