9 0.3606411398040962 0.048975957257346395 0.6215494211932324 0.048975957257346395 0.6215494211932324 0.294746215494212 0.3606411398040962 0.294746215494212
9 0.5672306322350847 0.4817453250222618 0.8468388245770259 0.4817453250222618 0.8468388245770259 0.7435440783615318 0.5672306322350847 0.7435440783615318
9 0.14425645592163847 0.45859305431878894 0.37132680320569894 0.45859305431878894 0.37132680320569894 0.6740872662511129 0.14425645592163847 0.6740872662511129
9 0.3704363312555654 0.5057880676758683 0.5779162956366874 0.5057880676758683 0.5779162956366874 0.7355298308103295 0.3704363312555654 0.7355298308103295
9 0.49421193232413174 0.7275155832591274 0.7355298308103295 0.7275155832591274 0.7355298308103295 0.9599287622439895 0.49421193232413174 0.9599287622439895
9 0.2947462154942119 0.7248441674087266 0.5075690115761353 0.7248441674087266 0.5075690115761353 0.9367764915405165 0.2947462154942119 0.9367764915405165
9 0.5218165627782725 0.4060552092609083 0.7043633125556544 0.4060552092609083 0.7043633125556544 0.5672306322350845 0.5218165627782725 0.5672306322350845
9 0.5405164737310775 0.20837043633125557 0.7631344612644703 0.20837043633125557 0.7631344612644703 0.41317898486197685 0.5405164737310775 0.41317898486197685
9 0.3383793410507569 0.22796081923419412 0.5280498664292076 0.22796081923419412 0.5280498664292076 0.4078361531611755 0.3383793410507569 0.4078361531611755
9 0.1522707034728406 0.24577025823686555 0.3410507569011576 0.24577025823686555 0.3410507569011576 0.44078361531611754 0.1522707034728406 0.44078361531611754
9 0.7310774710596616 0.3268032056990205 0.8530721282279609 0.3268032056990205 0.8530721282279609 0.47373107747105964 0.7310774710596616 0.47373107747105964
9 0.709706144256456 0.1433659839715049 0.8566340160284951 0.1433659839715049 0.8566340160284951 0.2956366874443455 0.709706144256456 0.2956366874443455
9 0.642920747996438 0.024042742653606407 0.8281389136242209 0.024042742653606407 0.8281389136242209 0.20837043633125557 0.642920747996438 0.20837043633125557
9 0.13089937666963491 0.05609973285841496 0.352626892252894 0.05609973285841496 0.352626892252894 0.25467497773820125 0.13089937666963491 0.25467497773820125
9 8.699877664026158e-18 0.08103294746215495 0.16473731077471063 0.08103294746215495 0.16473731077471063 0.30810329474621556 8.699877664026158e-18 0.30810329474621556
9 0.0 0.3045414069456812 0.11308993766696349 0.3045414069456812 0.11308993766696349 0.5164737310774711 0.0 0.5164737310774711
9 0.0 0.6491540516473723 0.1495992876224399 0.6491540516473723 0.1495992876224399 0.9474621549421183 0.0 0.9474621549421183
9 0.861086375779163 0.6010685663401603 0.9804096170970614 0.6010685663401603 0.9804096170970614 0.7328584149599288 0.861086375779163 0.7328584149599288
9 0.8975957257346393 0.45859305431878894 1.0 0.45859305431878894 1.0 0.5868210151380233 0.8975957257346393 0.5868210151380233
9 0.8975957257346393 0.3561887800534283 1.0 0.3561887800534283 1.0 0.46660730186999116 0.8975957257346393 0.46660730186999116
9 0.8165627782724845 0.26090828138913624 0.9314336598397152 0.26090828138913624 0.9314336598397152 0.3855743544078361 0.8165627782724845 0.3855743544078361
