16 0.6188780053428317 0.2769367764915405 0.8967052537845056 0.2769367764915405 0.8967052537845056 0.5458593054318789 0.6188780053428317 0.5458593054318789
16 0.5422974176313446 0.01068566340160285 0.8557435440783617 0.01068566340160285 0.8557435440783617 0.2831700801424755 0.5422974176313446 0.2831700801424755
16 0.3143365983971505 0.33303650934995555 0.6589492430988425 0.33303650934995555 0.6589492430988425 0.6616206589492433 0.3143365983971505 0.6616206589492433
16 0.589492430988424 0.5102404274265362 0.8619768477292964 0.5102404274265362 0.8619768477292964 0.7622439893143367 0.589492430988424 0.7622439893143367
16 0.39091718610863757 0.6402493321460373 0.6571682991985752 0.6402493321460373 0.6571682991985752 0.9127337488869101 0.39091718610863757 0.9127337488869101
16 0.12644701691896693 0.534283170080143 0.4140694568121101 0.534283170080143 0.4140694568121101 0.8477292965271594 0.12644701691896693 0.8477292965271594
16 0.11130899376669634 0.24487978628673196 0.3882457702582369 0.24487978628673196 0.3882457702582369 0.5253784505788067 0.11130899376669634 0.5253784505788067
16 0.0730186999109528 0.04630454140694559 0.33303650934995543 0.04630454140694559 0.33303650934995543 0.2698130008904717 0.0730186999109528 0.2698130008904717
16 0.31522707034728403 0.14425645592163847 0.5048975957257346 0.14425645592163847 0.5048975957257346 0.32235084594835256 0.31522707034728403 0.32235084594835256
16 0.717720391807658 0.765805877114871 1.0 0.765805877114871 1.0 1.0 0.717720391807658 1.0
