15 0.1611754229741763 0.5672306322350846 0.4256455921638469 0.5672306322350846 0.4256455921638469 0.8397150489759572 0.1611754229741763 0.8397150489759572
15 0.6313446126447017 0.5547640249332146 0.8548530721282279 0.5547640249332146 0.8548530721282279 0.7907390917186109 0.6313446126447017 0.7907390917186109
15 0.42475512021371314 0.6340160284951024 0.6669634906500443 0.6340160284951024 0.6669634906500443 0.8762243989314334 0.42475512021371314 0.8762243989314334
15 0.3490650044523598 0.43098842386464825 0.572573463935886 0.43098842386464825 0.572573463935886 0.6634016028495103 0.3490650044523598 0.6634016028495103
15 0.21104185218165625 0.23686553873552982 0.4167408726625111 0.23686553873552982 0.4167408726625111 0.45770258236865546 0.21104185218165625 0.45770258236865546
15 0.5146927871772039 0.18432769367764915 0.7221727515583259 0.18432769367764915 0.7221727515583259 0.3820124666073018 0.5146927871772039 0.3820124666073018
15 0.5235975066785391 0.36776491540516504 0.7364203027604631 0.36776491540516504 0.7364203027604631 0.5841495992876224 0.5235975066785391 0.5841495992876224
15 0.7390917186108635 0.42297417631344614 0.9545859305431879 0.42297417631344614 0.9545859305431879 0.6527159394479074 0.7390917186108635 0.6527159394479074
15 0.7284060552092609 0.23775601068566346 0.9332146037399823 0.23775601068566346 0.9332146037399823 0.4292074799643811 0.7284060552092609 0.4292074799643811
15 0.6455921638468388 0.025823686553873553 0.8691006233303651 0.025823686553873553 0.8691006233303651 0.24487978628673193 0.6455921638468388 0.24487978628673193
15 0.0 0.12911843276936769 0.1772039180765805 0.12911843276936769 0.1772039180765805 0.360641139804096 0.0 0.360641139804096
