0 0.30365093499554763 0.844167408726625 0.47373107747105964 0.844167408726625 0.47373107747105964 0.9991095280498663 0.30365093499554763 0.9991095280498663
0 4.440892098500626e-18 0.7168299198575245 0.15316117542297417 0.7168299198575245 0.15316117542297417 0.879786286731968 4.440892098500626e-18 0.879786286731968
0 0.4372217275155833 0.7773820124666073 0.6117542297417632 0.7773820124666073 0.6117542297417632 0.9626001780943901 0.4372217275155833 0.9626001780943901
0 0.7382012466607302 0.7871772039180766 0.8780053428317007 0.7871772039180766 0.8780053428317007 0.9394479073909171 0.7382012466607302 0.9394479073909171
0 0.8726625111308993 0.7640249332146037 0.9501335707925199 0.7640249332146037 0.9501335707925199 0.8788958147818344 0.8726625111308993 0.8788958147818344
0 0.8112199465716831 0.23864648263579696 0.9171861086375779 0.23864648263579696 0.9171861086375779 0.3606411398040962 0.8112199465716831 0.3606411398040962
0 0.6260017809439002 0.6731967943009795 0.7506678539626002 0.6731967943009795 0.7506678539626002 0.7871772039180766 0.6260017809439002 0.7871772039180766
0 0.47907390917186116 0.7186108637577917 0.6099732858414961 0.7186108637577917 0.6099732858414961 0.8308103294746215 0.47907390917186116 0.8308103294746215
0 0.34639358860195896 0.7043633125556545 0.45681211041852177 0.7043633125556545 0.45681211041852177 0.8227960819234196 0.34639358860195896 0.8227960819234196
0 0.26090828138913624 0.7880676758682101 0.3864648263579697 0.7880676758682101 0.3864648263579697 0.9136242208370435 0.26090828138913624 0.9136242208370435
0 0.11487088156723063 0.7292965271593934 0.2546749777382006 0.7292965271593934 0.2546749777382006 0.8878005342831701 0.11487088156723063 0.8878005342831701
0 0.05966162065894924 0.9029385574354408 0.19679430097951914 0.9029385574354408 0.19679430097951914 1.0 0.05966162065894924 1.0
0 0.07479964381121995 0.6304541406945681 0.19234194122885132 0.6304541406945681 0.19234194122885132 0.7373107747105965 0.07479964381121995 0.7373107747105965
