0 0.3336301573167112 0.383793410507569 0.4927278124072425 0.383793410507569 0.4927278124072425 0.4924309884238647 0.3336301573167112 0.4924309884238647
0 0.3633125556544969 0.5983971504897596 0.5817750074205996 0.5983971504897596 0.5817750074205996 0.7711487088156725 0.3633125556544969 0.7711487088156725
0 0.8596022558622736 0.2190560997328582 0.9999999999999997 0.2190560997328582 0.9999999999999997 0.34817453250222596 0.8596022558622736 0.34817453250222596
0 0.6648857227663992 0.14692787177203917 0.8192341941228848 0.14692787177203917 0.8192341941228848 0.25823686553873554 0.6648857227663992 0.25823686553873554
0 0.44879786286731965 0.11487088156723063 0.5865241911546453 0.11487088156723063 0.5865241911546453 0.20480854853072128 0.44879786286731965 0.20480854853072128
0 0.23745918670228555 0.008014247551202136 0.3716236271890769 0.008014247551202136 0.3716236271890769 0.09973285841495992 0.23745918670228555 0.09973285841495992
0 0.07598693974473138 0.0454140694568121 0.20421490056396557 0.0454140694568121 0.20421490056396557 0.14336598397150488 0.07598693974473138 0.14336598397150488
0 0.0213713268032057 0.27515583259127335 0.16503413475808845 0.27515583259127335 0.16503413475808845 0.37132680320569894 0.0213713268032057 0.37132680320569894
0 0.28495102404274264 0.2270703472840606 0.43692490353220537 0.2270703472840606 0.43692490353220537 0.34194122885129125 0.28495102404274264 0.34194122885129125
0 4.4408920985006255e-18 0.17542297417631347 0.15672306322350846 0.17542297417631347 0.15672306322350846 0.2644701691896706 4.4408920985006255e-18 0.2644701691896706
0 0.11398040961709706 0.4710596616206589 0.24577025823686555 0.4710596616206589 0.24577025823686555 0.5707925200356188 0.11398040961709706 0.5707925200356188
0 0.5972098545562482 0.3535173642030276 0.7396853665776195 0.3535173642030276 0.7396853665776195 0.44612644701691895 0.5972098545562482 0.44612644701691895
0 0.6933808251706738 0.5013357079252003 0.8904719501335709 0.5013357079252003 0.8904719501335709 0.6429207479964381 0.6933808251706738 0.6429207479964381
0 0.7278124072425052 0.6429207479964382 0.9462748590086079 0.6429207479964382 0.9462748590086079 0.8281389136242209 0.7278124072425052 0.8281389136242209
0 0.15197387948946275 0.7043633125556545 0.37993469872365687 0.7043633125556545 0.37993469872365687 0.8744434550311666 0.15197387948946275 0.8744434550311666
0 0.0771742356782428 0.6224398931433661 0.2493321460373998 0.6224398931433661 0.2493321460373998 0.7382012466607302 0.0771742356782428 0.7382012466607302
0 0.15553576728999705 0.26447016918967053 0.30869694271297127 0.26447016918967053 0.30869694271297127 0.39269813000890474 0.15553576728999705 0.39269813000890474
0 0.23271000296823982 0.08726625111308994 0.38705847432472534 0.08726625111308994 0.38705847432472534 0.18521816562778273 0.23271000296823982 0.18521816562778273
0 0.12941525675274562 0.1495992876224399 0.25764321757197983 0.1495992876224399 0.25764321757197983 0.2413178984861977 0.12941525675274562 0.2413178984861977
0 0.6898189373701397 0.026714158504007122 0.8251706737904424 0.026714158504007122 0.8251706737904424 0.13446126447016918 0.6898189373701397 0.13446126447016918
0 0.44048679133273966 0.5387355298308103 0.591273374888691 0.5387355298308103 0.591273374888691 0.6500445235975066 0.44048679133273966 0.6500445235975066
0 0.4927278124072425 0.38023152270703475 0.6387652122291481 0.38023152270703475 0.6387652122291481 0.5129118432769367 0.4927278124072425 0.5129118432769367
