12 0.23152270703472838 0.29741763134461263 0.4354407836153161 0.29741763134461263 0.4354407836153161 0.5004452359750667 0.23152270703472838 0.5004452359750667
12 0.4425645592163846 0.3419412288512912 0.630454140694568 0.3419412288512912 0.630454140694568 0.5529830810329475 0.4425645592163846 0.5529830810329475
12 0.6046304541406946 0.21015138023152272 0.8023152270703474 0.21015138023152272 0.8023152270703474 0.42297417631344625 0.6046304541406946 0.42297417631344625
12 0.3935886019590382 0.1558325912733749 0.5948352626892253 0.1558325912733749 0.5948352626892253 0.3757791629563669 0.3935886019590382 0.3757791629563669
12 0.15761353517364202 0.08281389136242208 0.36153161175422976 0.08281389136242208 0.36153161175422976 0.2920747996438113 0.15761353517364202 0.2920747996438113
12 4.440892098500626e-18 0.21727515583259127 0.22617987533392697 0.21727515583259127 0.22617987533392697 0.46393588601959035 4.440892098500626e-18 0.46393588601959035
12 0.0934995547640249 0.4354407836153164 0.302760463045414 0.4354407836153164 0.302760463045414 0.6384683882457705 0.0934995547640249 0.6384683882457705
12 0.30365093499554807 0.4710596616206589 0.5218165627782725 0.4710596616206589 0.5218165627782725 0.6696349065004454 0.30365093499554807 0.6696349065004454
12 0.5111308993766693 0.5235975066785399 0.7186108637577916 0.5235975066785399 0.7186108637577916 0.7034728406055213 0.5111308993766693 0.7034728406055213
12 0.6571682991985752 0.40872662511130886 0.873552983081033 0.40872662511130886 0.873552983081033 0.5894924309884237 0.6571682991985752 0.5894924309884237
12 0.807658058771149 0.271593944790739 1.0 0.271593944790739 1.0 0.46927871772039154 0.807658058771149 0.46927871772039154
12 0.7720391807658057 0.06233303650934995 0.9804096170970614 0.06233303650934995 0.9804096170970614 0.27070347284060553 0.7720391807658057 0.27070347284060553
12 0.5422974176313448 0.004452359750667854 0.7649154051647374 0.004452359750667854 0.7649154051647374 0.20480854853072128 0.5422974176313448 0.20480854853072128
12 0.304541406945681 8.699877664026158e-18 0.530721282279608 8.699877664026158e-18 0.530721282279608 0.16117542297417622 0.304541406945681 0.16117542297417622
12 0.7168299198575242 0.5752448797862862 0.9162956366874442 0.5752448797862862 0.9162956366874442 0.7453250222617982 0.7168299198575242 0.7453250222617982
12 0.8610863757791628 0.4487978628673195 0.9999999999999997 0.4487978628673195 0.9999999999999997 0.6482635796972402 0.8610863757791628 0.6482635796972402
12 0.5796972395369546 0.6874443455031166 0.7702582368655386 0.6874443455031166 0.7702582368655386 0.8708815672306321 0.5796972395369546 0.8708815672306321
12 0.38735529830810267 0.651825467497774 0.5761353517364204 0.651825467497774 0.5761353517364204 0.8477292965271594 0.38735529830810267 0.8477292965271594
12 0.17275155832591257 0.6144256455921641 0.38112199465716834 0.6144256455921641 0.38112199465716834 0.8049866429207482 0.17275155832591257 0.8049866429207482
12 0.0 0.5583259127337488 0.17097061442564562 0.5583259127337488 0.17097061442564562 0.7729296527159393 0.0 0.7729296527159393
12 0.030276046304541365 0.7444345503116652 0.2430988423864648 0.7444345503116652 0.2430988423864648 0.9483526268922525 0.030276046304541365 0.9483526268922525
12 0.23241317898486183 0.7827248441674085 0.4381121994657167 0.7827248441674085 0.4381121994657167 0.9688334817453246 0.23241317898486183 0.9688334817453246
12 0.445235975066785 0.811219946571682 0.6473731077471057 0.811219946571682 0.6473731077471057 1.0 0.445235975066785 1.0
12 0.6500445235975064 0.8138913624220838 0.8432769367764913 0.8138913624220838 0.8432769367764913 1.0 0.6500445235975064 1.0
