0 0.24220837043633123 0.28406055209260905 0.4229741763134461 0.28406055209260905 0.4229741763134461 0.4594835262689226 0.24220837043633123 0.4594835262689226
0 0.10507569011576136 0.13980409617097062 0.2920747996438112 0.13980409617097062 0.2920747996438112 0.3152270703472841 0.10507569011576136 0.3152270703472841
0 0.28227960819234194 0.13624220837043632 0.47195013357079263 0.13624220837043632 0.47195013357079263 0.29118432769367764 0.28227960819234194 0.29118432769367764
0 0.034728406055209264 0.2804986642920748 0.23152270703472838 0.2804986642920748 0.23152270703472838 0.46304541406945676 0.034728406055209264 0.46304541406945676
0 0.0 0.05431878895814782 0.12911843276936774 0.05431878895814782 0.12911843276936774 0.23508459483526276 0.0 0.23508459483526276
0 0.560106856634016 0.5627782724844167 0.7203918076580589 0.5627782724844167 0.7203918076580589 0.7150489759572574 0.560106856634016 0.7150489759572574
0 0.34639358860195896 0.5369545859305432 0.5084594835262689 0.5369545859305432 0.5084594835262689 0.7008014247551201 0.34639358860195896 0.7008014247551201
0 0.1620658949243099 0.6945681211041852 0.327693677649154 0.6945681211041852 0.327693677649154 0.8477292965271594 0.1620658949243099 0.8477292965271594
0 0.7996438112199464 0.5325022261798753 0.9421193232413178 0.5325022261798753 0.9421193232413178 0.6963490650044524 0.7996438112199464 0.6963490650044524
0 0.7346393588601959 0.6767586821015138 0.8788958147818343 0.6767586821015138 0.8788958147818343 0.8085485307212824 0.7346393588601959 0.8085485307212824
0 0.566340160284951 0.8201246660730187 0.7346393588601959 0.8201246660730187 0.7346393588601959 0.9759572573463935 0.566340160284951 0.9759572573463935
0 0.47195013357079263 0.6821015138023153 0.6518254674977738 0.6821015138023153 0.6518254674977738 0.8530721282279609 0.47195013357079263 0.8530721282279609
0 0.8032056990204809 0.3116651825467498 0.940338379341051 0.3116651825467498 0.940338379341051 0.4514692787177204 0.8032056990204809 0.4514692787177204
0 0.8869100623330364 0.42208370436331244 0.9999999999999999 0.42208370436331244 0.9999999999999999 0.5903829029385572 0.8869100623330364 0.5903829029385572
0 0.674087266251113 0.39091718610863757 0.8325912733748887 0.39091718610863757 0.8325912733748887 0.5369545859305432 0.674087266251113 0.5369545859305432
0 0.7257346393588603 0.8548530721282279 0.8967052537845059 0.8548530721282279 0.8967052537845059 1.0 0.7257346393588603 1.0
