11 0.4550311665182547 0.39715048975957257 0.5983971504897596 0.39715048975957257 0.5983971504897596 0.5387355298308102 0.4550311665182547 0.5387355298308102
11 0.46304541406945676 0.3045414069456812 0.5761353517364202 0.3045414069456812 0.5761353517364202 0.42653606411398043 0.46304541406945676 0.42653606411398043
11 0.6901157613535173 0.3517364203027605 0.8281389136242209 0.3517364203027605 0.8281389136242209 0.47462154942119317 0.6901157613535173 0.47462154942119317
11 0.5796972395369546 0.3802315227070348 0.6990204808548531 0.3802315227070348 0.6990204808548531 0.5494211932324132 0.5796972395369546 0.5494211932324132
11 0.42475512021371314 0.23330365093499553 0.5503116651825467 0.23330365093499553 0.5503116651825467 0.33926981300089043 0.42475512021371314 0.33926981300089043
11 0.4728406055209261 0.13268032056990206 0.5877114870881567 0.13268032056990206 0.5877114870881567 0.25467497773820125 0.4728406055209261 0.25467497773820125
11 0.5903829029385574 0.15939447907390916 0.6990204808548531 0.15939447907390916 0.6990204808548531 0.2760463045414069 0.5903829029385574 0.2760463045414069
11 0.6651825467497774 0.17542297417631347 0.7791629563668743 0.17542297417631347 0.7791629563668743 0.2911843276936777 0.6651825467497774 0.2911843276936777
11 0.7880676758682101 0.24577025823686555 0.9056099732858415 0.24577025823686555 0.9056099732858415 0.3722172751558326 0.7880676758682101 0.3722172751558326
11 0.871772039180766 0.3285841495992876 0.9910952804986644 0.3285841495992876 0.9910952804986644 0.4238646482635796 0.871772039180766 0.4238646482635796
11 0.8682101513802315 0.40427426536064104 1.0 0.40427426536064104 1.0 0.5333926981300089 0.8682101513802315 0.5333926981300089
11 0.7043633125556545 0.49599287622439886 0.8352626892252896 0.49599287622439886 0.8352626892252896 0.6206589492430987 0.7043633125556545 0.6206589492430987
