11 0.3535173642030276 0.4211932324131789 0.508459483526269 0.4211932324131789 0.508459483526269 0.5779162956366874 0.3535173642030276 0.5779162956366874
11 0.7141585040071238 0.3045414069456812 0.898486197684773 0.3045414069456812 0.898486197684773 0.4906500445235975 0.7141585040071238 0.4906500445235975
11 0.38201246660730187 0.26090828138913624 0.5458593054318789 0.26090828138913624 0.5458593054318789 0.42119323241317896 0.38201246660730187 0.42119323241317896
11 0.5440783615316118 0.29919857524487986 0.6901157613535174 0.29919857524487986 0.6901157613535174 0.44879786286731976 0.5440783615316118 0.44879786286731976
11 0.5262689225289403 0.44434550311665183 0.6794300979519146 0.44434550311665183 0.6794300979519146 0.6073018699910953 0.5262689225289403 0.6073018699910953
11 0.6634016028495102 0.5155832591273375 0.8023152270703474 0.5155832591273375 0.8023152270703474 0.672306322350846 0.6634016028495102 0.672306322350846
11 0.5040071237756011 0.6108637577916296 0.6829919857524489 0.6108637577916296 0.6829919857524489 0.7969723953695459 0.5040071237756011 0.7969723953695459
11 0.35796972395369553 0.6001780943900267 0.5129118432769368 0.6001780943900267 0.5129118432769368 0.786286731967943 0.35796972395369553 0.786286731967943
11 0.780053428317008 0.6117542297417632 0.9536954585930543 0.6117542297417632 0.9536954585930543 0.7934105075690115 0.780053428317008 0.7934105075690115
11 0.6438112199465718 0.6705253784505788 0.8272484416740873 0.6705253784505788 0.8272484416740873 0.8512911843276938 0.6438112199465718 0.8512911843276938
11 0.7666963490650044 0.4657168299198575 0.9412288512911844 0.4657168299198575 0.9412288512911844 0.6384683882457701 0.7666963490650044 0.6384683882457701
11 0.6651825467497774 0.24577025823686555 0.7996438112199465 0.24577025823686555 0.7996438112199465 0.3891362422083705 0.6651825467497774 0.3891362422083705
11 0.44523597506678536 0.12822796081923418 0.5796972395369546 0.12822796081923418 0.5796972395369546 0.2573463935886019 0.44523597506678536 0.2573463935886019
11 0.5636687444345501 0.07301869991095286 0.6936776491540515 0.07301869991095286 0.6936776491540515 0.2243989314336599 0.5636687444345501 0.2243989314336599
11 0.6669634906500446 0.09528049866429207 0.8085485307212824 0.09528049866429207 0.8085485307212824 0.2564559216384684 0.6669634906500446 0.2564559216384684
11 0.7711487088156725 0.17275155832591277 0.929652715939448 0.17275155832591277 0.929652715939448 0.327693677649154 0.7711487088156725 0.327693677649154
11 0.889581478183437 0.13535173642030277 0.9999999999999999 0.13535173642030277 0.9999999999999999 0.3410507569011576 0.889581478183437 0.3410507569011576
