9 0.3143365983971505 0.4211932324131789 0.44968833481745324 0.4211932324131789 0.44968833481745324 0.543187889581478 0.3143365983971505 0.543187889581478
9 0.46126447016918976 0.3018699910952805 0.5716829919857525 0.3018699910952805 0.5716829919857525 0.4158504007123775 0.46126447016918976 0.4158504007123775
9 0.2466607301869991 0.3374888691006233 0.36153161175422976 0.3374888691006233 0.36153161175422976 0.4487978628673196 0.2466607301869991 0.4487978628673196
9 0.6215494211932324 0.6126447016918967 0.761353517364203 0.6126447016918967 0.761353517364203 0.7613535173642031 0.6215494211932324 0.7613535173642031
9 0.42831700801424755 0.6064113980409617 0.5761353517364202 0.6064113980409617 0.5761353517364202 0.7328584149599287 0.42831700801424755 0.7328584149599287
9 0.7613535173642021 0.6197684772929645 0.8967052537845058 0.6197684772929645 0.8967052537845058 0.7560106856634007 0.7613535173642021 0.7560106856634007
9 0.4746215494211931 0.4755120213713269 0.5957257346393587 0.4755120213713269 0.5957257346393587 0.5805877114870883 0.4746215494211931 0.5805877114870883
9 0.7266251113089938 0.44078361531611754 0.8272484416740874 0.44078361531611754 0.8272484416740874 0.5316117542297417 0.7266251113089938 0.5316117542297417
9 0.6366874443455031 0.4808548530721282 0.7355298308103294 0.4808548530721282 0.7355298308103294 0.5672306322350846 0.6366874443455031 0.5672306322350846
9 0.6233303650934996 0.3873552983081033 0.6999109528049866 0.3873552983081033 0.6999109528049866 0.46660730186999105 0.6233303650934996 0.46660730186999105
9 0.1807658058771149 0.6464826357969724 0.325912733748887 0.6464826357969724 0.325912733748887 0.7711487088156723 0.1807658058771149 0.7711487088156723
9 0.09973285841495994 0.5609973285841496 0.2377560106856634 0.5609973285841496 0.2377560106856634 0.6927871772039179 0.09973285841495994 0.6927871772039179
9 0.020480854853072127 0.6714158504007124 0.17097061442564562 0.6714158504007124 0.17097061442564562 0.8049866429207481 0.020480854853072127 0.8049866429207481
