15 0.5093499554764025 0.5886019590382903 0.7070347284060553 0.5886019590382903 0.7070347284060553 0.7720391807658057 0.5093499554764025 0.7720391807658057
15 0.5422974176313446 0.7773820124666073 0.7088156723063223 0.7773820124666073 0.7088156723063223 0.9545859305431882 0.5422974176313446 0.9545859305431882
15 0.35796972395369553 0.5886019590382903 0.5164737310774711 0.5886019590382903 0.5164737310774711 0.7542297417631344 0.35796972395369553 0.7542297417631344
15 0.2680320569902048 0.7168299198575245 0.42030276046304543 0.7168299198575245 0.42030276046304543 0.8860195903829029 0.2680320569902048 0.8860195903829029
15 0.31522707034728403 0.4835262689225289 0.48263579697239545 0.4835262689225289 0.48263579697239545 0.634906500445236 0.31522707034728403 0.634906500445236
15 0.5351736420302761 0.3348174532502226 0.6794300979519146 0.3348174532502226 0.6794300979519146 0.4968833481745325 0.5351736420302761 0.4968833481745325
15 0.6455921638468388 0.4292074799643812 0.7836153161175423 0.4292074799643812 0.7836153161175423 0.5832591273374889 0.6455921638468388 0.5832591273374889
15 0.5040071237756011 0.4915405164737311 0.653606411398041 0.4915405164737311 0.653606411398041 0.6357969723953696 0.5040071237756011 0.6357969723953696
15 0.4381121994657167 0.4007123775601069 0.5556544968833481 0.4007123775601069 0.5556544968833481 0.5351736420302761 0.4381121994657167 0.5351736420302761
15 0.20747996438112198 0.38201246660730187 0.37399821905609976 0.38201246660730187 0.37399821905609976 0.5556544968833481 0.20747996438112198 0.5556544968833481
15 0.3437221727515583 0.33214603739982196 0.46393588601959035 0.33214603739982196 0.46393588601959035 0.47640249332146034 0.3437221727515583 0.47640249332146034
15 0.42653606411398043 0.25111308993766696 0.5734639358860195 0.25111308993766696 0.5734639358860195 0.4113980409617098 0.42653606411398043 0.4113980409617098
15 0.7907390917186108 0.4292074799643811 0.9510240427426536 0.4292074799643811 0.9510240427426536 0.5957257346393589 0.7907390917186108 0.5957257346393589
15 0.7114870881567231 0.6251113089937667 0.8477292965271596 0.6251113089937667 0.8477292965271596 0.7764915405164736 0.7114870881567231 0.7764915405164736
15 0.7586821015138024 0.7435440783615317 0.948352626892253 0.7435440783615317 0.948352626892253 0.9412288512911843 0.7586821015138024 0.9412288512911843
15 0.21015138023152272 0.572573463935886 0.3517364203027605 0.572573463935886 0.3517364203027605 0.7016918967052538 0.21015138023152272 0.7016918967052538
15 0.2056990204808549 0.6972395369545858 0.3339269813000891 0.6972395369545858 0.3339269813000891 0.8272484416740871 0.2056990204808549 0.8272484416740871
15 0.1620658949243099 0.8254674977738202 0.2894033837934105 0.8254674977738202 0.2894033837934105 0.9741763134461264 0.1620658949243099 0.9741763134461264
15 0.3766696349065004 0.8272484416740867 0.5574354407836153 0.8272484416740867 0.5574354407836153 0.9999999999999993 0.3766696349065004 0.9999999999999993
15 0.04363312555654497 0.5886019590382903 0.22796081923419406 0.5886019590382903 0.22796081923419406 0.7791629563668745 0.04363312555654497 0.7791629563668745
15 0.641139804096171 0.25823686553873554 0.756901157613535 0.25823686553873554 0.756901157613535 0.3873552983081033 0.641139804096171 0.3873552983081033
15 0.5636687444345503 0.1736420302760463 0.6723063223508458 0.1736420302760463 0.6723063223508458 0.2991985752448798 0.5636687444345503 0.2991985752448798
15 0.4479073909171861 0.176313446126447 0.5707925200356189 0.176313446126447 0.5707925200356189 0.29029385574354416 0.4479073909171861 0.29029385574354416
15 0.3205699020480855 0.22439893143365983 0.45592163846838824 0.22439893143365983 0.45592163846838824 0.3348174532502226 0.3205699020480855 0.3348174532502226
15 0.16829919857524486 0.28495102404274264 0.3116651825467498 0.28495102404274264 0.3116651825467498 0.4122885129118433 0.16829919857524486 0.4122885129118433
15 0.3161175422974176 0.09349955476402494 0.4514692787177204 0.09349955476402494 0.4514692787177204 0.22885129118432773 0.3161175422974176 0.22885129118432773
