0 0.4639358860195904 0.4968833481745325 0.6126447016918967 0.4968833481745325 0.6126447016918967 0.6313446126447017 0.4639358860195904 0.6313446126447017
0 0.7248441674087266 0.7212822796081924 0.9162956366874442 0.7212822796081924 0.9162956366874442 0.8984861976847729 0.7248441674087266 0.8984861976847729
0 0.3490650044523598 0.6892252894033838 0.502226179875334 0.6892252894033838 0.502226179875334 0.8397150489759572 0.3490650044523598 0.8397150489759572
0 0.23775601068566346 0.5886019590382903 0.3570792520035619 0.5886019590382903 0.3570792520035619 0.6999109528049866 0.23775601068566346 0.6999109528049866
0 0.3089937666963491 0.4906500445235975 0.433659839715049 0.4906500445235975 0.433659839715049 0.6170970614425646 0.3089937666963491 0.6170970614425646
0 0.11308993766696349 0.3428317008014248 0.2377560106856634 0.3428317008014248 0.2377560106856634 0.4532502226179875 0.11308993766696349 0.4532502226179875
0 0.10240427426536064 0.45414069456812123 0.22796081923419412 0.45414069456812123 0.22796081923419412 0.5707925200356189 0.10240427426536064 0.5707925200356189
0 0.06589492430988424 0.5583259127337489 0.20837043633125557 0.5583259127337489 0.20837043633125557 0.6936776491540516 0.06589492430988424 0.6936776491540516
0 0.5734639358860196 0.2965271593944791 0.6865538735529831 0.2965271593944791 0.6865538735529831 0.4122885129118434 0.5734639358860196 0.4122885129118434
0 0.48797862867319686 0.40872662511130897 0.5725734639358862 0.40872662511130897 0.5725734639358862 0.49154051647373104 0.48797862867319686 0.49154051647373104
0 0.13535173642030277 0.680320569902048 0.2715939447907391 0.680320569902048 0.2715939447907391 0.8174532502226179 0.13535173642030277 0.8174532502226179
0 0.7898486197684772 0.5609973285841496 0.92520035618878 0.5609973285841496 0.92520035618878 0.7052537845057879 0.7898486197684772 0.7052537845057879
0 0.7123775601068566 0.659839715048976 0.8263579697239537 0.659839715048976 0.8263579697239537 0.772039180765806 0.7123775601068566 0.772039180765806
0 0.5779162956366874 0.7257346393588603 0.7248441674087266 0.7257346393588603 0.7248441674087266 0.8788958147818343 0.5779162956366874 0.8788958147818343
