0 0.2867319679430098 0.3766696349065004 0.4532502226179875 0.3766696349065004 0.4532502226179875 0.541406945681211 0.2867319679430098 0.541406945681211
0 0.3161175422974176 0.25467497773820125 0.4603739982190561 0.25467497773820125 0.4603739982190561 0.38913624220837045 0.3161175422974176 0.38913624220837045
0 0.5716829919857525 0.3285841495992876 0.7266251113089937 0.3285841495992876 0.7266251113089937 0.4897595725734639 0.5716829919857525 0.4897595725734639
0 0.7551202137132678 0.34639358860195896 0.9287622439893141 0.34639358860195896 0.9287622439893141 0.5298308103294745 0.7551202137132678 0.5298308103294745
0 0.5235975066785397 0.17898486197684776 0.6874443455031166 0.17898486197684776 0.6874443455031166 0.3481745325022262 0.5235975066785397 0.3481745325022262
0 0.32502226179875326 0.7551202137132678 0.5084594835262688 0.7551202137132678 0.5084594835262688 0.941228851291184 0.32502226179875326 0.941228851291184
0 0.5075690115761353 0.6482635796972396 0.6580587711487088 0.6482635796972396 0.6580587711487088 0.8156723063223508 0.5075690115761353 0.8156723063223508
0 0.17275155832591274 0.628673196794301 0.36687444345503123 0.628673196794301 0.36687444345503123 0.8130008904719501 0.17275155832591274 0.8130008904719501
0 0.3722172751558326 0.5743544078361532 0.5325022261798753 0.5743544078361532 0.5325022261798753 0.7390917186108638 0.3722172751558326 0.7390917186108638
0 0.06322350845948353 0.41050756901157615 0.23597506678539626 0.41050756901157615 0.23597506678539626 0.5681211041852182 0.06322350845948353 0.5681211041852182
0 0.0854853072128228 0.26981300089047194 0.23597506678539631 0.26981300089047194 0.23597506678539631 0.42297417631344614 0.0854853072128228 0.42297417631344614
0 0.659839715048976 0.7702582368655387 0.8165627782724845 0.7702582368655387 0.8165627782724845 0.9447907390917186 0.659839715048976 0.9447907390917186
