0 0.2804986642920748 0.5903829029385574 0.44612644701691884 0.5903829029385574 0.44612644701691884 0.7497773820124665 0.2804986642920748 0.7497773820124665
0 0.7266251113089938 0.42831700801424755 0.8771148708815674 0.42831700801424755 0.8771148708815674 0.5734639358860196 0.7266251113089938 0.5734639358860196
0 0.6197684772929652 0.3410507569011576 0.7506678539626002 0.3410507569011576 0.7506678539626002 0.47996438112199463 0.6197684772929652 0.47996438112199463
0 0.7444345503116652 0.1798753339269813 0.9038290293855743 0.1798753339269813 0.9038290293855743 0.3196794300979519 0.7444345503116652 0.3196794300979519
0 0.4024933214603739 0.20302760463045416 0.5378450578806767 0.20302760463045416 0.5378450578806767 0.3018699910952805 0.4024933214603739 0.3018699910952805
0 0.5289403383793411 0.11041852181656278 0.649154051647373 0.11041852181656278 0.649154051647373 0.21193232413178986 0.5289403383793411 0.21193232413178986
0 0.6215494211932324 0.11754229741763136 0.7328584149599287 0.11754229741763136 0.7328584149599287 0.24042742653606414 0.6215494211932324 0.24042742653606414
0 0.21104185218165625 0.163846838824577 0.3481745325022262 0.163846838824577 0.3481745325022262 0.2475512021371327 0.21104185218165625 0.2475512021371327
0 0.1585040071237756 0.20124666073018696 0.26981300089047194 0.20124666073018696 0.26981300089047194 0.2991985752448798 0.1585040071237756 0.2991985752448798
0 0.08459483526268922 0.21193232413178986 0.2119323241317899 0.21193232413178986 0.2119323241317899 0.32502226179875326 0.08459483526268922 0.32502226179875326
0 0.0365093499554764 0.3170080142475512 0.17542297417631345 0.3170080142475512 0.17542297417631345 0.42742653606411396 0.0365093499554764 0.42742653606411396
0 0.15761353517364202 0.35440783615316124 0.27960819234194123 0.35440783615316124 0.27960819234194123 0.47640249332146045 0.15761353517364202 0.47640249332146045
0 0.28762243989314334 0.35529830810329477 0.4024933214603739 0.35529830810329477 0.4024933214603739 0.45859305431878894 0.28762243989314334 0.45859305431878894
0 0.5173642030276047 0.5405164737310775 0.6455921638468388 0.5405164737310775 0.6455921638468388 0.667853962600178 0.5173642030276047 0.667853962600178
0 0.6206589492430988 0.4870881567230632 0.7355298308103295 0.4870881567230632 0.7355298308103295 0.597506678539626 0.6206589492430988 0.597506678539626
0 0.3980409617097062 0.44968833481745324 0.5378450578806767 0.44968833481745324 0.5378450578806767 0.5752448797862868 0.3980409617097062 0.5752448797862868
0 0.09973285841495994 0.5859305431878896 0.23508459483526267 0.5859305431878896 0.23508459483526267 0.6918967052537847 0.09973285841495994 0.6918967052537847
0 0.16562778272484416 0.659839715048976 0.3321460373998219 0.659839715048976 0.3321460373998219 0.8192341941228851 0.16562778272484416 0.8192341941228851
0 0.6242208370436332 0.8851291184327692 0.7996438112199465 0.8851291184327692 0.7996438112199465 0.9999999999999999 0.6242208370436332 0.9999999999999999
0 0.7337488869100623 0.7462154942119323 0.9118432769367765 0.7462154942119323 0.9118432769367765 0.9011576135351737 0.7337488869100623 0.9011576135351737
0 0.628673196794301 0.653606411398041 0.7987533392698131 0.653606411398041 0.7987533392698131 0.7916295636687445 0.628673196794301 0.7916295636687445
0 0.5093499554764025 0.769367764915405 0.6874443455031167 0.769367764915405 0.6874443455031167 0.9296527159394478 0.5093499554764025 0.9296527159394478
0 0.03383793410507569 0.878005342831701 0.23063223508459485 0.878005342831701 0.23063223508459485 1.0000000000000002 0.03383793410507569 1.0000000000000002
0 0.004452359750667854 0.678539626001781 0.14781834372217276 0.678539626001781 0.14781834372217276 0.83793410507569 0.004452359750667854 0.83793410507569
0 0.25378450578806766 0.7284060552092609 0.42742653606411396 0.7284060552092609 0.42742653606411396 0.9118432769367765 0.25378450578806766 0.9118432769367765
0 0.4514692787177204 0.333926981300089 0.5823686553873553 0.333926981300089 0.5823686553873553 0.45681211041852177 0.4514692787177204 0.45681211041852177
0 0.8014247551202138 0.3321460373998219 0.9269813000890473 0.3321460373998219 0.9269813000890473 0.45057880676758694 0.8014247551202138 0.45057880676758694
0 0.6268922528940338 0.24844167408726625 0.7542297417631346 0.24844167408726625 0.7542297417631346 0.34639358860195896 0.6268922528940338 0.34639358860195896
