9 0.41317898486197685 0.5948352626892253 0.6028495102404273 0.5948352626892253 0.6028495102404273 0.7622439893143366 0.41317898486197685 0.7622439893143366
9 0.5093499554764025 0.4113980409617098 0.659839715048976 0.4113980409617098 0.659839715048976 0.5592163846838825 0.5093499554764025 0.5592163846838825
9 0.2983081032947462 0.2858414959928762 0.4470169189670526 0.2858414959928762 0.4470169189670526 0.4479073909171861 0.2983081032947462 0.4479073909171861
9 0.3009795191451469 0.4416740872662513 0.44523597506678536 0.4416740872662513 0.44523597506678536 0.5663401602849512 0.3009795191451469 0.5663401602849512
9 0.4131789848619767 0.19857524487978623 0.5547640249332144 0.19857524487978623 0.5547640249332144 0.35351736420302754 0.4131789848619767 0.35351736420302754
9 0.2991985752448798 0.11576135351736419 0.4541406945681211 0.11576135351736419 0.4541406945681211 0.25556544968833483 0.2991985752448798 0.25556544968833483
9 0.5262689225289403 0.18165627782724844 0.6776491540516474 0.18165627782724844 0.6776491540516474 0.3268032056990205 0.5262689225289403 0.3268032056990205
9 0.6001780943900267 0.06144256455921639 0.7444345503116652 0.06144256455921639 0.7444345503116652 0.19590382902938555 0.6001780943900267 0.19590382902938555
9 0.7382012466607302 0.14158504007123776 0.8771148708815674 0.14158504007123776 0.8771148708815674 0.28138913624220835 0.7382012466607302 0.28138913624220835
9 0.7221727515583259 0.2902938557435441 0.8504007123775601 0.2902938557435441 0.8504007123775601 0.41317898486197685 0.7221727515583259 0.41317898486197685
9 0.8263579697239537 0.44434550311665183 0.9839715048975958 0.44434550311665183 0.9839715048975958 0.5903829029385574 0.8263579697239537 0.5903829029385574
9 0.7168299198575245 0.5930543187889582 0.8958147818343722 0.5930543187889582 0.8958147818343722 0.7444345503116652 0.7168299198575245 0.7444345503116652
9 0.5333926981300089 0.709706144256456 0.6838824577025824 0.709706144256456 0.6838824577025824 0.8913624220837043 0.5333926981300089 0.8913624220837043
9 0.6384683882457702 0.5102404274265361 0.7560106856634017 0.5102404274265361 0.7560106856634017 0.6277827248441674 0.6384683882457702 0.6277827248441674
9 0.3437221727515583 0.7382012466607302 0.5111308993766697 0.7382012466607302 0.5111308993766697 0.8913624220837043 0.3437221727515583 0.8913624220837043
9 0.3018699910952805 0.589492430988424 0.44879786286731965 0.589492430988424 0.44879786286731965 0.7604630454140696 0.3018699910952805 0.7604630454140696
9 0.6251113089937667 0.41495992876224397 0.7542297417631344 0.41495992876224397 0.7542297417631344 0.5307212822796082 0.6251113089937667 0.5307212822796082
9 0.5325022261798753 0.2956366874443455 0.6812110418521815 0.2956366874443455 0.6812110418521815 0.42030276046304543 0.5325022261798753 0.42030276046304543
9 0.08014247551202137 0.27960819234194123 0.19857524487978628 0.27960819234194123 0.19857524487978628 0.3935886019590383 0.08014247551202137 0.3935886019590383
9 0.013357079252003561 0.19056099732858414 0.13446126447016918 0.19056099732858414 0.13446126447016918 0.3107747105966161 0.013357079252003561 0.3107747105966161
9 0.08281389136242208 0.11219946571682991 0.2146037399821906 0.11219946571682991 0.2146037399821906 0.23063223508459485 0.08281389136242208 0.23063223508459485
9 0.04096170970614425 0.46660730186999105 0.163846838824577 0.46660730186999105 0.163846838824577 0.5930543187889582 0.04096170970614425 0.5930543187889582
9 0.0819234194122885 0.3998219056099732 0.20926090828138916 0.3998219056099732 0.20926090828138916 0.5129118432769367 0.0819234194122885 0.5129118432769367
9 -4.440892098500625e-18 0.32056990204808544 0.11843276936776491 0.32056990204808544 0.11843276936776491 0.4372217275155833 -4.440892098500625e-18 0.4372217275155833
9 0.05699020480854853 0.6883348174532502 0.17898486197684776 0.6883348174532502 0.17898486197684776 0.8165627782724845 0.05699020480854853 0.8165627782724845
9 0.028495102404274265 0.597506678539626 0.17186108637577918 0.597506678539626 0.17186108637577918 0.7203918076580589 0.028495102404274265 0.7203918076580589
