12 0.5333926981300089 0.5405164737310775 0.674087266251113 0.5405164737310775 0.674087266251113 0.680320569902048 0.5333926981300089 0.680320569902048
12 0.653606411398041 0.4550311665182547 0.8058771148708815 0.4550311665182547 0.8058771148708815 0.5957257346393589 0.653606411398041 0.5957257346393589
12 0.5057880676758683 0.4060552092609083 0.6509349955476402 0.4060552092609083 0.6509349955476402 0.5414069456812112 0.5057880676758683 0.5414069456812112
12 0.39536954585930545 0.48441674087266245 0.5325022261798753 0.48441674087266245 0.5325022261798753 0.609973285841496 0.39536954585930545 0.609973285841496
12 0.27515583259127335 0.553873552983081 0.41852181656277826 0.553873552983081 0.41852181656277826 0.6936776491540516 0.27515583259127335 0.6936776491540516
12 0.41674087266251114 0.6144256455921638 0.5574354407836154 0.6144256455921638 0.5574354407836154 0.7506678539626002 0.41674087266251114 0.7506678539626002
12 0.3009795191451469 0.6901157613535173 0.4585930543187889 0.6901157613535173 0.4585930543187889 0.8334817453250222 0.3009795191451469 0.8334817453250222
12 0.2021371326803206 0.7818343722172751 0.3392698130008905 0.7818343722172751 0.3392698130008905 0.9145146927871772 0.2021371326803206 0.9145146927871772
12 0.17720391807658062 0.6375779162956366 0.3161175422974177 0.6375779162956366 0.3161175422974177 0.7720391807658059 0.17720391807658062 0.7720391807658059
12 0.14425645592163847 0.4968833481745324 0.28138913624220835 0.4968833481745324 0.28138913624220835 0.634906500445236 0.14425645592163847 0.634906500445236
12 0.24755120213713258 0.4229741763134461 0.38735529830810334 0.4229741763134461 0.38735529830810334 0.5601068566340162 0.24755120213713258 0.5601068566340162
12 0.3615316117542298 0.3383793410507569 0.5066785396260018 0.3383793410507569 0.5066785396260018 0.47640249332146034 0.3615316117542298 0.47640249332146034
12 0.4692787177203918 0.2493321460373998 0.6162065894924309 0.2493321460373998 0.6162065894924309 0.39536954585930545 0.4692787177203918 0.39536954585930545
12 0.6028495102404274 0.16562778272484419 0.7462154942119323 0.16562778272484419 0.7462154942119323 0.3072128227960819 0.6028495102404274 0.3072128227960819
12 0.6206589492430988 0.3098842386464826 0.773820124666073 0.3098842386464826 0.773820124666073 0.4648263579697239 0.6206589492430988 0.4648263579697239
12 0.7524487978628673 0.19590382902938558 0.9073909171861088 0.19590382902938558 0.9073909171861088 0.3659839715048976 0.7524487978628673 0.3659839715048976
12 0.776491540516474 0.36865538735529824 0.9403383793410507 0.36865538735529824 0.9403383793410507 0.5209260908281387 0.776491540516474 0.5209260908281387
12 0.8103294746215495 0.5182546749777382 0.9706144256455924 0.5182546749777382 0.9706144256455924 0.6625111308993767 0.8103294746215495 0.6625111308993767
12 0.674087266251113 0.5894924309884239 0.8459483526268922 0.5894924309884239 0.8459483526268922 0.7399821905609972 0.674087266251113 0.7399821905609972
12 0.5592163846838825 0.6714158504007124 0.715939447907391 0.6714158504007124 0.715939447907391 0.8201246660730187 0.5592163846838825 0.8201246660730187
12 0.44968833481745324 0.7569011576135353 0.5948352626892254 0.7569011576135353 0.5948352626892254 0.8815672306322351 0.44968833481745324 0.8815672306322351
12 0.33926981300089054 0.828138913624221 0.464826357969724 0.828138913624221 0.464826357969724 0.9617097061442565 0.33926981300089054 0.9617097061442565
12 0.6001780943900267 0.8263579697239527 0.7364203027604626 0.8263579697239527 0.7364203027604626 0.9626001780943899 0.6001780943900267 0.9626001780943899
12 0.46749777382012464 0.8967052537845056 0.616206589492431 0.8967052537845056 0.616206589492431 0.9991095280498663 0.46749777382012464 0.9991095280498663
12 0.7123775601068567 0.7471059661620651 0.8557435440783615 0.7471059661620651 0.8557435440783615 0.8780053428317001 0.7123775601068567 0.8780053428317001
12 0.8308103294746213 0.6687444345503111 0.9830810329474622 0.6687444345503111 0.9830810329474622 0.8005342831700797 0.8308103294746213 0.8005342831700797
12 0.744434550311665 0.8806767586821013 0.8984861976847727 0.8806767586821013 0.8984861976847727 0.9991095280498661 0.744434550311665 0.9991095280498661
12 0.3303650934995548 0.20391807658058775 0.4657168299198575 0.20391807658058775 0.4657168299198575 0.33570792520035625 0.3303650934995548 0.33570792520035625
12 0.4372217275155833 0.11308993766696349 0.5886019590382903 0.11308993766696349 0.5886019590382903 0.24131789848619772 0.4372217275155833 0.24131789848619772
12 0.22261798753339263 0.2840605520926093 0.3633125556544967 0.2840605520926093 0.3633125556544967 0.4256455921638469 0.22261798753339263 0.4256455921638469
12 0.2920747996438112 0.05699020480854853 0.43811219946571683 0.05699020480854853 0.43811219946571683 0.19590382902938558 0.2920747996438112 0.19590382902938558
