16 0.4514692787177204 0.6571682991985752 0.6242208370436331 0.6571682991985752 0.6242208370436331 0.8183437221727516 0.4514692787177204 0.8183437221727516
16 0.6509349955476402 0.4906500445235975 0.7720391807658059 0.4906500445235975 0.7720391807658059 0.634906500445236 0.6509349955476402 0.634906500445236
16 0.21549421193232418 0.6438112199465716 0.3668744434550311 0.6438112199465716 0.3668744434550311 0.7916295636687445 0.21549421193232418 0.7916295636687445
16 0.263579697239537 0.5485307212822796 0.3802315227070348 0.5485307212822796 0.3802315227070348 0.6642920747996438 0.263579697239537 0.6642920747996438
16 0.31255565449688333 0.45859305431878894 0.42742653606411396 0.45859305431878894 0.42742653606411396 0.5699020480854853 0.31255565449688333 0.5699020480854853
16 0.3704363312555655 0.3704363312555655 0.4755120213713269 0.3704363312555655 0.4755120213713269 0.49421193232413185 0.3704363312555655 0.49421193232413185
16 0.7444345503116652 0.7542297417631346 0.8869100623330366 0.7542297417631346 0.8869100623330366 0.9109528049866431 0.7444345503116652 0.9109528049866431
16 0.6064113980409617 0.6731967943009795 0.7364203027604631 0.6731967943009795 0.7364203027604631 0.8121104185218164 0.6064113980409617 0.8121104185218164
16 0.6821015138023152 0.628673196794301 0.8147818343722174 0.628673196794301 0.8147818343722174 0.7399821905609972 0.6821015138023152 0.7399821905609972
16 0.5351736420302761 0.5734639358860196 0.6589492430988425 0.5734639358860196 0.6589492430988425 0.6776491540516475 0.5351736420302761 0.6776491540516475
16 0.6464826357969724 0.39091718610863757 0.7497773820124665 0.39091718610863757 0.7497773820124665 0.5040071237756011 0.6464826357969724 0.5040071237756011
16 0.566340160284951 0.48441674087266245 0.6803205699020481 0.48441674087266245 0.6803205699020481 0.5912733748886909 0.566340160284951 0.5912733748886909
16 0.46304541406945676 0.5102404274265361 0.5636687444345503 0.5102404274265361 0.5636687444345503 0.6055209260908282 0.46304541406945676 0.6055209260908282
16 0.7542297417631346 0.5200356188780053 0.8512911843276938 0.5200356188780053 0.8512911843276938 0.6349065004452359 0.7542297417631346 0.6349065004452359
16 0.8495102404274263 0.672306322350846 0.9661620658949241 0.672306322350846 0.9661620658949241 0.7916295636687445 0.8495102404274263 0.7916295636687445
16 0.48263579697239545 0.4220837043633125 0.585040071237756 0.4220837043633125 0.585040071237756 0.5120213713268033 0.48263579697239545 0.5120213713268033
16 0.4710596616206589 0.3196794300979519 0.5672306322350846 0.3196794300979519 0.5672306322350846 0.4211932324131789 0.4710596616206589 0.4211932324131789
16 0.3722172751558326 0.767586821015138 0.5022261798753339 0.767586821015138 0.5022261798753339 0.9127337488869102 0.3722172751558326 0.9127337488869102
16 0.3517364203027605 0.6544968833481746 0.4585930543187889 0.6544968833481746 0.4585930543187889 0.7800534283170079 0.3517364203027605 0.7800534283170079
16 0.390026714158504 0.5627782724844167 0.5022261798753339 0.5627782724844167 0.5022261798753339 0.659839715048976 0.390026714158504 0.659839715048976
16 0.5182546749777382 0.7871772039180766 0.6384683882457705 0.7871772039180766 0.6384683882457705 0.9189670525378452 0.5182546749777382 0.9189670525378452
16 0.09439002671415858 0.8014247551202138 0.23864648263579688 0.8014247551202138 0.23864648263579688 0.9661620658949246 0.09439002671415858 0.9661620658949246
