0 0.3455031166518255 0.4024933214603739 0.5903829029385576 0.4024933214603739 0.5903829029385576 0.641139804096171 0.3455031166518255 0.641139804096171
0 0.6001780943900267 0.4470169189670526 0.8691006233303651 0.4470169189670526 0.8691006233303651 0.7284060552092609 0.6001780943900267 0.7284060552092609
0 0.38201246660730187 0.09706144256455923 0.6357969723953696 0.09706144256455923 0.6357969723953696 0.3766696349065005 0.38201246660730187 0.3766696349065005
0 0.07034728406055209 0.620658949243099 0.3544078361531612 0.620658949243099 0.3544078361531612 0.9038290293855743 0.07034728406055209 0.9038290293855743
0 0.41406945681211044 0.5992876224398932 0.6170970614425646 0.5992876224398932 0.6170970614425646 0.8539626001780944 0.41406945681211044 0.8539626001780944
0 0.3285841495992876 0.7853962600178093 0.5485307212822795 0.7853962600178093 0.5485307212822795 1.0 0.3285841495992876 1.0
0 -8.881784197001253e-18 0.3802315227070348 0.21282279608192345 0.3802315227070348 0.21282279608192345 0.6749777382012467 -8.881784197001253e-18 0.6749777382012467
0 0.07212822796081923 0.17275155832591274 0.3944790739091718 0.17275155832591274 0.3944790739091718 0.49777382012466614 0.07212822796081923 0.49777382012466614
0 0.7978628673196794 0.15405164737310775 0.9999999999999996 0.15405164737310775 0.9999999999999996 0.4345503116651825 0.7978628673196794 0.4345503116651825
0 0.6019590382902938 0.08103294746215495 0.8557435440783615 0.08103294746215495 0.8557435440783615 0.36509349955476406 0.6019590382902938 0.36509349955476406
0 0.5868210151380232 0.7417631344612645 0.8388245770258237 0.7417631344612645 0.8388245770258237 0.9759572573463937 0.5868210151380232 0.9759572573463937
