12 0.2653606411398041 0.22707034728406061 0.46660730186999116 0.22707034728406061 0.46660730186999116 0.41495992876224413 0.2653606411398041 0.41495992876224413
12 0.6527159394479074 0.45770258236865546 0.8584149599287622 0.45770258236865546 0.8584149599287622 0.6634016028495103 0.6527159394479074 0.6634016028495103
12 0.4968833481745325 0.5164737310774711 0.6847729296527159 0.5164737310774711 0.6847729296527159 0.7079252003561887 0.4968833481745325 0.7079252003561887
12 0.2466607301869991 0.603739982190561 0.4746215494211933 0.603739982190561 0.4746215494211933 0.8325912733748887 0.2466607301869991 0.8325912733748887
12 0.11487088156723063 0.4042742653606412 0.31166518254674974 0.4042742653606412 0.31166518254674974 0.595725734639359 0.11487088156723063 0.595725734639359
12 0.3089937666963493 0.4122885129118438 0.48975957257346403 0.4122885129118438 0.48975957257346403 0.5788067675868211 0.3089937666963493 0.5788067675868211
12 0.5743544078361532 0.3944790739091718 0.6990204808548531 0.3944790739091718 0.6990204808548531 0.5164737310774711 0.5743544078361532 0.5164737310774711
12 0.7168299198575245 0.2947462154942119 0.8477292965271594 0.2947462154942119 0.8477292965271594 0.41317898486197685 0.7168299198575245 0.41317898486197685
12 0.5120213713268033 0.28495102404274264 0.6482635796972396 0.28495102404274264 0.6482635796972396 0.4185218165627783 0.5120213713268033 0.4185218165627783
12 0.05253784505788068 0.30008904719501334 0.163846838824577 0.30008904719501334 0.163846838824577 0.3935886019590383 0.05253784505788068 0.3935886019590383
12 0.08281389136242207 0.3615316117542298 0.2413178984861977 0.3615316117542298 0.2413178984861977 0.49065004452359756 0.08281389136242207 0.49065004452359756
12 0.464826357969724 0.4532502226179875 0.6019590382902938 0.4532502226179875 0.6019590382902938 0.5868210151380231 0.464826357969724 0.5868210151380231
12 0.8886910062333037 0.3624220837043633 1.0 0.3624220837043633 1.0 0.47462154942119317 0.8886910062333037 0.47462154942119317
12 0.823686553873553 0.4888691006233308 1.0 0.4888691006233308 1.0 0.6705253784505792 0.823686553873553 0.6705253784505792
12 0.7613535173642028 0.6206589492430983 0.9634906500445242 0.6206589492430983 0.9634906500445242 0.8388245770258231 0.7613535173642028 0.8388245770258231
12 0.611754229741763 0.6767586821015138 0.8094390026714161 0.6767586821015138 0.8094390026714161 0.8869100623330364 0.611754229741763 0.8869100623330364
12 0.10774710596616206 0.5627782724844167 0.3143365983971505 0.5627782724844167 0.3143365983971505 0.7800534283170079 0.10774710596616206 0.7800534283170079
12 0.4523597506678539 0.6714158504007122 0.6144256455921638 0.6714158504007122 0.6144256455921638 0.8423864648263579 0.4523597506678539 0.8423864648263579
12 0.21104185218165625 0.8130008904719501 0.44523597506678536 0.8130008904719501 0.44523597506678536 1.0 0.21104185218165625 1.0
12 0.4523597506678539 0.8085485307212824 0.6607301869991095 0.8085485307212824 0.6607301869991095 0.9964381121994658 0.4523597506678539 0.9964381121994658
