14 0.32591273374888696 0.35796972395369553 0.5120213713268034 0.35796972395369553 0.5120213713268034 0.5262689225289404 0.32591273374888696 0.5262689225289404
14 0.5574354407836153 0.3704363312555655 0.7382012466607302 0.3704363312555655 0.7382012466607302 0.5422974176313446 0.5574354407836153 0.5422974176313446
14 0.49243098842386457 0.26714158504007124 0.6322350845948352 0.26714158504007124 0.6322350845948352 0.3944790739091719 0.49243098842386457 0.3944790739091719
14 0.35529830810329477 0.2653606411398041 0.508459483526269 0.2653606411398041 0.508459483526269 0.388245770258237 0.35529830810329477 0.388245770258237
14 0.18699910952804988 0.26981300089047194 0.35173642030276053 0.26981300089047194 0.35173642030276053 0.4158504007123776 0.18699910952804988 0.4158504007123776
14 0.1380231522707035 0.15138023152270702 0.2653606411398041 0.15138023152270702 0.2653606411398041 0.2956366874443455 0.1380231522707035 0.2956366874443455
14 0.27248441674087265 0.15939447907390916 0.4060552092609083 0.15939447907390916 0.4060552092609083 0.2813891362422084 0.27248441674087265 0.2813891362422084
14 0.4078361531611755 0.16829919857524486 0.5405164737310776 0.16829919857524486 0.5405164737310776 0.29029385574354405 0.4078361531611755 0.29029385574354405
14 0.5707925200356189 0.14158504007123776 0.7025823686553874 0.14158504007123776 0.7025823686553874 0.29118432769367764 0.5707925200356189 0.29118432769367764
14 0.4826357969723948 0.054318788958147866 0.6090828138913623 0.054318788958147866 0.6090828138913623 0.19412288512911846 0.4826357969723948 0.19412288512911846
14 0.026714158504007122 0.26625111308993765 0.19056099732858414 0.26625111308993765 0.19056099732858414 0.39982190560997327 0.026714158504007122 0.39982190560997327
14 0.06589492430988424 0.43455031166518254 0.23419412288512909 0.43455031166518254 0.23419412288512909 0.6233303650934997 0.06589492430988424 0.6233303650934997
14 0.20837043633125557 0.497773820124666 0.40516473731077474 0.497773820124666 0.40516473731077474 0.6625111308993765 0.20837043633125557 0.6625111308993765
14 0.4024933214603739 0.49243098842386457 0.6073018699910951 0.49243098842386457 0.6073018699910951 0.6544968833481745 0.4024933214603739 0.6544968833481745
14 0.6562778272484415 0.27604630454140694 0.8058771148708814 0.27604630454140694 0.8058771148708814 0.40071237756010686 0.6562778272484415 0.40071237756010686
14 0.6731967943009798 0.48886910062333017 0.8290293855743543 0.48886910062333017 0.8290293855743543 0.6277827248441669 0.6731967943009798 0.6277827248441669
