5 0.4122885129118432 0.4176313446126447 0.5921638468388246 0.4176313446126447 0.5921638468388246 0.6135351736420303 0.4122885129118432 0.6135351736420303
5 0.5414069456812111 0.3606411398040962 0.7720391807658059 0.3606411398040962 0.7720391807658059 0.5556544968833482 0.5414069456812111 0.5556544968833482
5 0.24666073018699902 0.2707034728406055 0.4327693677649154 0.2707034728406055 0.4327693677649154 0.4657168299198576 0.24666073018699902 0.4657168299198576
5 0.24398931433659843 0.43455031166518254 0.4220837043633125 0.43455031166518254 0.4220837043633125 0.6651825467497775 0.24398931433659843 0.6651825467497775
5 0.3490650044523596 0.7328584149599287 0.5485307212822795 0.7328584149599287 0.5485307212822795 0.9608192341941226 0.3490650044523596 0.9608192341941226
5 0.6001780943900267 0.7132680320569902 0.8771148708815674 0.7132680320569902 0.8771148708815674 0.9029385574354408 0.6001780943900267 0.9029385574354408
5 0.5378450578806767 0.5574354407836153 0.7114870881567229 0.5574354407836153 0.7114870881567229 0.7453250222617988 0.5378450578806767 0.7453250222617988
5 0.7328584149599287 0.5983971504897596 0.9554764024933213 0.5983971504897596 0.9554764024933213 0.7640249332146036 0.7328584149599287 0.7640249332146036
5 0.765805877114871 0.4390026714158505 0.9287622439893144 0.4390026714158505 0.9287622439893144 0.608192341941229 0.765805877114871 0.608192341941229
5 0.48441674087266245 0.2235084594835263 0.7016918967052538 0.2235084594835263 0.7016918967052538 0.39180765805877116 0.48441674087266245 0.39180765805877116
5 0.8334817453250223 0.3348174532502226 0.9848619768477291 0.3348174532502226 0.9848619768477291 0.5173642030276047 0.8334817453250223 0.5173642030276047
5 0.07123775601068566 0.2858414959928762 0.25467497773820125 0.2858414959928762 0.25467497773820125 0.47996438112199474 0.07123775601068566 0.47996438112199474
5 0.09884238646482636 0.5894924309884239 0.3063223508459484 0.5894924309884239 0.3063223508459484 0.8263579697239537 0.09884238646482636 0.8263579697239537
