14 0.628673196794301 0.3864648263579697 0.8806767586821014 0.3864648263579697 0.8806767586821014 0.6384683882457701 0.628673196794301 0.6384683882457701
14 0.33125556544968826 0.3873552983081033 0.609973285841496 0.3873552983081033 0.609973285841496 0.6500445235975068 0.33125556544968826 0.6500445235975068
14 0.2902938557435441 0.6055209260908282 0.5449688334817453 0.6055209260908282 0.5449688334817453 0.83793410507569 0.2902938557435441 0.83793410507569
14 0.12110418521816566 0.5084594835262689 0.3250222617987534 0.5084594835262689 0.3250222617987534 0.6963490650044524 0.12110418521816566 0.6963490650044524
14 -4.440892098500626e-18 0.327693677649154 0.19768477292965272 0.327693677649154 0.19768477292965272 0.5369545859305432 -4.440892098500626e-18 0.5369545859305432
14 0.09349955476402494 0.22974176313446126 0.2653606411398041 0.22974176313446126 0.2653606411398041 0.3944790739091719 0.09349955476402494 0.3944790739091719
14 0.08459483526268922 0.11932324131789848 0.2404274265360641 0.11932324131789848 0.2404274265360641 0.26268922528940336 0.08459483526268922 0.26268922528940336
14 0.4238646482635797 0.18521816562778276 0.5859305431878896 0.18521816562778276 0.5859305431878896 0.3312555654496884 0.4238646482635797 0.3312555654496884
14 0.5627782724844167 0.21104185218165625 0.7417631344612644 0.21104185218165625 0.7417631344612644 0.35084594835262684 0.5627782724844167 0.35084594835262684
14 0.609973285841496 0.10418521816562779 0.7471059661620658 0.10418521816562779 0.7471059661620658 0.22617987533392697 0.609973285841496 0.22617987533392697
