0 0.4060552092609083 0.3944790739091719 0.5396260017809439 0.3944790739091719 0.5396260017809439 0.5048975957257348 0.4060552092609083 0.5048975957257348
0 0.5930543187889582 0.30632235084594833 0.6936776491540517 0.30632235084594833 0.6936776491540517 0.42475512021371326 0.5930543187889582 0.42475512021371326
0 0.40338379341050756 0.6135351736420303 0.5333926981300089 0.6135351736420303 0.5333926981300089 0.7328584149599288 0.40338379341050756 0.7328584149599288
0 0.3027604630454141 0.5280498664292075 0.4176313446126447 0.5280498664292075 0.4176313446126447 0.6375779162956366 0.3027604630454141 0.6375779162956366
0 0.6829919857524487 0.5031166518254675 0.7925200356188778 0.5031166518254675 0.7925200356188778 0.6028495102404274 0.6829919857524487 0.6028495102404274
0 0.8548530721282279 0.5218165627782725 0.9750667853962599 0.5218165627782725 0.9750667853962599 0.6233303650934995 0.8548530721282279 0.6233303650934995
0 0.7212822796081924 0.6634016028495102 0.8317008014247552 0.6634016028495102 0.8317008014247552 0.7640249332146037 0.7212822796081924 0.7640249332146037
0 0.4657168299198574 0.7969723953695458 0.5975066785396259 0.7969723953695458 0.5975066785396259 0.9136242208370435 0.4657168299198574 0.9136242208370435
0 0.6892252894033838 0.772039180765806 0.8219056099732858 0.772039180765806 0.8219056099732858 0.9011576135351737 0.6892252894033838 0.9011576135351737
0 0.10685663401602849 0.7319679430097952 0.23597506678539631 0.7319679430097952 0.23597506678539631 0.8504007123775601 0.10685663401602849 0.8504007123775601
0 0.0017809439002671415 0.7720391807658059 0.1273374888691006 0.7720391807658059 0.1273374888691006 0.943900267141585 0.0017809439002671415 0.943900267141585
0 0.22083704363312556 0.7043633125556545 0.31789848619768474 0.7043633125556545 0.31789848619768474 0.8290293855743546 0.22083704363312556 0.8290293855743546
0 0.3098842386464826 0.667853962600178 0.42297417631344614 0.667853962600178 0.42297417631344614 0.77560106856634 0.3098842386464826 0.77560106856634
0 0.5182546749777382 0.6651825467497774 0.608192341941229 0.6651825467497774 0.608192341941229 0.7524487978628673 0.5182546749777382 0.7524487978628673
0 0.4211932324131789 0.7337488869100623 0.5253784505788067 0.7337488869100623 0.5253784505788067 0.8334817453250223 0.4211932324131789 0.8334817453250223
0 0.2929652715939448 0.8058771148708815 0.4300979519145147 0.8058771148708815 0.4300979519145147 0.9456812110418523 0.2929652715939448 0.9456812110418523
0 0.3882457702582369 0.8753339269813003 0.5494211932324132 0.8753339269813003 0.5494211932324132 1.0000000000000002 0.3882457702582369 1.0000000000000002
0 0.5574354407836154 0.871772039180766 0.7105966162065895 0.871772039180766 0.7105966162065895 1.0 0.5574354407836154 1.0
0 0.10863757791629564 0.8548530721282279 0.25378450578806766 0.8548530721282279 0.25378450578806766 1.0 0.10863757791629564 1.0
0 0.0 0.6304541406945681 0.0943900267141585 0.6304541406945681 0.0943900267141585 0.7524487978628673 0.0 0.7524487978628673
0 0.0943900267141585 0.6144256455921638 0.22974176313446126 0.6144256455921638 0.22974176313446126 0.7426536064113979 0.0943900267141585 0.7426536064113979
0 0.14870881567230632 0.5209260908281389 0.26981300089047194 0.5209260908281389 0.26981300089047194 0.6331255565449688 0.14870881567230632 0.6331255565449688
0 0.18432769367764915 0.446126447016919 0.2920747996438112 0.446126447016919 0.2920747996438112 0.5512021371326804 0.18432769367764915 0.5512021371326804
0 0.22796081923419412 0.3089937666963491 0.32947462154942125 0.3089937666963491 0.32947462154942125 0.4185218165627783 0.22796081923419412 0.4185218165627783
0 0.10507569011576136 0.3018699910952805 0.21905609973285842 0.3018699910952805 0.21905609973285842 0.40516473731077474 0.10507569011576136 0.40516473731077474
0 0.8619768477292965 0.3472840605520926 0.9706144256455921 0.3472840605520926 0.9706144256455921 0.44879786286731965 0.8619768477292965 0.44879786286731965
0 0.7996438112199464 0.3846838824577025 0.8931433659839714 0.3846838824577025 0.8931433659839714 0.4826357969723954 0.7996438112199464 0.4826357969723954
0 0.740872662511131 0.4292074799643812 0.8441674087266252 0.4292074799643812 0.8441674087266252 0.5342831700801425 0.740872662511131 0.5342831700801425
0 0.6821015138023152 0.3882457702582369 0.7631344612644703 0.3882457702582369 0.7631344612644703 0.47996438112199474 0.6821015138023152 0.47996438112199474
0 0.6117542297417632 0.4327693677649154 0.715939447907391 0.4327693677649154 0.715939447907391 0.5378450578806767 0.6117542297417632 0.5378450578806767
0 0.7399821905609972 0.35618878005342836 0.8183437221727514 0.35618878005342836 0.8183437221727514 0.4541406945681211 0.7399821905609972 0.4541406945681211
0 0.7399821905609972 0.29385574354407834 0.8406055209260909 0.29385574354407834 0.8406055209260909 0.36776491540516476 0.7399821905609972 0.36776491540516476
0 0.9011576135351737 0.2653606411398041 0.9795191451469278 0.2653606411398041 0.9795191451469278 0.34372217275155836 0.9011576135351737 0.34372217275155836
0 0.8744434550311666 0.77560106856634 1.0 0.77560106856634 1.0 0.9171861086375779 0.8744434550311666 0.9171861086375779
0 0.8192341941228851 0.7088156723063223 0.9234194122885131 0.7088156723063223 0.9234194122885131 0.831700801424755 0.8192341941228851 0.831700801424755
0 0.7088156723063226 0.8993766696349065 0.8628673196794302 0.8993766696349065 0.8628673196794302 0.9999999999999999 0.7088156723063226 0.9999999999999999
