0 0.3455031166518255 0.3882457702582368 0.5031166518254675 0.3882457702582368 0.5031166518254675 0.5316117542297417 0.3455031166518255 0.5316117542297417
0 0.25200356188780054 0.6669634906500446 0.4211932324131789 0.6669634906500446 0.4211932324131789 0.8584149599287624 0.25200356188780054 0.8584149599287624
0 0.6179875333926982 0.6918967052537845 0.8040961709706145 0.6918967052537845 0.8040961709706145 0.8646482635796972 0.6179875333926982 0.8646482635796972
0 0.3686553873552983 0.8325912733748886 0.5173642030276047 0.8325912733748886 0.5173642030276047 0.9813000890471948 0.3686553873552983 0.9813000890471948
0 0.5280498664292075 0.8397150489759572 0.705253784505788 0.8397150489759572 0.705253784505788 0.9964381121994657 0.5280498664292075 0.9964381121994657
0 0.4300979519145146 0.5369545859305432 0.5796972395369546 0.5369545859305432 0.5796972395369546 0.7052537845057882 0.4300979519145146 0.7052537845057882
0 0.659839715048976 0.27337488869100623 0.765805877114871 0.27337488869100623 0.765805877114871 0.39536954585930545 0.659839715048976 0.39536954585930545
0 0.5672306322350846 0.14692787177203917 0.6847729296527161 0.14692787177203917 0.6847729296527161 0.28940338379341046 0.5672306322350846 0.28940338379341046
0 0.6420302760463045 0.053428317008014245 0.756901157613535 0.053428317008014245 0.756901157613535 0.1736420302760463 0.6420302760463045 0.1736420302760463
0 0.4372217275155833 0.05699020480854853 0.578806767586821 0.05699020480854853 0.578806767586821 0.19946571682991987 0.4372217275155833 0.19946571682991987
0 0.1433659839715049 0.2475512021371327 0.3089937666963491 0.2475512021371327 0.3089937666963491 0.3766696349065005 0.1433659839715049 0.3766696349065005
0 0.0 0.21905609973285842 0.14514692787177208 0.21905609973285842 0.14514692787177208 0.3944790739091719 0.0 0.3944790739091719
0 0.0 0.42653606411398043 0.14870881567230632 0.42653606411398043 0.14870881567230632 0.5894924309884239 0.0 0.5894924309884239
0 0.26892252894033836 0.3535173642030276 0.3944790739091718 0.3535173642030276 0.3944790739091718 0.47640249332146045 0.26892252894033836 0.47640249332146045
0 0.27960819234194123 0.0730186999109528 0.43455031166518254 0.0730186999109528 0.43455031166518254 0.22885129118432773 0.27960819234194123 0.22885129118432773
0 0.3223508459483526 0.22796081923419412 0.4951024042742654 0.22796081923419412 0.4951024042742654 0.37310774710596617 0.3223508459483526 0.37310774710596617
0 0.4915405164737311 0.26714158504007124 0.6366874443455031 0.26714158504007124 0.6366874443455031 0.4113980409617098 0.4915405164737311 0.4113980409617098
0 0.5699020480854853 0.5565449688334817 0.697239536954586 0.5565449688334817 0.697239536954586 0.6829919857524487 0.5699020480854853 0.6829919857524487
0 0.6892252894033838 0.48619768477292963 0.8130008904719501 0.48619768477292963 0.8130008904719501 0.6251113089937668 0.6892252894033838 0.6251113089937668
0 0.04096170970614425 0.680320569902048 0.21727515583259127 0.680320569902048 0.21727515583259127 0.8655387355298307 0.04096170970614425 0.8655387355298307
