0 0.365093499554764 0.4568121104185219 0.5146927871772039 0.4568121104185219 0.5146927871772039 0.6099732858414961 0.365093499554764 0.6099732858414961
0 0.4238646482635797 0.642920747996438 0.5859305431878896 0.642920747996438 0.5859305431878896 0.7978628673196795 0.4238646482635797 0.7978628673196795
0 0.04007123775601069 0.6767586821015138 0.195013357079252 0.6767586821015138 0.195013357079252 0.8103294746215495 0.04007123775601069 0.8103294746215495
0 0.37488869100623323 0.9430097951914516 0.5057880676758683 0.9430097951914516 0.5057880676758683 1.0 0.37488869100623323 1.0
0 0.6411398040961709 0.5761353517364203 0.7640249332146037 0.5761353517364203 0.7640249332146037 0.7016918967052538 0.6411398040961709 0.7016918967052538
0 0.641139804096171 0.35796972395369553 0.7684772929652717 0.35796972395369553 0.7684772929652717 0.49599287622439897 0.641139804096171 0.49599287622439897
0 0.597506678539626 0.47640249332146034 0.7052537845057881 0.47640249332146034 0.7052537845057881 0.5859305431878895 0.597506678539626 0.5859305431878895
0 0.30186999109528057 0.7426536064113979 0.46660730186999116 0.7426536064113979 0.46660730186999116 0.9029385574354406 0.30186999109528057 0.9029385574354406
0 0.5832591273374889 0.7016918967052537 0.7364203027604631 0.7016918967052537 0.7364203027604631 0.8788958147818343 0.5832591273374889 0.8788958147818343
0 0.19056099732858414 0.6028495102404274 0.321460373998219 0.6028495102404274 0.321460373998219 0.7666963490650044 0.19056099732858414 0.7666963490650044
0 0.21015138023152272 0.4024933214603739 0.3383793410507569 0.4024933214603739 0.3383793410507569 0.5431878895814781 0.21015138023152272 0.5431878895814781
0 0.43187889581478184 0.35440783615316124 0.5405164737310775 0.35440783615316124 0.5405164737310775 0.4746215494211933 0.43187889581478184 0.4746215494211933
0 0.10329474621549421 0.8468388245770256 0.26179875333926983 0.8468388245770256 0.26179875333926983 0.9999999999999999 0.10329474621549421 0.9999999999999999
0 0.2769367764915405 0.918967052537845 0.3846838824577025 0.918967052537845 0.3846838824577025 1.0 0.2769367764915405 1.0
0 0.5520926090828139 0.8797862867319679 0.6901157613535174 0.8797862867319679 0.6901157613535174 0.9999999999999999 0.5520926090828139 0.9999999999999999
