0 0.5200356188780053 0.2947462154942119 0.6438112199465716 0.2947462154942119 0.6438112199465716 0.4238646482635797 0.5200356188780053 0.4238646482635797
0 0.3873552983081033 0.38201246660730187 0.5013357079252004 0.38201246660730187 0.5013357079252004 0.5066785396260018 0.3873552983081033 0.5066785396260018
0 0.19679430097951905 0.8780053428317006 0.340160284951024 0.8780053428317006 0.340160284951024 0.9999999999999997 0.19679430097951905 0.9999999999999997
0 0.47373107747105964 0.8726625111308993 0.6090828138913624 0.8726625111308993 0.6090828138913624 0.9937666963490648 0.47373107747105964 0.9937666963490648
0 0.09528049866429207 0.21371326803205698 0.20302760463045416 0.21371326803205698 0.20302760463045416 0.30810329474621556 0.09528049866429207 0.30810329474621556
0 0.3303650934995548 0.45770258236865546 0.4220837043633125 0.45770258236865546 0.4220837043633125 0.5503116651825468 0.3303650934995548 0.5503116651825468
0 0.5796972395369546 0.4817453250222618 0.6847729296527161 0.4817453250222618 0.6847729296527161 0.5645592163846839 0.5796972395369546 0.5645592163846839
0 0.653606411398041 0.7462154942119323 0.780053428317008 0.7462154942119323 0.780053428317008 0.8940338379341052 0.653606411398041 0.8940338379341052
0 0.6206589492430988 0.83793410507569 0.7319679430097953 0.83793410507569 0.7319679430097953 0.9323241317898486 0.6206589492430988 0.9323241317898486
0 0.38913624220837045 0.7471059661620658 0.5200356188780053 0.7471059661620658 0.5200356188780053 0.8593054318788959 0.38913624220837045 0.8593054318788959
0 0.2235084594835263 0.8245770258236864 0.35529830810329477 0.8245770258236864 0.35529830810329477 0.9349955476402491 0.2235084594835263 0.9349955476402491
0 0.05877114870881568 0.8121104185218166 0.19946571682991987 0.8121104185218166 0.19946571682991987 0.960819234194123 0.05877114870881568 0.960819234194123
