1 0.1937436385207977 0.4909285826000726 0.31596756935590997 0.39951045984700506 0.4732994877958211 0.6098596218998865 0.3510755569607088 0.7012777446529541
1 0.6349571394079659 0.422461499918483 0.7467473738201067 0.5133189015920872 0.6036004466904948 0.6894457580113806 0.4918102122783541 0.5985883563377764
1 0.3642030276046305 0.11041852181656278 0.5512021371326803 0.11041852181656278 0.5512021371326803 0.25734639358860195 0.3642030276046305 0.25734639358860195
1 0.2715939447907391 0.3392698130008905 0.4300979519145147 0.3392698130008905 0.4300979519145147 0.4888691006233304 0.2715939447907391 0.4888691006233304
1 0.1495992876224399 0.6144256455921638 0.3570792520035619 0.6144256455921638 0.3570792520035619 0.7569011576135353 0.1495992876224399 0.7569011576135353
1 -1.4432899320127036e-17 0.5191451469278717 0.17364203027604627 0.5191451469278717 0.17364203027604627 0.7212822796081924 -1.4432899320127036e-17 0.7212822796081924
1 0.3695458593054319 0.5369545859305432 0.5253784505788067 0.5369545859305432 0.5253784505788067 0.686553873552983 0.3695458593054319 0.686553873552983
1 0.5796972395369546 0.6268922528940338 0.723953695458593 0.6268922528940338 0.723953695458593 0.7871772039180766 0.5796972395369546 0.7871772039180766
1 0.40694568121104185 0.43633125556544966 0.577025823686554 0.43633125556544966 0.577025823686554 0.5485307212822795 0.40694568121104185 0.5485307212822795
1 0.4372217275155833 0.2742653606411398 0.5716829919857525 0.2742653606411398 0.5716829919857525 0.4158504007123776 0.4372217275155833 0.4158504007123776
1 0.24220837043633123 0.1745325022261799 0.3873552983081033 0.1745325022261799 0.3873552983081033 0.3232413178984862 0.24220837043633123 0.3232413178984862
1 0.6042548426736201 0.23711378884401435 0.7296158267886156 0.26803616492570626 0.6827639386404063 0.4579762520130841 0.5574029545254108 0.4270538759313922
1 0.7260021179862374 0.445484608909537 0.8745155029726339 0.4815398815651921 0.8194741437421064 0.7082578612528526 0.6709607587557099 0.6722025885971975
1 0.7480016548982578 0.29847215247232345 0.8525190483011491 0.358843210033557 0.751415425310801 0.5338788573356067 0.6468980319079097 0.473507799774373
1 0.7943009795191451 0.3864648263579697 0.9839715048975958 0.3864648263579697 0.9839715048975958 0.5360641139804097 0.7943009795191451 0.5360641139804097
1 0.8263579697239539 0.2769367764915405 0.9991095280498667 0.2769367764915405 0.9991095280498667 0.39091718610863757 0.8263579697239539 0.39091718610863757
1 0.6981300089047195 0.1798753339269813 0.8486197684772931 0.1798753339269813 0.8486197684772931 0.3223508459483526 0.6981300089047195 0.3223508459483526
1 0.45802963928802337 0.17305036925053888 0.6543262777578804 0.08854598677024424 0.7138314470877549 0.226771536359436 0.5175348086178978 0.31127591883973066
1 0.4505788067675868 0.634906500445236 0.5894924309884239 0.634906500445236 0.5894924309884239 0.7595725734639359 0.4505788067675868 0.7595725734639359
1 0.5280498664292075 0.7239536954585931 0.697239536954586 0.7239536954585931 0.697239536954586 0.8637577916295638 0.5280498664292075 0.8637577916295638
