11 0.5057880676758683 0.5529830810329475 0.6589492430988425 0.5529830810329475 0.6589492430988425 0.6714158504007124 0.5057880676758683 0.6714158504007124
11 0.5960225586227367 0.4977738201246661 0.7040664885722766 0.4977738201246661 0.7040664885722766 0.5939447907390918 0.5960225586227367 0.5939447907390918
11 0.3158207183140398 0.6393588601959037 0.45235975066785394 0.6393588601959037 0.45235975066785394 0.7408726625111308 0.3158207183140398 0.7408726625111308
11 0.4286138319976254 0.6090828138913624 0.558029088750371 0.6090828138913624 0.558029088750371 0.7105966162065895 0.4286138319976254 0.7105966162065895
11 0.7859899079845651 0.5948352626892253 0.9367764915405165 0.5948352626892253 0.9367764915405165 0.7008014247551202 0.7859899079845651 0.7008014247551202
11 0.6767586821015138 0.6073018699910953 0.8287325615909765 0.6073018699910953 0.8287325615909765 0.7248441674087267 0.6767586821015138 0.7248441674087267
11 0.8275452656574652 0.5111308993766697 0.9379637874740278 0.5111308993766697 0.9379637874740278 0.5921638468388246 0.8275452656574652 0.5921638468388246
11 0.749183734045711 0.5342831700801425 0.8477292965271594 0.5342831700801425 0.8477292965271594 0.6206589492430987 0.749183734045711 0.6206589492430987
11 0.724250519441971 0.7880676758682101 0.8655387355298308 0.7880676758682101 0.8655387355298308 0.8833481745325021 0.724250519441971 0.8833481745325021
11 0.6257049569605224 0.7471059661620658 0.757494805580291 0.7471059661620658 0.757494805580291 0.8397150489759572 0.6257049569605224 0.8397150489759572
11 0.5247848026120511 0.7292965271593945 0.6494508756307511 0.7292965271593945 0.6494508756307511 0.8272484416740873 0.5247848026120511 0.8272484416740873
11 0.47373107747105964 0.8165627782724845 0.6221430691599881 0.8165627782724845 0.6221430691599881 0.9314336598397152 0.47373107747105964 0.9314336598397152
11 0.6221430691599882 0.8317008014247551 0.7646185811813596 0.8317008014247551 0.7646185811813596 0.9341050756901157 0.6221430691599882 0.9341050756901157
11 0.4024933214603739 0.765805877114871 0.5366577619471653 0.765805877114871 0.5366577619471653 0.854853072128228 0.4024933214603739 0.854853072128228
11 0.26001780943900266 0.7212822796081924 0.4024933214603739 0.7212822796081924 0.4024933214603739 0.8227960819234197 0.26001780943900266 0.8227960819234197
11 0.197091124962897 0.6402493321460373 0.3253190857821312 0.6402493321460373 0.3253190857821312 0.7373107747105966 0.197091124962897 0.7373107747105966
11 0.27545265657465123 0.5725734639358862 0.4024933214603739 0.5725734639358862 0.4024933214603739 0.6607301869991097 0.27545265657465123 0.6607301869991097
11 0.43455031166518254 0.39804096170970615 0.5532799050163253 0.39804096170970615 0.5532799050163253 0.4826357969723954 0.43455031166518254 0.4826357969723954
11 0.36212525972098547 0.43455031166518254 0.47373107747105964 0.43455031166518254 0.47373107747105964 0.5182546749777381 0.36212525972098547 0.5182546749777381
11 0.6672603146334224 0.46304541406945676 0.7990501632531909 0.46304541406945676 0.7990501632531909 0.5636687444345503 0.6672603146334224 0.5636687444345503
11 0.5010388839418225 0.5120213713268033 0.6114574057583853 0.5120213713268033 0.6114574057583853 0.5868210151380232 0.5010388839418225 0.5868210151380232
11 0.39893143365983974 0.5333926981300089 0.5105372514099139 0.5333926981300089 0.5105372514099139 0.6313446126447018 0.39893143365983974 0.6313446126447018
11 0.782428020184031 0.42208370436331255 0.8999703176016624 0.42208370436331255 0.8999703176016624 0.5066785396260017 0.782428020184031 0.5066785396260017
11 0.7195013357079252 0.41495992876224397 0.8061739388542594 0.41495992876224397 0.8061739388542594 0.48708815672306316 0.7195013357079252 0.48708815672306316
11 0.5592163846838826 0.37310774710596617 0.6826951617690711 0.37310774710596617 0.6826951617690711 0.4674977738201247 0.5592163846838826 0.4674977738201247
11 0.7859899079845651 0.3089937666963491 0.9142178688037992 0.3089937666963491 0.9142178688037992 0.4122885129118434 0.7859899079845651 0.4122885129118434
11 0.5687147521519739 0.26268922528940336 0.696942712971208 0.26268922528940336 0.696942712971208 0.34995547640249325 0.5687147521519739 0.34995547640249325
11 0.05224102107450281 0.8450578806767587 0.2077767883644999 0.8450578806767587 0.2077767883644999 0.960819234194123 0.05224102107450281 0.960819234194123
11 0.14247551202137132 0.7382012466607302 0.2695161769070941 0.7382012466607302 0.2695161769070941 0.8406055209260908 0.14247551202137132 0.8406055209260908
11 0.17334520629266845 0.8406055209260908 0.3003858711783912 0.8406055209260908 0.3003858711783912 0.9412288512911843 0.17334520629266845 0.9412288512911843
11 0.2778272484416741 0.7889581478183437 0.40961709706144267 0.7889581478183437 0.40961709706144267 0.9091718610863757 0.2778272484416741 0.9091718610863757
