12 0.4078361531611755 0.5200356188780053 0.6081923419412288 0.5200356188780053 0.6081923419412288 0.7203918076580587 0.4078361531611755 0.7203918076580587
12 0.5921638468388246 0.4951024042742654 0.782724844167409 0.4951024042742654 0.782724844167409 0.6936776491540517 0.5921638468388246 0.6936776491540517
12 0.7141585040071238 0.34995547640249325 0.8842386464826357 0.34995547640249325 0.8842386464826357 0.522707034728406 0.7141585040071238 0.522707034728406
12 0.7622439893143367 0.5120213713268033 0.9349955476402494 0.5120213713268033 0.9349955476402494 0.7159394479073908 0.7622439893143367 0.7159394479073908
12 0.6696349065004452 0.6785396260017807 0.8486197684772929 0.6785396260017807 0.8486197684772929 0.8575244879786285 0.6696349065004452 0.8575244879786285
12 0.42742653606411396 0.6776491540516474 0.628673196794301 0.6776491540516474 0.628673196794301 0.8975957257346393 0.42742653606411396 0.8975957257346393
12 0.19946571682991987 0.6331255565449688 0.3811219946571683 0.6331255565449688 0.3811219946571683 0.8130008904719501 0.19946571682991987 0.8130008904719501
12 0.12377560106856635 0.44523597506678536 0.2849510240427426 0.44523597506678536 0.2849510240427426 0.6188780053428315 0.12377560106856635 0.6188780053428315
12 0.3962600178094389 0.34995547640249325 0.5894924309884237 0.34995547640249325 0.5894924309884237 0.5342831700801424 0.3962600178094389 0.5342831700801424
12 0.5841495992876224 0.2493321460373998 0.7479964381121995 0.2493321460373998 0.7479964381121995 0.4158504007123775 0.5841495992876224 0.4158504007123775
12 0.705253784505788 0.16651825467497777 0.8878005342831701 0.16651825467497777 0.8878005342831701 0.3508459483526269 0.705253784505788 0.3508459483526269
12 0.3383793410507569 0.051647373107747106 0.510240427426536 0.051647373107747106 0.510240427426536 0.2217275155832591 0.3383793410507569 0.2217275155832591
12 0.2493321460373998 0.2163846838824577 0.4229741763134461 0.2163846838824577 0.4229741763134461 0.38379341050756904 0.2493321460373998 0.38379341050756904
12 0.4007123775601069 0.18699910952804988 0.5645592163846839 0.18699910952804988 0.5645592163846839 0.3330365093499555 0.4007123775601069 0.3330365093499555
12 0.28227960819234194 0.37488869100623334 0.42119323241317896 0.37488869100623334 0.42119323241317896 0.5271593944790738 0.28227960819234194 0.5271593944790738
