1 0.17809439002671415 0.2742653606411398 0.3980409617097062 0.2742653606411398 0.3980409617097062 0.45235975066785394 0.17809439002671415 0.45235975066785394
1 0.3446126447016919 0.5004452359750667 0.5529830810329475 0.5004452359750667 0.5529830810329475 0.6527159394479074 0.3446126447016919 0.6527159394479074
1 0.11041852181656278 0.5583259127337489 0.26892252894033836 0.5583259127337489 0.26892252894033836 0.7132680320569902 0.11041852181656278 0.7132680320569902
1 0.510240427426536 0.4933214603739982 0.6482635796972395 0.4933214603739982 0.6482635796972395 0.6562778272484417 0.510240427426536 0.6562778272484417
1 0.4033837934105075 0.36420302760463047 0.5512021371326803 0.36420302760463047 0.5512021371326803 0.49777382012466614 0.4033837934105075 0.49777382012466614
1 0.5583259127337489 0.3846838824577025 0.6740872662511129 0.3846838824577025 0.6740872662511129 0.5244879786286731 0.5583259127337489 0.5244879786286731
1 0.4888691006233304 0.2252894033837934 0.6073018699910954 0.2252894033837934 0.6073018699910954 0.4113980409617098 0.4888691006233304 0.4113980409617098
1 0.3072128227960819 0.11665182546749776 0.43811219946571683 0.11665182546749776 0.43811219946571683 0.25645592163846836 0.3072128227960819 0.25645592163846836
1 0.1878895814781835 0.1798753339269813 0.36509349955476406 0.1798753339269813 0.36509349955476406 0.3116651825467498 0.1878895814781835 0.3116651825467498
1 0.012466607301869992 0.3365983971504897 0.20302760463045416 0.3365983971504897 0.20302760463045416 0.4710596616206589 0.012466607301869992 0.4710596616206589
1 0.17542297417631342 0.4167408726625109 0.30988423864648273 0.4167408726625109 0.30988423864648273 0.5948352626892249 0.17542297417631342 0.5948352626892249
1 0.24042742653606372 0.8165627782724845 0.4434550311665177 0.8165627782724845 0.4434550311665177 0.9973285841495998 0.24042742653606372 0.9973285841495998
1 -1.4432899320127036e-17 0.7114870881567231 0.23775601068566346 0.7114870881567231 0.23775601068566346 0.884238646482636 -1.4432899320127036e-17 0.884238646482636
1 0.5155832591273375 0.8085485307212824 0.6847729296527161 0.8085485307212824 0.6847729296527161 1.0 0.5155832591273375 1.0
1 0.6856634016028496 0.8165627782724845 0.8352626892252893 0.8165627782724845 0.8352626892252893 1.0 0.6856634016028496 1.0
1 0.7126261920032851 0.6555883286534175 0.8270142485868915 0.7051564865063112 0.7406240306147048 0.9045185279805981 0.6262359740310985 0.8549503701277045
1 0.786286731967943 0.7382012466607302 0.9332146037399823 0.7382012466607302 0.9332146037399823 0.8878005342831701 0.786286731967943 0.8878005342831701
1 0.2920747996438112 0.7070347284060552 0.4256455921638469 0.7070347284060552 0.4256455921638469 0.871772039180766 0.2920747996438112 0.871772039180766
1 0.5627782724844167 0.6206589492430988 0.6918967052537845 0.6206589492430988 0.6918967052537845 0.819234194122885 0.5627782724844167 0.819234194122885
1 0.7088156723063225 0.3570792520035619 0.8450578806767588 0.3570792520035619 0.8450578806767588 0.47818343722172746 0.7088156723063225 0.47818343722172746
1 0.6064113980409618 0.27070347284060553 0.7640249332146037 0.27070347284060553 0.7640249332146037 0.39180765805877116 0.6064113980409618 0.39180765805877116
1 0.3624220837043633 0.26001780943900266 0.47284060552092616 0.26001780943900266 0.47284060552092616 0.37310774710596617 0.3624220837043633 0.37310774710596617
