0 0.321460373998219 0.6215494211932324 0.4594835262689225 0.6215494211932324 0.4594835262689225 0.7702582368655386 0.321460373998219 0.7702582368655386
0 0.7506678539626002 0.4390026714158505 0.9234194122885129 0.4390026714158505 0.9234194122885129 0.6197684772929652 0.7506678539626002 0.6197684772929652
0 0.5796972395369546 0.37845057880676763 0.7257346393588603 0.37845057880676763 0.7257346393588603 0.5414069456812112 0.5796972395369546 0.5414069456812112
0 0.37488869100623323 0.3864648263579697 0.5227070347284061 0.3864648263579697 0.5227070347284061 0.5467497773820125 0.37488869100623323 0.5467497773820125
0 0.182546749777382 0.4746215494211931 0.35084594835262684 0.4746215494211931 0.35084594835262684 0.6402493321460373 0.182546749777382 0.6402493321460373
0 0.1611754229741763 0.182546749777382 0.29118432769367764 0.182546749777382 0.29118432769367764 0.3107747105966162 0.1611754229741763 0.3107747105966162
0 0.005342831700801425 0.08637577916295637 0.10685663401602849 0.08637577916295637 0.10685663401602849 0.18521816562778276 0.005342831700801425 0.18521816562778276
0 0.42742653606411396 0.0792520035618878 0.5485307212822796 0.0792520035618878 0.5485307212822796 0.18699910952804988 0.42742653606411396 0.18699910952804988
0 0.365093499554764 0.21727515583259127 0.47996438112199474 0.21727515583259127 0.47996438112199474 0.3321460373998219 0.365093499554764 0.3321460373998219
0 0.5903829029385574 0.1878895814781835 0.6954585930543188 0.1878895814781835 0.6954585930543188 0.3134461264470169 0.5903829029385574 0.3134461264470169
0 0.7159394479073911 0.20926090828138913 0.834372217275156 0.20926090828138913 0.834372217275156 0.3312555654496883 0.7159394479073911 0.3312555654496883
0 0.8664292074799644 0.2163846838824577 0.9732858414959928 0.2163846838824577 0.9732858414959928 0.3330365093499555 0.8664292074799644 0.3330365093499555
0 0.6758682101513801 0.3081032947462155 0.7862867319679426 0.3081032947462155 0.7862867319679426 0.43187889581478184 0.6758682101513801 0.43187889581478184
0 0.4612644701691896 0.2475512021371327 0.5877114870881568 0.2475512021371327 0.5877114870881568 0.38379341050756904 0.4612644701691896 0.38379341050756904
0 0.5013357079252003 0.6135351736420303 0.6206589492430988 0.6135351736420303 0.6206589492430988 0.7310774710596616 0.5013357079252003 0.7310774710596616
0 0.5200356188780053 0.47907390917186116 0.6447016918967051 0.47907390917186116 0.6447016918967051 0.6055209260908282 0.5200356188780053 0.6055209260908282
0 0.3374888691006233 0.5129118432769367 0.47016918967052534 0.5129118432769367 0.47016918967052534 0.6509349955476402 0.3374888691006233 0.6509349955476402
0 0.5057880676758683 0.7230632235084596 0.6500445235975065 0.7230632235084596 0.6500445235975065 0.867319679430098 0.5057880676758683 0.867319679430098
0 0.7257346393588603 0.6108637577916297 0.878005342831701 0.6108637577916297 0.878005342831701 0.7364203027604631 0.7257346393588603 0.7364203027604631
0 0.772039180765806 0.7836153161175423 0.9394479073909173 0.7836153161175423 0.9394479073909173 0.9732858414959928 0.772039180765806 0.9732858414959928
0 0.15316117542297417 0.8397150489759572 0.3107747105966162 0.8397150489759572 0.3107747105966162 0.9839715048975958 0.15316117542297417 0.9839715048975958
0 0.0854853072128228 0.5983971504897595 0.22261798753339274 0.5983971504897595 0.22261798753339274 0.740872662511131 0.0854853072128228 0.740872662511131
0 0.08103294746215495 0.4425645592163846 0.21905609973285842 0.4425645592163846 0.21905609973285842 0.578806767586821 0.08103294746215495 0.578806767586821
0 0.04719501335707925 0.7257346393588603 0.18254674977738203 0.7257346393588603 0.18254674977738203 0.8593054318788961 0.04719501335707925 0.8593054318788961
0 0.3784505788067677 0.755120213713268 0.4995547640249333 0.755120213713268 0.4995547640249333 0.9029385574354406 0.3784505788067677 0.9029385574354406
