11 0.597506678539626 0.3081032947462155 0.7479964381121994 0.3081032947462155 0.7479964381121994 0.47640249332146045 0.597506678539626 0.47640249332146045
11 0.4719501335707925 0.2404274265360641 0.6295636687444345 0.2404274265360641 0.6295636687444345 0.40694568121104185 0.4719501335707925 0.40694568121104185
11 0.5244879786286732 0.08370436331255565 0.686553873552983 0.08370436331255565 0.686553873552983 0.25022261798753337 0.5244879786286732 0.25022261798753337
11 0.375779162956367 0.04452359750667854 0.5369545859305432 0.04452359750667854 0.5369545859305432 0.2039180765805877 0.375779162956367 0.2039180765805877
11 0.321460373998219 0.16829919857524486 0.4550311665182546 0.16829919857524486 0.4550311665182546 0.30988423864648257 0.321460373998219 0.30988423864648257
11 0.2021371326803206 0.06233303650934995 0.3348174532502226 0.06233303650934995 0.3348174532502226 0.20124666073018696 0.2021371326803206 0.20124666073018696
11 0.10596616206589493 0.13624220837043632 0.2466607301869991 0.13624220837043632 0.2466607301869991 0.2858414959928762 0.10596616206589493 0.2858414959928762
11 0.14069456812110437 0.2617987533392697 0.30008904719501345 0.2617987533392697 0.30008904719501345 0.44345503116651813 0.14069456812110437 0.44345503116651813
11 0.27248441674087265 0.3998219056099732 0.4318788958147819 0.3998219056099732 0.4318788958147819 0.5716829919857523 0.27248441674087265 0.5716829919857523
11 0.3250222617987534 0.2840605520926089 0.4959928762243988 0.2840605520926089 0.4959928762243988 0.43811219946571656 0.3250222617987534 0.43811219946571656
11 0.7417631344612645 0.1433659839715049 0.8895814781834372 0.1433659839715049 0.8895814781834372 0.294746215494212 0.7417631344612645 0.294746215494212
11 0.628673196794301 0.19946571682991987 0.7515583259127337 0.19946571682991987 0.7515583259127337 0.3161175422974177 0.628673196794301 0.3161175422974177
11 0.7088156723063225 0.27960819234194123 0.8575244879786288 0.27960819234194123 0.8575244879786288 0.4300979519145147 0.7088156723063225 0.4300979519145147
11 0.6927871772039179 0.40872662511130897 0.8423864648263578 0.40872662511130897 0.8423864648263578 0.5823686553873553 0.6927871772039179 0.5823686553873553
11 0.591273374888691 0.5360641139804097 0.786286731967943 0.5360641139804097 0.786286731967943 0.7141585040071238 0.591273374888691 0.7141585040071238
11 0.4906500445235975 0.40516473731077474 0.6268922528940338 0.40516473731077474 0.6268922528940338 0.5574354407836154 0.4906500445235975 0.5574354407836154
11 0.3989314336598397 0.5040071237756011 0.5574354407836153 0.5040071237756011 0.5574354407836153 0.6696349065004452 0.3989314336598397 0.6696349065004452
11 0.07569011576135352 0.5333926981300089 0.2742653606411398 0.5333926981300089 0.2742653606411398 0.7275155832591272 0.07569011576135352 0.7275155832591272
11 0.0 0.45770258236865546 0.12199465716829921 0.45770258236865546 0.12199465716829921 0.6642920747996438 0.0 0.6642920747996438
11 0.10596616206589493 0.4354407836153161 0.27426536064113977 0.4354407836153161 0.27426536064113977 0.5832591273374889 0.10596616206589493 0.5832591273374889
11 0.41050756901157615 0.6634016028495102 0.6073018699910953 0.6634016028495102 0.6073018699910953 0.8406055209260909 0.41050756901157615 0.8406055209260909
11 0.5779162956366876 0.6901157613535175 0.7560106856634018 0.6901157613535175 0.7560106856634018 0.8744434550311666 0.5779162956366876 0.8744434550311666
11 0.26357969723953695 0.7978628673196794 0.4906500445235975 0.7978628673196794 0.4906500445235975 1.0 0.26357969723953695 1.0
11 0.17720391807658056 0.6874443455031165 0.3722172751558326 0.6874443455031165 0.3722172751558326 0.8967052537845056 0.17720391807658056 0.8967052537845056
11 0.5966162065894921 0.8646482635796974 0.7827248441674083 0.8646482635796974 0.7827248441674083 1.0000000000000002 0.5966162065894921 1.0000000000000002
