9 0.730186999109528 0.36420302760463047 1.0 0.36420302760463047 1.0 0.616206589492431 0.730186999109528 0.616206589492431
9 0.42653606411398043 0.4915405164737311 0.6829919857524488 0.4915405164737311 0.6829919857524488 0.7542297417631344 0.42653606411398043 0.7542297417631344
9 0.2778272484416741 0.35440783615316124 0.48708815672306327 0.35440783615316124 0.48708815672306327 0.5609973285841496 0.2778272484416741 0.5609973285841496
9 0.23597506678539626 0.553873552983081 0.44523597506678536 0.553873552983081 0.44523597506678536 0.7818343722172751 0.23597506678539626 0.7818343722172751
9 0.0213713268032057 0.6001780943900267 0.2617987533392698 0.6001780943900267 0.2617987533392698 0.8664292074799647 0.0213713268032057 0.8664292074799647
9 0.5494211932324132 0.6901157613535173 0.7693677649154053 0.6901157613535173 0.7693677649154053 0.9082813891362422 0.5494211932324132 0.9082813891362422
9 0.3161175422974176 0.751558325912734 0.5325022261798754 0.751558325912734 0.5325022261798754 0.9732858414959931 0.3161175422974176 0.9732858414959931
9 0.6509349955476402 0.5529830810329476 0.8664292074799643 0.5529830810329476 0.8664292074799643 0.7435440783615318 0.6509349955476402 0.7435440783615318
9 0.37399821905609976 0.18521816562778276 0.5921638468388246 0.18521816562778276 0.5921638468388246 0.3882457702582369 0.37399821905609976 0.3882457702582369
9 0.5520926090828139 0.21994657168299198 0.7390917186108638 0.21994657168299198 0.7390917186108638 0.3944790739091718 0.5520926090828139 0.3944790739091718
9 0.5235975066785397 0.39091718610863757 0.7043633125556547 0.39091718610863757 0.7043633125556547 0.5173642030276047 0.5235975066785397 0.5173642030276047
9 0.05431878895814782 0.4158504007123776 0.2653606411398041 0.4158504007123776 0.2653606411398041 0.6162065894924309 0.05431878895814782 0.6162065894924309
9 0.0 0.11576135351736416 0.21104185218165625 0.11576135351736416 0.21104185218165625 0.3392698130008902 0.0 0.3392698130008902
9 0.2083704363312556 0.24398931433659843 0.38112199465716834 0.24398931433659843 0.38112199465716834 0.41941228851291185 0.2083704363312556 0.41941228851291185
9 0.19412288512911846 0.048085485307212815 0.39180765805877116 0.048085485307212815 0.39180765805877116 0.2475512021371327 0.19412288512911846 0.2475512021371327
9 0.3766696349065004 0.0008904719501335708 0.5699020480854853 0.0008904719501335708 0.5699020480854853 0.20213713268032055 0.3766696349065004 0.20213713268032055
9 0.7061442564559216 0.01068566340160285 0.9145146927871769 0.01068566340160285 0.9145146927871769 0.25378450578806766 0.7061442564559216 0.25378450578806766
9 0.8281389136242209 0.20658949243098843 0.9955476402493321 0.20658949243098843 0.9955476402493321 0.3722172751558326 0.8281389136242209 0.3722172751558326
9 0.6981300089047191 0.2983081032947462 0.8637577916295638 0.2983081032947462 0.8637577916295638 0.46304541406945676 0.6981300089047191 0.46304541406945676
9 0.5779162956366874 0.11487088156723063 0.7159394479073911 0.11487088156723063 0.7159394479073911 0.24487978628673196 0.5779162956366874 0.24487978628673196
9 0.7604630454140696 0.6945681211041852 0.9590382902938558 0.6945681211041852 0.9590382902938558 0.92520035618878 0.7604630454140696 0.92520035618878
