0 0.8049866429207478 0.7613535173642031 0.9676461858118136 0.7613535173642031 0.9676461858118136 0.9002671415850402 0.8049866429207478 0.9002671415850402
0 0.2659542891065598 0.5823686553873553 0.3229444939151083 0.5823686553873553 0.3229444939151083 0.6384683882457701 0.2659542891065598 0.6384683882457701
0 0.28970020777678834 0.6019590382902938 0.3977441377263283 0.6019590382902938 0.3977441377263283 0.6714158504007123 0.28970020777678834 0.6714158504007123
0 0.022558622736717125 0.609973285841496 0.11872959335114275 0.609973285841496 0.11872959335114275 0.6883348174532502 0.022558622736717125 0.6883348174532502
0 0.029682398337785694 0.686553873552983 0.13772632828732562 0.686553873552983 0.13772632828732562 0.7649154051647372 0.029682398337785694 0.7649154051647372
0 0.5046007717423567 0.9127337488869101 0.6933808251706738 0.9127337488869101 0.6933808251706738 1.0 0.5046007717423567 1.0
0 0.27070347284060553 0.6758682101513801 0.38349658652419116 0.6758682101513801 0.38349658652419116 0.7658058771148709 0.27070347284060553 0.7658058771148709
0 0.3965568417928168 0.821905609973286 0.4986642920747996 0.821905609973286 0.4986642920747996 0.8922528940338379 0.3965568417928168 0.8922528940338379
0 0.5734639358860196 0.6918967052537845 0.6850697536360939 0.6918967052537845 0.6850697536360939 0.7853962600178095 0.5734639358860196 0.7853962600178095
0 0.43811219946571683 0.6821015138023152 0.549718017215791 0.6821015138023152 0.549718017215791 0.7764915405164736 0.43811219946571683 0.7764915405164736
0 0.5924606708222024 0.8397150489759572 0.7076283763728111 0.8397150489759572 0.7076283763728111 0.9260908281389135 0.5924606708222024 0.9260908281389135
0 0.07598693974473138 0.7907390917186109 0.25051944197091125 0.7907390917186109 0.25051944197091125 0.9127337488869101 0.07598693974473138 0.9127337488869101
