12 0.31166518254674974 0.4470169189670526 0.4354407836153161 0.4470169189670526 0.4354407836153161 0.5725734639358862 0.31166518254674974 0.5725734639358862
12 0.5066785396260017 0.44612644701691884 0.6224398931433659 0.44612644701691884 0.6224398931433659 0.5699020480854852 0.5066785396260017 0.5699020480854852
12 0.6144256455921638 0.4327693677649154 0.7506678539626002 0.4327693677649154 0.7506678539626002 0.5903829029385574 0.6144256455921638 0.5903829029385574
12 0.7043633125556545 0.3686553873552983 0.8406055209260909 0.3686553873552983 0.8406055209260909 0.4968833481745325 0.7043633125556545 0.4968833481745325
12 0.5966162065894924 0.3125556544968833 0.7292965271593945 0.3125556544968833 0.7292965271593945 0.44523597506678536 0.5966162065894924 0.44523597506678536
12 0.678539626001781 0.23953695458593058 0.7960819234194122 0.23953695458593058 0.7960819234194122 0.3597506678539626 0.678539626001781 0.3597506678539626
12 0.768477292965272 0.19234194122885126 0.8958147818343729 0.19234194122885126 0.8958147818343729 0.3072128227960819 0.768477292965272 0.3072128227960819
12 0.7382012466607302 0.07390917186108638 0.8530721282279609 0.07390917186108638 0.8530721282279609 0.1834372217275156 0.7382012466607302 0.1834372217275156
12 0.6357969723953696 0.13980409617097062 0.7613535173642031 0.13980409617097062 0.7613535173642031 0.2466607301869991 0.6357969723953696 0.2466607301869991
12 0.5609973285841496 0.21816562778272483 0.6829919857524488 0.21816562778272483 0.6829919857524488 0.31789848619768474 0.5609973285841496 0.31789848619768474
12 0.43989314336598395 0.15405164737310775 0.5743544078361531 0.15405164737310775 0.5743544078361531 0.2751558325912734 0.43989314336598395 0.2751558325912734
12 0.32947462154942125 0.09260908281389138 0.46215494211932323 0.09260908281389138 0.46215494211932323 0.21549421193232413 0.32947462154942125 0.21549421193232413
12 0.2341941228851291 0.1674087266251113 0.35351736420302765 0.1674087266251113 0.35351736420302765 0.27960819234194123 0.2341941228851291 0.27960819234194123
12 0.3410507569011576 0.21282279608192345 0.46215494211932323 0.21282279608192345 0.46215494211932323 0.34105075690115766 0.3410507569011576 0.34105075690115766
12 0.46660730186999105 0.2858414959928762 0.5939447907390917 0.2858414959928762 0.5939447907390917 0.3944790739091718 0.46660730186999105 0.3944790739091718
12 0.37399821905609976 0.3668744434550312 0.5022261798753339 0.3668744434550312 0.5022261798753339 0.47640249332146034 0.37399821905609976 0.47640249332146034
12 0.2341941228851291 0.2778272484416741 0.3722172751558326 0.2778272484416741 0.3722172751558326 0.4007123775601069 0.2341941228851291 0.4007123775601069
12 0.23330365093499553 0.4007123775601069 0.377560106856634 0.4007123775601069 0.377560106856634 0.5645592163846839 0.23330365093499553 0.5645592163846839
12 0.25467497773820125 0.560106856634016 0.3882457702582369 0.560106856634016 0.3882457702582369 0.6954585930543188 0.25467497773820125 0.6954585930543188
12 0.41317898486197685 0.4719501335707925 0.5164737310774711 0.4719501335707925 0.5164737310774711 0.6073018699910954 0.41317898486197685 0.6073018699910954
12 0.4042742653606412 0.6197684772929652 0.5476402493321461 0.6197684772929652 0.5476402493321461 0.7862867319679429 0.4042742653606412 0.7862867319679429
12 0.23597506678539626 0.709706144256456 0.42119323241317896 0.709706144256456 0.42119323241317896 0.9002671415850402 0.23597506678539626 0.9002671415850402
12 0.6527159394479074 0.5930543187889582 0.8085485307212822 0.5930543187889582 0.8085485307212822 0.7426536064113981 0.6527159394479074 0.7426536064113981
12 0.7613535173642031 0.5004452359750667 0.9171861086375779 0.5004452359750667 0.9171861086375779 0.634906500445236 0.7613535173642031 0.634906500445236
12 0.8984861976847729 0.5244879786286732 1.0 0.5244879786286732 1.0 0.6767586821015138 0.8984861976847729 0.6767586821015138
12 0.7960819234194128 0.6304541406945673 0.9652715939447915 0.6304541406945673 0.9652715939447915 0.7720391807658052 0.7960819234194128 0.7720391807658052
12 0.6838824577025824 0.7586821015138024 0.8530721282279609 0.7586821015138024 0.8530721282279609 0.9385574354407837 0.6838824577025824 0.9385574354407837
12 0.5333926981300086 0.6767586821015135 0.7052537845057879 0.6767586821015135 0.7052537845057879 0.8566340160284948 0.5333926981300086 0.8566340160284948
12 0.4194122885129121 0.7845057880676758 0.5779162956366874 0.7845057880676758 0.5779162956366874 0.9456812110418522 0.4194122885129121 0.9456812110418522
12 0.5066785396260017 0.5583259127337489 0.6393588601959038 0.5583259127337489 0.6393588601959038 0.6892252894033839 0.5066785396260017 0.6892252894033839
12 0.8566340160284951 0.8201246660730187 1.0 0.8201246660730187 1.0 0.993766696349065 0.8566340160284951 0.993766696349065
