0 0.5414069456812111 0.3116651825467498 0.6687444345503115 0.3116651825467498 0.6687444345503115 0.41495992876224397 0.5414069456812111 0.41495992876224397
0 0.49955476402493315 0.365093499554764 0.6268922528940337 0.365093499554764 0.6268922528940337 0.46660730186999105 0.49955476402493315 0.46660730186999105
0 0.3365983971504897 0.21549421193232418 0.4764024933214603 0.21549421193232418 0.4764024933214603 0.33748886910062337 0.3365983971504897 0.33748886910062337
0 0.38913624220837045 0.8495102404274266 0.5138023152270703 0.8495102404274266 0.5138023152270703 0.9750667853962601 0.38913624220837045 0.9750667853962601
0 0.6144256455921638 0.8851291184327694 0.7444345503116652 0.8851291184327694 0.7444345503116652 1.0 0.6144256455921638 1.0
0 0.7613535173642031 0.8726625111308993 0.9100623330365095 0.8726625111308993 0.9100623330365095 1.0 0.7613535173642031 1.0
0 0.5556544968833482 0.7773820124666073 0.7043633125556544 0.7773820124666073 0.7043633125556544 0.8958147818343722 0.5556544968833482 0.8958147818343722
0 0.4434550311665182 0.7586821015138024 0.5618878005342832 0.7586821015138024 0.5618878005342832 0.8619768477292965 0.4434550311665182 0.8619768477292965
0 0.32591273374888696 0.6518254674977739 0.4505788067675868 0.6518254674977739 0.4505788067675868 0.7506678539626002 0.32591273374888696 0.7506678539626002
0 0.4523597506678539 0.6642920747996438 0.5707925200356189 0.6642920747996438 0.5707925200356189 0.7622439893143368 0.4523597506678539 0.7622439893143368
0 0.31522707034728403 0.7542297417631346 0.45859305431878894 0.7542297417631346 0.45859305431878894 0.8788958147818344 0.31522707034728403 0.8788958147818344
0 0.5298308103294747 0.7159394479073911 0.6651825467497775 0.7159394479073911 0.6651825467497775 0.8174532502226179 0.5298308103294747 0.8174532502226179
0 0.6963490650044524 0.8325912733748887 0.8290293855743543 0.8325912733748887 0.8290293855743543 0.93766696349065 0.6963490650044524 0.93766696349065
0 0.2742653606411398 0.3882457702582369 0.4105075690115762 0.3882457702582369 0.4105075690115762 0.4790739091718611 0.2742653606411398 0.4790739091718611
0 0.35707925200356194 0.30632235084594833 0.4853072128227962 0.30632235084594833 0.4853072128227962 0.40071237756010686 0.35707925200356194 0.40071237756010686
0 0.43811219946571683 0.20926090828138913 0.5271593944790739 0.20926090828138913 0.5271593944790739 0.3027604630454141 0.43811219946571683 0.3027604630454141
0 0.5262689225289403 0.25645592163846836 0.6251113089937667 0.25645592163846836 0.6251113089937667 0.3508459483526269 0.5262689225289403 0.3508459483526269
0 0.6322350845948352 0.26090828138913624 0.7150489759572574 0.26090828138913624 0.7150489759572574 0.36153161175422976 0.6322350845948352 0.36153161175422976
0 0.6776491540516474 0.3374888691006233 0.7845057880676759 0.3374888691006233 0.7845057880676759 0.4327693677649154 0.6776491540516474 0.4327693677649154
0 0.616206589492431 0.39715048975957257 0.7292965271593945 0.39715048975957257 0.7292965271593945 0.46660730186999105 0.616206589492431 0.46660730186999105
0 0.327693677649154 0.14247551202137132 0.4185218165627783 0.14247551202137132 0.4185218165627783 0.22261798753339274 0.327693677649154 0.22261798753339274
