12 0.6179875333926982 0.43455031166518254 0.7960819234194124 0.43455031166518254 0.7960819234194124 0.6001780943900267 0.6179875333926982 0.6001780943900267
12 0.3089937666963491 0.3027604630454141 0.49599287622439897 0.3027604630454141 0.49599287622439897 0.48441674087266245 0.3089937666963491 0.48441674087266245
12 0.5761353517364203 0.25200356188780054 0.7364203027604631 0.25200356188780054 0.7364203027604631 0.4176313446126447 0.5761353517364203 0.4176313446126447
12 0.7221727515583259 0.20124666073018696 0.8949243098842387 0.20124666073018696 0.8949243098842387 0.3633125556544968 0.7221727515583259 0.3633125556544968
12 0.7889581478183436 0.04719501335707925 0.939447907390917 0.04719501335707925 0.939447907390917 0.188780053428317 0.7889581478183436 0.188780053428317
12 0.6366874443455031 0.016028495102404273 0.786286731967943 0.016028495102404273 0.786286731967943 0.17809439002671415 0.6366874443455031 0.17809439002671415
12 0.5467497773820125 0.13178984861976847 0.6999109528049866 0.13178984861976847 0.6999109528049866 0.27515583259127335 0.5467497773820125 0.27515583259127335
12 0.39180765805877116 0.10952804986642921 0.5449688334817453 0.10952804986642921 0.5449688334817453 0.25467497773820125 0.39180765805877116 0.25467497773820125
12 0.4122885129118433 0.2404274265360641 0.5734639358860196 0.2404274265360641 0.5734639358860196 0.41317898486197685 0.4122885129118433 0.41317898486197685
12 0.19234194122885126 0.2146037399821906 0.377560106856634 0.2146037399821906 0.377560106856634 0.3882457702582368 0.19234194122885126 0.3882457702582368
12 0.3018699910952805 -4.440892098500626e-18 0.4835262689225289 -4.440892098500626e-18 0.4835262689225289 0.15761353517364207 0.3018699910952805 0.15761353517364207
12 0.11219946571682987 0.0 0.29741763134461247 0.0 0.29741763134461247 0.12822796081923424 0.11219946571682987 0.12822796081923424
12 0.014247551202137132 0.06233303650934995 0.19768477292965272 0.06233303650934995 0.19768477292965272 0.24398931433659843 0.014247551202137132 0.24398931433659843
12 0.7275155832591274 0.3668744434550312 0.8913624220837043 0.3668744434550312 0.8913624220837043 0.5218165627782725 0.7275155832591274 0.5218165627782725
12 0.495992876224399 0.3811219946571683 0.6562778272484416 0.3811219946571683 0.6562778272484416 0.5547640249332146 0.495992876224399 0.5547640249332146
12 0.19323241317898485 0.44968833481745324 0.3953695458593054 0.44968833481745324 0.3953695458593054 0.6536064113980409 0.19323241317898485 0.6536064113980409
12 0.31255565449688333 0.5734639358860196 0.49777382012466603 0.5734639358860196 0.49777382012466603 0.7622439893143367 0.31255565449688333 0.7622439893143367
12 0.5734639358860196 0.703472840605521 0.7346393588601959 0.703472840605521 0.7346393588601959 0.8682101513802315 0.5734639358860196 0.8682101513802315
12 0.748886910062333 0.5948352626892253 0.9011576135351737 0.5948352626892253 0.9011576135351737 0.7542297417631344 0.748886910062333 0.7542297417631344
12 0.8423864648263578 0.447907390917186 0.9661620658949241 0.447907390917186 0.9661620658949241 0.6081923419412288 0.8423864648263578 0.6081923419412288
12 0.861086375779163 0.25823686553873554 1.0 0.25823686553873554 1.0 0.4247551202137133 0.861086375779163 0.4247551202137133
12 0.12110418521816561 0.3606411398040962 0.2991985752448798 0.3606411398040962 0.2991985752448798 0.5289403383793411 0.12110418521816561 0.5289403383793411
12 0.048975957257346395 0.5333926981300089 0.22261798753339268 0.5333926981300089 0.22261798753339268 0.7105966162065895 0.048975957257346395 0.7105966162065895
12 0.19234194122885126 0.7292965271593945 0.38379341050756904 0.7292965271593945 0.38379341050756904 0.9207479964381122 0.19234194122885126 0.9207479964381122
12 0.0213713268032057 0.7586821015138024 0.21104185218165622 0.7586821015138024 0.21104185218165622 0.9349955476402496 0.0213713268032057 0.9349955476402496
12 0.809439002671416 0.6954585930543188 0.9492430988423867 0.6954585930543188 0.9492430988423867 0.8370436331255566 0.809439002671416 0.8370436331255566
12 0.617987533392698 0.6019590382902941 0.7747105966162066 0.6019590382902941 0.7747105966162066 0.7551202137132681 0.617987533392698 0.7551202137132681
12 0.47373107747105964 0.6518254674977737 0.6090828138913624 0.6518254674977737 0.6090828138913624 0.7943009795191452 0.47373107747105964 0.7943009795191452
