6 0.4511724547343425 0.42208370436331255 0.5473434253487682 0.42208370436331255 0.5473434253487682 0.5004452359750668 0.4511724547343425 0.5004452359750668
6 0.49985158800831103 0.3695458593054318 0.5794004155535767 0.3695458593054318 0.5794004155535767 0.4372217275155833 0.49985158800831103 0.4372217275155833
6 0.25289403383793413 0.4390026714158504 0.327693677649154 0.4390026714158504 0.327693677649154 0.5004452359750668 0.25289403383793413 0.5004452359750668
6 0.3597506678539626 0.3686553873552983 0.42742653606411396 0.3686553873552983 0.42742653606411396 0.4407836153161176 0.3597506678539626 0.4407836153161176
6 0.41674087266251114 0.29118432769367764 0.49154051647373104 0.29118432769367764 0.49154051647373104 0.352626892252894 0.41674087266251114 0.352626892252894
6 0.4499851588008311 0.2404274265360641 0.5105372514099139 0.2404274265360641 0.5105372514099139 0.2894033837934106 0.4499851588008311 0.2894033837934106
6 0.5568417928168596 0.14514692787177205 0.6197684772929652 0.14514692787177205 0.6197684772929652 0.19056099732858411 0.5568417928168596 0.19056099732858411
6 0.5639655684179282 0.1816562778272484 0.6458889878302168 0.1816562778272484 0.6458889878302168 0.24309884238646476 0.5639655684179282 0.24309884238646476
6 0.5687147521519739 0.23597506678539626 0.6316414366280795 0.23597506678539626 0.6316414366280795 0.28227960819234194 0.5687147521519739 0.28227960819234194
6 0.5188483229444939 0.26268922528940336 0.5853368952211339 0.26268922528940336 0.5853368952211339 0.33303650934995543 0.5188483229444939 0.33303650934995543
6 0.6447016918967052 0.26268922528940336 0.7135648560403682 0.26268922528940336 0.7135648560403682 0.33481745325022255 0.6447016918967052 0.33481745325022255
6 0.5722766399525088 0.29652715939447927 0.6506381715642624 0.29652715939447927 0.6506381715642624 0.363312555654497 0.5722766399525088 0.363312555654497
6 0.3419412288512912 0.5699020480854853 0.45473434253487677 0.5699020480854853 0.45473434253487677 0.6447016918967053 0.3419412288512912 0.6447016918967053
6 0.48797862867319686 0.5476402493321461 0.5853368952211339 0.5476402493321461 0.5853368952211339 0.6260017809439001 0.48797862867319686 0.6260017809439001
6 0.5330958741466311 0.4772929652715939 0.6185811813594537 0.4772929652715939 0.6185811813594537 0.5618878005342832 0.5330958741466311 0.5618878005342832
6 0.3229444939151083 0.4728406055209261 0.39655684179281675 0.4728406055209261 0.39655684179281675 0.5289403383793411 0.3229444939151083 0.5289403383793411
6 0.2908875037102998 0.5405164737310775 0.39299495399228257 0.5405164737310775 0.39299495399228257 0.6108637577916296 0.2908875037102998 0.6108637577916296
6 0.23508459483526273 0.6010685663401603 0.3312555654496883 0.6010685663401603 0.3312555654496883 0.6812110418521816 0.23508459483526273 0.6812110418521816
6 0.39893143365983974 0.7016918967052539 0.49154051647373104 0.7016918967052539 0.49154051647373104 0.7827248441674088 0.39893143365983974 0.7827248441674088
6 0.36924903532205394 0.653606411398041 0.4499851588008311 0.653606411398041 0.4499851588008311 0.7088156723063224 0.36924903532205394 0.7088156723063224
6 0.44286138319976254 0.6144256455921638 0.5307212822796082 0.6144256455921638 0.5307212822796082 0.6749777382012465 0.44286138319976254 0.6749777382012465
6 0.549718017215791 0.616206589492431 0.6257049569605224 0.616206589492431 0.6257049569605224 0.667853962600178 0.549718017215791 0.667853962600178
6 0.5734639358860196 0.5609973285841496 0.6399525081626596 0.5609973285841496 0.6399525081626596 0.6144256455921638 0.5734639358860196 0.6144256455921638
6 0.6055209260908282 0.4657168299198575 0.682695161769071 0.4657168299198575 0.682695161769071 0.5396260017809439 0.6055209260908282 0.5396260017809439
6 0.5627782724844167 0.42742653606411396 0.624517661027011 0.42742653606411396 0.624517661027011 0.47373107747105964 0.5627782724844167 0.47373107747105964
6 0.39180765805877116 0.5227070347284061 0.46067082220243394 0.5227070347284061 0.46067082220243394 0.5645592163846839 0.39180765805877116 0.5645592163846839
6 0.4036806173938855 0.4639358860195904 0.4725437815375483 0.4639358860195904 0.4725437815375483 0.5173642030276047 0.4036806173938855 0.5173642030276047
6 0.663698426832888 0.37666963490650046 0.7444345503116652 0.37666963490650046 0.7444345503116652 0.4309884238646482 0.663698426832888 0.4309884238646482
6 0.5924606708222024 0.377560106856634 0.6672603146334224 0.377560106856634 0.6672603146334224 0.43455031166518254 0.5924606708222024 0.43455031166518254
6 0.44523597506678536 0.3472840605520926 0.5235975066785397 0.3472840605520926 0.5235975066785397 0.41674087266251114 0.44523597506678536 0.41674087266251114
5 0.7598693974473137 0.47373107747105964 0.8667260314633424 0.47373107747105964 0.8667260314633424 0.5699020480854853 0.7598693974473137 0.5699020480854853
5 0.6862570495696053 0.7123775601068566 0.8109231225883051 0.7123775601068566 0.8109231225883051 0.7960819234194124 0.6862570495696053 0.7960819234194124
5 0.5853368952211339 0.7105966162065895 0.6767586821015138 0.7105966162065895 0.6767586821015138 0.7943009795191451 0.5853368952211339 0.7943009795191451
5 0.6375779162956366 0.7969723953695458 0.777678836449985 0.7969723953695458 0.777678836449985 0.8815672306322351 0.6375779162956366 0.8815672306322351
5 0.7907390917186109 0.8397150489759572 0.882160878598991 0.8397150489759572 0.882160878598991 0.9180765805877112 0.7907390917186109 0.9180765805877112
5 0.8346690412585337 0.767586821015138 0.9450875630750963 0.767586821015138 0.9450875630750963 0.8521816562778272 0.8346690412585337 0.8521816562778272
5 0.813297714455328 0.7016918967052539 0.8952211338676165 0.7016918967052539 0.8952211338676165 0.7702582368655387 0.813297714455328 0.7702582368655387
5 0.6826951617690711 0.6580587711487088 0.7966755713861681 0.6580587711487088 0.7966755713861681 0.7248441674087267 0.6826951617690711 0.7248441674087267
5 0.7432472543781538 0.5939447907390917 0.8584149599287624 0.5939447907390917 0.8584149599287624 0.6821015138023152 0.7432472543781538 0.6821015138023152
5 0.6565746512318197 0.5823686553873553 0.7527456218462452 0.5823686553873553 0.7527456218462452 0.6562778272484416 0.6565746512318197 0.6562778272484416
5 0.8477292965271594 0.6268922528940337 0.9474621549421193 0.6268922528940337 0.9474621549421193 0.7097061442564558 0.8477292965271594 0.7097061442564558
5 0.815672306322351 0.5520926090828139 0.9260908281389135 0.5520926090828139 0.9260908281389135 0.6322350845948354 0.815672306322351 0.6322350845948354
5 0.6862570495696052 0.4888691006233304 0.7586821015138023 0.4888691006233304 0.7586821015138023 0.5654496883348175 0.6862570495696052 0.5654496883348175
5 0.8869100623330364 0.47462154942119317 0.9949539922825763 0.47462154942119317 0.9949539922825763 0.5574354407836153 0.8869100623330364 0.5574354407836153
5 0.7100029682398338 0.40160284951024044 0.835856337192045 0.40160284951024044 0.835856337192045 0.48708815672306327 0.7100029682398338 0.48708815672306327
5 0.910655981003265 0.41495992876224397 0.9999999999999999 0.41495992876224397 0.9999999999999999 0.4799643811219946 0.910655981003265 0.4799643811219946
5 0.8216087859899079 0.4007123775601068 0.9260908281389134 0.4007123775601068 0.9260908281389134 0.47818343722172746 0.8216087859899079 0.47818343722172746
9 0.22083704363312556 0.24131789848619772 0.3241317898486198 0.24131789848619772 0.3241317898486198 0.3187889581478183 0.22083704363312556 0.3187889581478183
9 0.19471653309587414 0.3241317898486198 0.2908875037102998 0.3241317898486198 0.2908875037102998 0.39804096170970615 0.19471653309587414 0.39804096170970615
9 0.06767586821015138 0.37043633125556547 0.18759275749480558 0.37043633125556547 0.18759275749480558 0.4621549421193232 0.06767586821015138 0.4621549421193232
9 0.12822796081923418 0.4300979519145147 0.2433956663698427 0.4300979519145147 0.2433956663698427 0.5218165627782725 0.12822796081923418 0.5218165627782725
9 6.661338147750939e-18 0.5164737310774711 0.1246660730186999 0.5164737310774711 0.1246660730186999 0.6019590382902938 6.661338147750939e-18 0.6019590382902938
9 0.05105372514099139 0.5948352626892254 0.1626595428910656 0.5948352626892254 0.1626595428910656 0.6749777382012468 0.05105372514099139 0.6749777382012468
9 0.11754229741763136 0.5244879786286732 0.21608785989907986 0.5244879786286732 0.21608785989907986 0.6046304541406947 0.11754229741763136 0.6046304541406947
9 0.10923122588305137 0.2902938557435441 0.21015138023152272 0.2902938557435441 0.21015138023152272 0.36509349955476406 0.10923122588305137 0.36509349955476406
9 0.029682398337785694 0.2404274265360641 0.14010092015434847 0.2404274265360641 0.14010092015434847 0.32324131789848626 0.029682398337785694 0.32324131789848626
9 0.1199168892846542 0.15227070347284064 0.21964974769961415 0.15227070347284064 0.21964974769961415 0.23419412288512917 0.1199168892846542 0.23419412288512917
9 0.3514395963193826 0.12733748886910062 0.4571089344018997 0.12733748886910062 0.4571089344018997 0.20213713268032057 0.3514395963193826 0.20213713268032057
9 0.3051350549124369 0.18432769367764915 0.38705847432472545 0.18432769367764915 0.38705847432472545 0.24042742653606408 0.3051350549124369 0.24042742653606408
9 0.3241317898486198 0.21994657168299198 0.4036806173938854 0.21994657168299198 0.4036806173938854 0.2885129118432769 0.3241317898486198 0.2885129118432769
9 0.22321163550014841 0.18878005342831702 0.3134461264470169 0.18878005342831702 0.3134461264470169 0.25200356188780054 0.22321163550014841 0.25200356188780054
9 0.1495992876224399 0.2350845948352627 0.2564559216384684 0.2350845948352627 0.2564559216384684 0.30008904719501334 0.1495992876224399 0.30008904719501334
