7 0.40338379341050756 0.25378450578806766 0.5449688334817453 0.25378450578806766 0.5449688334817453 0.35707925200356183 0.40338379341050756 0.35707925200356183
7 0.3659839715048976 0.4345503116651825 0.4968833481745325 0.4345503116651825 0.4968833481745325 0.5440783615316118 0.3659839715048976 0.5440783615316118
7 0.24131789848619772 0.42653606411398043 0.3624220837043634 0.42653606411398043 0.3624220837043634 0.5476402493321461 0.24131789848619772 0.5476402493321461
7 0.3303650934995548 0.3633125556544969 0.43455031166518254 0.3633125556544969 0.43455031166518254 0.44256455921638466 0.3303650934995548 0.44256455921638466
7 0.44968833481745324 0.340160284951024 0.5796972395369546 0.340160284951024 0.5796972395369546 0.45592163846838824 0.44968833481745324 0.45592163846838824
7 0.3490650044523597 0.23686553873552982 0.4674977738201247 0.23686553873552982 0.4674977738201247 0.340160284951024 0.3490650044523597 0.340160284951024
7 0.1861086375779163 0.20391807658058775 0.31166518254674985 0.20391807658058775 0.31166518254674985 0.3107747105966162 0.1861086375779163 0.3107747105966162
7 0.09617097061442563 0.4951024042742654 0.23864648263579696 0.4951024042742654 0.23864648263579696 0.6206589492430987 0.09617097061442563 0.6206589492430987
7 0.1371326803205699 0.5805877114870882 0.31522707034728403 0.5805877114870882 0.31522707034728403 0.7319679430097952 0.1371326803205699 0.7319679430097952
7 0.08726625111308994 0.433659839715049 0.20391807658058775 0.433659839715049 0.20391807658058775 0.5040071237756011 0.08726625111308994 0.5040071237756011
7 0.20391807658058775 0.340160284951024 0.2902938557435441 0.340160284951024 0.2902938557435441 0.44879786286731965 0.20391807658058775 0.44879786286731965
7 0.12199465716829921 0.30632235084594833 0.2341941228851291 0.30632235084594833 0.2341941228851291 0.42297417631344614 0.12199465716829921 0.42297417631344614
7 0.5405164737310775 0.2965271593944791 0.603739982190561 0.2965271593944791 0.603739982190561 0.3722172751558326 0.5405164737310775 0.3722172751558326
