0 0.08014247551202137 0.4425645592163846 0.2671415850400712 0.4425645592163846 0.2671415850400712 0.634906500445236 0.08014247551202137 0.634906500445236
0 0.08370436331255565 0.2715939447907391 0.26179875333926983 0.2715939447907391 0.26179875333926983 0.4479073909171861 0.08370436331255565 0.4479073909171861
0 0.17542297417631347 0.1798753339269813 0.3552983081032948 0.1798753339269813 0.3552983081032948 0.358860195903829 0.17542297417631347 0.358860195903829
0 0.27248441674087265 0.06411398040961709 0.41495992876224397 0.06411398040961709 0.41495992876224397 0.22974176313446126 0.27248441674087265 0.22974176313446126
0 0.6357969723953696 0.037399821905609976 0.7960819234194124 0.037399821905609976 0.7960819234194124 0.19412288512911846 0.6357969723953696 0.19412288512911846
0 0.6402493321460373 0.2929652715939448 0.7720391807658059 0.2929652715939448 0.7720391807658059 0.43811219946571683 0.6402493321460373 0.43811219946571683
0 0.4407836153161175 0.36598397150489764 0.5983971504897595 0.36598397150489764 0.5983971504897595 0.5173642030276047 0.4407836153161175 0.5173642030276047
0 0.3490650044523598 0.23686553873552982 0.4888691006233304 0.23686553873552982 0.4888691006233304 0.41674087266251114 0.3490650044523598 0.41674087266251114
0 0.47907390917186116 0.6277827248441674 0.6420302760463047 0.6277827248441674 0.6420302760463047 0.7845057880676758 0.47907390917186116 0.7845057880676758
0 0.6616206589492432 0.5271593944790739 0.8085485307212822 0.5271593944790739 0.8085485307212822 0.6829919857524489 0.6616206589492432 0.6829919857524489
0 0.20035618878005346 0.7577916295636687 0.41585040071237767 0.7577916295636687 0.41585040071237767 0.9617097061442564 0.20035618878005346 0.9617097061442564
0 0.13000890471950133 0.5841495992876224 0.3072128227960819 0.5841495992876224 0.3072128227960819 0.7631344612644703 0.13000890471950133 0.7631344612644703
0 0.3161175422974176 0.4603739982190561 0.4710596616206589 0.4603739982190561 0.4710596616206589 0.6099732858414961 0.3161175422974176 0.6099732858414961
0 0.365093499554764 0.6170970614425646 0.4870881567230631 0.6170970614425646 0.4870881567230631 0.7604630454140696 0.365093499554764 0.7604630454140696
0 0.5476402493321461 0.7524487978628671 0.7043633125556544 0.7524487978628671 0.7043633125556544 0.9154051647373107 0.5476402493321461 0.9154051647373107
0 0.0 0.15672306322350846 0.11754229741763136 0.15672306322350846 0.11754229741763136 0.352626892252894 0.0 0.352626892252894
