16 0.41941228851291185 0.5957257346393589 0.7150489759572574 0.5957257346393589 0.7150489759572574 0.9118432769367765 0.41941228851291185 0.9118432769367765
16 0.5333926981300089 0.3205699020480855 0.7542297417631347 0.3205699020480855 0.7542297417631347 0.5369545859305432 0.5333926981300089 0.5369545859305432
16 0.7462154942119323 0.37399821905609976 0.9706144256455921 0.37399821905609976 0.9706144256455921 0.5992876224398932 0.7462154942119323 0.5992876224398932
16 0.5734639358860196 0.5360641139804097 0.8023152270703474 0.5360641139804097 0.8023152270703474 0.770258236865539 0.5734639358860196 0.770258236865539
16 0.3419412288512912 0.5182546749777382 0.5636687444345503 0.5182546749777382 0.5636687444345503 0.7551202137132681 0.3419412288512912 0.7551202137132681
16 0.2991985752448798 0.3392698130008905 0.514692787177204 0.3392698130008905 0.514692787177204 0.5387355298308103 0.2991985752448798 0.5387355298308103
16 0.5022261798753339 0.11041852181656278 0.7043633125556544 0.11041852181656278 0.7043633125556544 0.3143365983971505 0.5022261798753339 0.3143365983971505
16 0.6767586821015138 0.1834372217275156 0.9412288512911844 0.1834372217275156 0.9412288512911844 0.4042742653606412 0.6767586821015138 0.4042742653606412
16 0.19145146927871776 0.023152270703472845 0.3944790739091719 0.023152270703472845 0.3944790739091719 0.21905609973285844 0.19145146927871776 0.21905609973285844
16 0.1522707034728406 0.4434550311665182 0.3695458593054319 0.4434550311665182 0.3695458593054319 0.6651825467497773 0.1522707034728406 0.6651825467497773
16 0.12644701691896706 0.6625111308993766 0.37756010685663405 0.6625111308993766 0.37756010685663405 0.9412288512911844 0.12644701691896706 0.9412288512911844
