5 0.3823092905906797 0.3232413178984862 0.5414069456812111 0.3232413178984862 0.5414069456812111 0.4336598397150489 0.3823092905906797 0.4336598397150489
5 0.5651528643514396 0.26892252894033836 0.7111902641733452 0.26892252894033836 0.7111902641733452 0.3731077471059662 0.5651528643514396 0.3731077471059662
5 0.6363906203621252 0.20391807658058775 0.7669931730483823 0.20391807658058775 0.7669931730483823 0.31166518254674985 0.6363906203621252 0.31166518254674985
5 0.3229444939151083 0.1736420302760463 0.41317898486197685 0.1736420302760463 0.41317898486197685 0.2582368655387355 0.3229444939151083 0.2582368655387355
5 0.4333630157316711 0.182546749777382 0.5402196497476995 0.182546749777382 0.5402196497476995 0.27337488869100623 0.4333630157316711 0.27337488869100623
5 0.4001187295933511 0.4639358860195904 0.5378450578806767 0.4639358860195904 0.5378450578806767 0.6073018699910953 0.4001187295933511 0.6073018699910953
5 0.5010388839418225 0.40516473731077474 0.647076283763728 0.40516473731077474 0.647076283763728 0.5244879786286731 0.5010388839418225 0.5244879786286731
5 0.5354704660136539 0.553873552983081 0.6826951617690711 0.553873552983081 0.6826951617690711 0.6856634016028496 0.5354704660136539 0.6856634016028496
5 0.25408132977144554 0.6268922528940337 0.4772929652715939 0.6268922528940337 0.4772929652715939 0.786286731967943 0.25408132977144554 0.786286731967943
5 0.27189076877411694 0.780053428317008 0.4737310774710597 0.780053428317008 0.4737310774710597 0.9777382012466604 0.27189076877411694 0.9777382012466604
5 0.5117245473434253 0.7613535173642031 0.7040664885722767 0.7613535173642031 0.7040664885722767 0.9376669634906502 0.5117245473434253 0.9376669634906502
5 0.6138319976254082 0.6696349065004452 0.7800534283170082 0.6696349065004452 0.7800534283170082 0.7916295636687445 0.6138319976254082 0.7916295636687445
5 0.7384980706441082 0.5761353517364202 0.9260908281389137 0.5761353517364202 0.9260908281389137 0.7257346393588601 0.7384980706441082 0.7257346393588601
5 0.780053428317008 0.7257346393588603 0.9902048085485308 0.7257346393588603 0.9902048085485308 0.9100623330365093 0.780053428317008 0.9100623330365093
5 0.6506381715642625 0.33837934105075684 0.7681804689818937 0.33837934105075684 0.7681804689818937 0.433659839715049 0.6506381715642625 0.433659839715049
5 0.765805877114871 0.3784505788067676 0.9332146037399823 0.3784505788067676 0.9332146037399823 0.48886910062333044 0.765805877114871 0.48886910062333044
5 0.6660730186999111 0.43989314336598395 0.7764915405164738 0.43989314336598395 0.7764915405164738 0.5333926981300089 0.6660730186999111 0.5333926981300089
5 0.7753042445829625 0.4835262689225289 0.9569605224102109 0.4835262689225289 0.9569605224102109 0.5716829919857527 0.7753042445829625 0.5716829919857527
5 0.2612051053725141 0.4817453250222618 0.4214900563965569 0.4817453250222618 0.4214900563965569 0.6197684772929652 0.2612051053725141 0.6197684772929652
9 0.08785989907984565 0.5494211932324132 0.2493321460373998 0.5494211932324132 0.2493321460373998 0.678539626001781 0.08785989907984565 0.678539626001781
9 0.07836153161175423 0.6776491540516474 0.26001780943900266 0.6776491540516474 0.26001780943900266 0.8227960819234194 0.07836153161175423 0.8227960819234194
9 0.06530127634312853 0.8032056990204809 0.25408132977144554 0.8032056990204809 0.25408132977144554 0.9439002671415851 0.06530127634312853 0.9439002671415851
9 0.0 0.5271593944790739 0.10210745028198279 0.5271593944790739 0.10210745028198279 0.6642920747996437 0.0 0.6642920747996437
9 0.09379637874740279 0.8931433659839715 0.29444939151083405 0.8931433659839715 0.29444939151083405 1.0 0.09379637874740279 1.0
