4 0.44968833481745324 0.3392698130008905 0.5930543187889582 0.3392698130008905 0.5930543187889582 0.49243098842386457 0.44968833481745324 0.49243098842386457
4 0.678539626001781 0.2475512021371327 0.8201246660730187 0.2475512021371327 0.8201246660730187 0.4434550311665183 0.678539626001781 0.4434550311665183
4 0.6064113980409617 0.3668744434550312 0.7310774710596615 0.3668744434550312 0.7310774710596615 0.5396260017809439 0.6064113980409617 0.5396260017809439
4 0.2466607301869991 0.4220837043633125 0.44078361531611754 0.4220837043633125 0.44078361531611754 0.5422974176313445 0.2466607301869991 0.5422974176313445
4 0.3081032947462155 0.5529830810329475 0.5102404274265361 0.5529830810329475 0.5102404274265361 0.7168299198575245 0.3081032947462155 0.7168299198575245
4 0.553873552983081 0.5289403383793411 0.686553873552983 0.5289403383793411 0.686553873552983 0.6883348174532502 0.553873552983081 0.6883348174532502
4 0.2831700801424755 0.19946571682991987 0.4479073909171861 0.19946571682991987 0.4479073909171861 0.3579697239536955 0.2831700801424755 0.3579697239536955
4 0.04007123775601069 0.3490650044523598 0.2466607301869991 0.3490650044523598 0.2466607301869991 0.5102404274265361 0.04007123775601069 0.5102404274265361
4 0.14247551202137132 0.591273374888691 0.31255565449688333 0.591273374888691 0.31255565449688333 0.7479964381121995 0.14247551202137132 0.7479964381121995
4 0.7070347284060552 0.5405164737310775 0.8682101513802317 0.5405164737310775 0.8682101513802317 0.6954585930543188 0.7070347284060552 0.6954585930543188
4 0.4835262689225289 0.5022261798753339 0.5957257346393589 0.5022261798753339 0.5957257346393589 0.5930543187889582 0.4835262689225289 0.5930543187889582
