0 0.11754229741763136 0.3000890471950134 0.3018699910952805 0.3000890471950134 0.3018699910952805 0.49777382012466603 0.11754229741763136 0.49777382012466603
0 0.5280498664292075 0.0881567230632235 0.666073018699911 0.0881567230632235 0.666073018699911 0.24398931433659843 0.5280498664292075 0.24398931433659843
0 0.42742653606411396 0.0017809439002671415 0.5725734639358862 0.0017809439002671415 0.5725734639358862 0.1371326803205699 0.42742653606411396 0.1371326803205699
0 0.7132680320569902 0.024933214603739984 0.8788958147818344 0.024933214603739984 0.8788958147818344 0.18165627782724847 0.7132680320569902 0.18165627782724847
0 0.755120213713268 0.14158504007123776 0.9056099732858415 0.14158504007123776 0.9056099732858415 0.32591273374888696 0.755120213713268 0.32591273374888696
0 0.7969723953695458 0.3285841495992876 0.9706144256455921 0.3285841495992876 0.9706144256455921 0.4817453250222618 0.7969723953695458 0.4817453250222618
0 0.5040071237756011 0.41317898486197685 0.6589492430988424 0.41317898486197685 0.6589492430988424 0.5262689225289403 0.5040071237756011 0.5262689225289403
0 0.7399821905609975 0.43455031166518265 0.9572573463935886 0.43455031166518265 0.9572573463935886 0.6402493321460374 0.7399821905609975 0.6402493321460374
0 0.8317008014247552 0.7186108637577915 1.0 0.7186108637577915 1.0 0.9198575244879785 0.8317008014247552 0.9198575244879785
0 0.634906500445236 0.7649154051647373 0.8575244879786286 0.7649154051647373 0.8575244879786286 0.98753339269813 0.634906500445236 0.98753339269813
0 0.39893143365983974 0.616206589492431 0.6073018699910953 0.616206589492431 0.6073018699910953 0.8094390026714158 0.39893143365983974 0.8094390026714158
0 0.16651825467497777 0.8210151380231523 0.3552983081032948 0.8210151380231523 0.3552983081032948 0.9991095280498664 0.16651825467497777 0.9991095280498664
0 0.08370436331255565 0.5467497773820125 0.2591273374888691 0.5467497773820125 0.2591273374888691 0.7435440783615317 0.08370436331255565 0.7435440783615317
0 0.28762243989314334 0.1246660730186999 0.439893143365984 0.1246660730186999 0.439893143365984 0.25912733748886907 0.28762243989314334 0.25912733748886907
0 0.09973285841495994 0.10774710596616206 0.24042742653606414 0.10774710596616206 0.24042742653606414 0.23152270703472838 0.09973285841495994 0.23152270703472838
0 0.41317898486197685 0.28851291184327693 0.5761353517364203 0.28851291184327693 0.5761353517364203 0.44256455921638466 0.41317898486197685 0.44256455921638466
0 0.634906500445236 0.22974176313446126 0.786286731967943 0.22974176313446126 0.786286731967943 0.3846838824577025 0.634906500445236 0.3846838824577025
