0 0.4870881567230632 0.680320569902048 0.6625111308993766 0.680320569902048 0.6625111308993766 0.8521816562778272 0.4870881567230632 0.8521816562778272
0 0.34906500445235983 0.39180765805877116 0.5316117542297417 0.39180765805877116 0.5316117542297417 0.5903829029385576 0.34906500445235983 0.5903829029385576
0 0.3027604630454141 0.5805877114870882 0.47462154942119317 0.5805877114870882 0.47462154942119317 0.7586821015138023 0.3027604630454141 0.7586821015138023
0 0.26357969723953695 0.7479964381121995 0.4416740872662511 0.7479964381121995 0.4416740872662511 0.9260908281389137 0.26357969723953695 0.9260908281389137
0 0.1371326803205699 0.6090828138913624 0.31433659839715056 0.6090828138913624 0.31433659839715056 0.8085485307212824 0.1371326803205699 0.8085485307212824
0 0.5921638468388246 0.5796972395369546 0.7595725734639359 0.5796972395369546 0.7595725734639359 0.7471059661620658 0.5921638468388246 0.7471059661620658
0 0.5209260908281389 0.4078361531611755 0.6687444345503117 0.4078361531611755 0.6687444345503117 0.5823686553873553 0.5209260908281389 0.5823686553873553
0 0.23152270703472838 0.2021371326803206 0.390026714158504 0.2021371326803206 0.390026714158504 0.35618878005342836 0.23152270703472838 0.35618878005342836
0 0.2404274265360641 0.3321460373998219 0.4113980409617097 0.3321460373998219 0.4113980409617097 0.5004452359750667 0.2404274265360641 0.5004452359750667
0 0.008904719501335707 0.2333036509349956 0.16206589492430987 0.2333036509349956 0.16206589492430987 0.3971504897595726 0.008904719501335707 0.3971504897595726
0 0.5494211932324132 0.10863757791629564 0.697239536954586 0.10863757791629564 0.697239536954586 0.2635796972395369 0.5494211932324132 0.2635796972395369
0 0.4612644701691896 0.1878895814781835 0.6420302760463045 0.1878895814781835 0.6420302760463045 0.3615316117542298 0.4612644701691896 0.3615316117542298
0 0.40160284951024044 0.08637577916295637 0.5512021371326803 0.08637577916295637 0.5512021371326803 0.2288512911843277 0.40160284951024044 0.2288512911843277
0 0.47907390917186116 0.003561887800534283 0.6482635796972396 0.003561887800534283 0.6482635796972396 0.13268032056990206 0.47907390917186116 0.13268032056990206
0 0.6527159394479074 0.31522707034728403 0.77560106856634 0.31522707034728403 0.77560106856634 0.4176313446126447 0.6527159394479074 0.4176313446126447
0 0.05699020480854853 0.5102404274265361 0.23419412288512909 0.5102404274265361 0.23419412288512909 0.6794300979519143 0.05699020480854853 0.6794300979519143
0 0.08103294746215495 0.3472840605520926 0.24487978628673196 0.3472840605520926 0.24487978628673196 0.5209260908281389 0.08103294746215495 0.5209260908281389
0 0.16473731077471063 0.0 0.3428317008014248 0.0 0.3428317008014248 0.13980409617097062 0.16473731077471063 0.13980409617097062
0 0.653606411398041 0.8317008014247552 0.8263579697239537 0.8317008014247552 0.8263579697239537 1.0 0.653606411398041 1.0
0 0.691006233303651 0.6999109528049865 0.8352626892252893 0.6999109528049865 0.8352626892252893 0.8254674977738202 0.691006233303651 0.8254674977738202
0 0.22796081923419412 0.4933214603739982 0.38290293855743546 0.4933214603739982 0.38290293855743546 0.6420302760463045 0.22796081923419412 0.6420302760463045
0 0.06945681211041853 0.786286731967943 0.2707034728406056 0.786286731967943 0.2707034728406056 0.9768477292965271 0.06945681211041853 0.9768477292965271
