19 0.42742653606411396 -2.886579864025407e-17 0.7782724844167409 -2.886579864025407e-17 0.7782724844167409 0.37132680320569905 0.42742653606411396 0.37132680320569905
19 0.5289403383793411 0.36242208370436335 0.8726625111308997 0.36242208370436335 0.8726625111308997 0.7364203027604631 0.5289403383793411 0.7364203027604631
19 0.15761353517364202 0.46749777382012464 0.49777382012466603 0.46749777382012464 0.49777382012466603 0.8227960819234194 0.15761353517364202 0.8227960819234194
19 0.02226179875333927 0.2840605520926091 0.3259127337488869 0.2840605520926091 0.3259127337488869 0.5556544968833482 0.02226179875333927 0.5556544968833482
19 0.21727515583259127 0.14158504007123776 0.44523597506678536 0.14158504007123776 0.44523597506678536 0.3704363312555655 0.21727515583259127 0.3704363312555655
19 0.2920747996438112 -8.881784197001253e-18 0.49332146037399816 -8.881784197001253e-18 0.49332146037399816 0.21371326803205698 0.2920747996438112 0.21371326803205698
19 0.17186108637577915 0.0765805877114871 0.28851291184327693 0.0765805877114871 0.28851291184327693 0.20480854853072128 0.17186108637577915 0.20480854853072128
19 0.028495102404274265 0.1674087266251113 0.15850400712377558 0.1674087266251113 0.15850400712377558 0.35262689225289406 0.028495102404274265 0.35262689225289406
19 0.7444345503116652 0.1398040961709705 0.9999999999999996 0.1398040961709705 0.9999999999999996 0.4977738201246657 0.7444345503116652 0.4977738201246657
19 0.4390026714158503 0.7123775601068567 0.8797862867319677 0.7123775601068567 0.8797862867319677 0.9964381121994658 0.4390026714158503 0.9964381121994658
19 0.7996438112199465 0.5173642030276043 0.9999999999999999 0.5173642030276043 0.9999999999999999 0.8423864648263578 0.7996438112199465 0.8423864648263578
