12 0.29385574354407834 0.44968833481745324 0.43098842386464825 0.44968833481745324 0.43098842386464825 0.5877114870881567 0.29385574354407834 0.5877114870881567
12 0.5556544968833482 0.48797862867319686 0.723953695458593 0.48797862867319686 0.723953695458593 0.6429207479964381 0.5556544968833482 0.6429207479964381
12 0.7079252003561888 0.5351736420302761 0.8414959928762246 0.5351736420302761 0.8414959928762246 0.6696349065004452 0.7079252003561888 0.6696349065004452
12 0.616206589492431 0.6384683882457701 0.7809439002671417 0.6384683882457701 0.7809439002671417 0.7871772039180766 0.616206589492431 0.7871772039180766
12 0.4568121104185219 0.603739982190561 0.6170970614425646 0.603739982190561 0.6170970614425646 0.769367764915405 0.4568121104185219 0.769367764915405
12 0.3428317008014248 0.703472840605521 0.5200356188780053 0.703472840605521 0.5200356188780053 0.8931433659839714 0.3428317008014248 0.8931433659839714
12 0.02938557435440784 0.7586821015138024 0.22261798753339268 0.7586821015138024 0.22261798753339268 0.9732858414959928 0.02938557435440784 0.9732858414959928
12 0.2252894033837934 0.8174532502226179 0.3864648263579698 0.8174532502226179 0.3864648263579698 0.9973285841495994 0.2252894033837934 0.9973285841495994
12 0.5040071237756011 0.767586821015138 0.6687444345503116 0.767586821015138 0.6687444345503116 0.9430097951914516 0.5040071237756011 0.9430097951914516
12 0.21015138023152272 0.6518254674977739 0.358860195903829 0.6518254674977739 0.358860195903829 0.8165627782724845 0.21015138023152272 0.8165627782724845
12 0.039180765805877114 0.5761353517364203 0.20124666073018696 0.5761353517364203 0.20124666073018696 0.7390917186108639 0.039180765805877114 0.7390917186108639
12 0.0792520035618878 0.4657168299198575 0.22974176313446126 0.4657168299198575 0.22974176313446126 0.6153161175422974 0.0792520035618878 0.6153161175422974
12 0.1585040071237756 0.3659839715048976 0.29385574354407834 0.3659839715048976 0.29385574354407834 0.47907390917186116 0.1585040071237756 0.47907390917186116
12 0.39893143365983974 0.31344612644701697 0.5449688334817453 0.31344612644701697 0.5449688334817453 0.4434550311665183 0.39893143365983974 0.4434550311665183
12 0.4755120213713269 0.24398931433659843 0.6046304541406947 0.24398931433659843 0.6046304541406947 0.35796972395369553 0.4755120213713269 0.35796972395369553
12 0.5574354407836153 0.19056099732858417 0.7141585040071238 0.19056099732858417 0.7141585040071238 0.3143365983971505 0.5574354407836153 0.3143365983971505
