15 0.4024933214603739 0.5752448797862867 0.6402493321460373 0.5752448797862867 0.6402493321460373 0.8352626892252893 0.4024933214603739 0.8352626892252893
15 0.43455031166518254 0.2653606411398041 0.6357969723953695 0.2653606411398041 0.6357969723953695 0.47907390917186116 0.43455031166518254 0.47907390917186116
15 0.7595725734639359 0.21015138023152272 0.9590382902938558 0.21015138023152272 0.9590382902938558 0.38468388245770263 0.7595725734639359 0.38468388245770263
15 0.767586821015138 0.37845057880676763 0.9617097061442564 0.37845057880676763 0.9617097061442564 0.572573463935886 0.767586821015138 0.572573463935886
15 0.5841495992876226 0.4372217275155833 0.7845057880676759 0.4372217275155833 0.7845057880676759 0.6705253784505788 0.5841495992876226 0.6705253784505788
15 0.6384683882457702 0.655387355298308 0.873552983081033 0.655387355298308 0.873552983081033 0.8851291184327693 0.6384683882457702 0.8851291184327693
15 0.8281389136242209 0.5734639358860196 1.0 0.5734639358860196 1.0 0.8227960819234194 0.8281389136242209 0.8227960819234194
15 0.1896705253784506 0.4808548530721282 0.4042742653606412 0.4808548530721282 0.4042742653606412 0.6794300979519146 0.1896705253784506 0.6794300979519146
15 0.05699020480854853 0.6090828138913624 0.26714158504007124 0.6090828138913624 0.26714158504007124 0.8183437221727516 0.05699020480854853 0.8183437221727516
15 0.0854853072128228 0.31344612644701697 0.3232413178984862 0.31344612644701697 0.3232413178984862 0.5253784505788067 0.0854853072128228 0.5253784505788067
15 0.6464826357969724 0.232413178984862 0.8005342831700801 0.232413178984862 0.8005342831700801 0.4096170970614425 0.6464826357969724 0.4096170970614425
