19 0.3045414069456812 0.13891362422083706 0.5173642030276047 0.13891362422083706 0.5173642030276047 0.3686553873552983 0.3045414069456812 0.3686553873552983
19 0.20035618878005346 0.38557435440783616 0.4113980409617097 0.38557435440783616 0.4113980409617097 0.5868210151380231 0.20035618878005346 0.5868210151380231
19 0.5752448797862867 0.29385574354407834 0.8619768477292964 0.29385574354407834 0.8619768477292964 0.5609973285841497 0.5752448797862867 0.5609973285841497
19 0.041852181656277826 0.5734639358860196 0.3624220837043633 0.5734639358860196 0.3624220837043633 0.8655387355298308 0.041852181656277826 0.8655387355298308
19 0.6357969723953696 0.5886019590382903 0.9269813000890473 0.5886019590382903 0.9269813000890473 0.9243098842386465 0.6357969723953696 0.9243098842386465
19 0.45770258236865546 0.6918967052537844 0.6838824577025824 0.6918967052537844 0.6838824577025824 0.9599287622439895 0.45770258236865546 0.9599287622439895
19 0.43455031166518254 0.4354407836153161 0.6562778272484416 0.4354407836153161 0.6562778272484416 0.6954585930543188 0.43455031166518254 0.6954585930543188
19 0.21371326803205698 0.23152270703472838 0.3508459483526269 0.23152270703472838 0.3508459483526269 0.390026714158504 0.21371326803205698 0.390026714158504
19 0.4594835262689225 0.06411398040961709 0.680320569902048 0.06411398040961709 0.680320569902048 0.28495102404274264 0.4594835262689225 0.28495102404274264
19 0.7934105075690115 0.4372217275155833 0.9902048085485307 0.4372217275155833 0.9902048085485307 0.6714158504007123 0.7934105075690115 0.6714158504007123
19 0.13891362422083706 0.2715939447907391 0.28762243989314334 0.2715939447907391 0.28762243989314334 0.4514692787177204 0.13891362422083706 0.4514692787177204
19 6.72263274038385e-18 0.3606411398040962 0.11843276936776491 0.3606411398040962 0.11843276936776491 0.4853072128227966 6.72263274038385e-18 0.4853072128227966
