14 0.7845057880676759 0.3107747105966162 0.9741763134461264 0.3107747105966162 0.9741763134461264 0.5075690115761352 0.7845057880676759 0.5075690115761352
14 0.38201246660730187 0.2742653606411398 0.585040071237756 0.2742653606411398 0.585040071237756 0.4612644701691897 0.38201246660730187 0.4612644701691897
14 0.23864648263579696 0.4354407836153161 0.46304541406945676 0.4354407836153161 0.46304541406945676 0.6313446126447017 0.23864648263579696 0.6313446126447017
14 0.1709706144256456 0.26090828138913624 0.3757791629563669 0.26090828138913624 0.3757791629563669 0.4532502226179875 0.1709706144256456 0.4532502226179875
14 0.4657168299198575 0.12644701691896706 0.6687444345503116 0.12644701691896706 0.6687444345503116 0.2956366874443455 0.4657168299198575 0.2956366874443455
14 0.3081032947462155 0.12911843276936777 0.5040071237756011 0.12911843276936777 0.5040071237756011 0.29118432769367764 0.3081032947462155 0.29118432769367764
14 0.5779162956366874 0.014247551202137132 0.753339269813001 0.014247551202137132 0.753339269813001 0.16028495102404275 0.5779162956366874 0.16028495102404275
14 0.7569011576135353 0.05253784505788068 0.9269813000890474 0.05253784505788068 0.9269813000890474 0.20747996438112198 0.7569011576135353 0.20747996438112198
14 0.01068566340160285 0.3998219056099732 0.22617987533392697 0.3998219056099732 0.22617987533392697 0.6197684772929651 0.01068566340160285 0.6197684772929651
14 0.5690115761353517 0.6375779162956365 0.7764915405164736 0.6375779162956365 0.7764915405164736 0.8477292965271594 0.5690115761353517 0.8477292965271594
14 0.8005342831700801 0.603739982190561 1.0 0.603739982190561 1.0 0.8121104185218166 0.8005342831700801 0.8121104185218166
14 0.3374888691006233 0.6268922528940338 0.5636687444345504 0.6268922528940338 0.5636687444345504 0.8245770258236866 0.3374888691006233 0.8245770258236866
14 0.08103294746215495 0.6073018699910954 0.30276046304541404 0.6073018699910954 0.30276046304541404 0.8397150489759573 0.08103294746215495 0.8397150489759573
14 0.10863757791629564 0.10952804986642921 0.27604630454140694 0.10952804986642921 0.27604630454140694 0.26892252894033836 0.10863757791629564 0.26892252894033836
