5 0.5218165627782725 0.14158504007123776 0.8049866429207478 0.14158504007123776 0.8049866429207478 0.3357079252003562 0.5218165627782725 0.3357079252003562
5 0.2902938557435441 0.48619768477292963 0.5235975066785397 0.48619768477292963 0.5235975066785397 0.7373107747105968 0.2902938557435441 0.7373107747105968
5 0.2404274265360641 0.19145146927871776 0.4096170970614425 0.19145146927871776 0.4096170970614425 0.3802315227070348 0.2404274265360641 0.3802315227070348
5 0.1433659839715049 0.3472840605520926 0.3552983081032948 0.3472840605520926 0.3552983081032948 0.5155832591273375 0.1433659839715049 0.5155832591273375
5 0.07034728406055209 0.4968833481745325 0.26001780943900266 0.4968833481745325 0.26001780943900266 0.680320569902048 0.07034728406055209 0.680320569902048
5 0.09795191451469279 0.6544968833481746 0.28762243989314334 0.6544968833481746 0.28762243989314334 0.8165627782724845 0.09795191451469279 0.8165627782724845
5 0.5289403383793411 0.4692787177203917 0.7364203027604631 0.4692787177203917 0.7364203027604631 0.6749777382012466 0.5289403383793411 0.6749777382012466
5 0.4986642920747996 0.30810329474621545 0.7079252003561887 0.30810329474621545 0.7079252003561887 0.49777382012466603 0.4986642920747996 0.49777382012466603
5 0.6999109528049858 0.2947462154942117 0.8788958147818343 0.2947462154942117 0.8788958147818343 0.46927871772039187 0.6999109528049858 0.46927871772039187
5 0.7008014247551202 0.5431878895814782 0.8655387355298305 0.5431878895814782 0.8655387355298305 0.7328584149599288 0.7008014247551202 0.7328584149599288
5 0.6544968833481746 0.7061442564559215 0.8450578806767588 0.7061442564559215 0.8450578806767588 0.8717720391807657 0.6544968833481746 0.8717720391807657
5 0.40694568121104185 0.8174532502226179 0.6455921638468388 0.8174532502226179 0.6455921638468388 0.9946571682991986 0.40694568121104185 0.9946571682991986
5 0.8388245770258235 0.7025823686553871 1.0 0.7025823686553871 1.0 0.8860195903829027 0.8388245770258235 0.8860195903829027
5 0.4042742653606412 0.16295636687444348 0.6001780943900268 0.16295636687444348 0.6001780943900268 0.34817453250222613 0.4042742653606412 0.34817453250222613
