0 0.39893143365983974 0.5503116651825467 0.6509349955476402 0.5503116651825467 0.6509349955476402 0.8254674977738202 0.39893143365983974 0.8254674977738202
0 0.14870881567230632 0.4372217275155833 0.3018699910952805 0.4372217275155833 0.3018699910952805 0.6064113980409618 0.14870881567230632 0.6064113980409618
0 0.6251113089937667 0.383793410507569 0.8245770258236866 0.383793410507569 0.8245770258236866 0.5877114870881567 0.6251113089937667 0.5877114870881567
0 0.7871772039180766 0.40694568121104185 1.0 0.40694568121104185 1.0 0.6233303650934995 0.7871772039180766 0.6233303650934995
0 0.609973285841496 0.678539626001781 0.8165627782724844 0.678539626001781 0.8165627782724844 0.8886910062333037 0.609973285841496 0.8886910062333037
0 0.6883348174532502 0.5503116651825467 0.8762243989314337 0.5503116651825467 0.8762243989314337 0.7560106856634015 0.6883348174532502 0.7560106856634015
0 0.3170080142475512 0.352626892252894 0.4835262689225289 0.352626892252894 0.4835262689225289 0.48441674087266245 0.3170080142475512 0.48441674087266245
0 0.2653606411398041 0.45859305431878894 0.4835262689225289 0.45859305431878894 0.4835262689225289 0.649154051647373 0.2653606411398041 0.649154051647373
0 0.5298308103294747 0.26001780943900266 0.7328584149599288 0.26001780943900266 0.7328584149599288 0.4523597506678539 0.5298308103294747 0.4523597506678539
0 0.4256455921638469 0.2840605520926091 0.5654496883348176 0.2840605520926091 0.5654496883348176 0.42742653606411396 0.4256455921638469 0.42742653606411396
0 0.13089937666963491 0.21015138023152272 0.2804986642920748 0.21015138023152272 0.2804986642920748 0.3428317008014247 0.13089937666963491 0.3428317008014247
0 0.14781834372217276 0.3196794300979519 0.3170080142475512 0.3196794300979519 0.3170080142475512 0.48352626892252887 0.14781834372217276 0.48352626892252887
0 -1.4432899320127036e-17 0.6019590382902938 0.1852181656277827 0.6019590382902938 0.1852181656277827 0.7880676758682101 -1.4432899320127036e-17 0.7880676758682101
0 0.170080142475512 0.7524487978628673 0.3303650934995548 0.7524487978628673 0.3303650934995548 0.9216384683882458 0.170080142475512 0.9216384683882458
