4 0.41495992876224397 0.5921638468388246 0.5894924309884239 0.5921638468388246 0.5894924309884239 0.7934105075690115 0.41495992876224397 0.7934105075690115
4 0.27248441674087265 0.48619768477292963 0.433659839715049 0.48619768477292963 0.433659839715049 0.6696349065004452 0.27248441674087265 0.6696349065004452
4 0.4060552092609083 0.4078361531611755 0.5734639358860196 0.4078361531611755 0.5734639358860196 0.5832591273374889 0.4060552092609083 0.5832591273374889
4 0.6518254674977739 0.3045414069456812 0.8450578806767588 0.3045414069456812 0.8450578806767588 0.5031166518254675 0.6518254674977739 0.5031166518254675
4 0.4657168299198575 0.22261798753339268 0.6304541406945681 0.22261798753339268 0.6304541406945681 0.383793410507569 0.4657168299198575 0.383793410507569
4 0.2840605520926091 0.22439893143365983 0.4514692787177204 0.22439893143365983 0.4514692787177204 0.37488869100623323 0.2840605520926091 0.37488869100623323
4 0.3793410507569012 0.09706144256455923 0.5405164737310775 0.09706144256455923 0.5405164737310775 0.22885129118432773 0.3793410507569012 0.22885129118432773
4 0.6055209260908282 0.1611754229741763 0.7577916295636687 0.1611754229741763 0.7577916295636687 0.31255565449688333 0.6055209260908282 0.31255565449688333
4 0.7827248441674086 0.4692787177203918 0.9536954585930543 0.4692787177203918 0.9536954585930543 0.628673196794301 0.7827248441674086 0.628673196794301
4 0.773820124666073 0.6197684772929652 0.9421193232413178 0.6197684772929652 0.9421193232413178 0.7916295636687445 0.773820124666073 0.7916295636687445
4 0.6081923419412288 0.6233303650934996 0.76313446126447 0.6233303650934996 0.76313446126447 0.8441674087266253 0.6081923419412288 0.8441674087266253
