0 0.3846838824577025 0.39180765805877116 0.5173642030276047 0.39180765805877116 0.5173642030276047 0.5325022261798754 0.3846838824577025 0.5325022261798754
0 0.5111308993766697 0.24220837043633123 0.6179875333926982 0.24220837043633123 0.6179875333926982 0.3437221727515583 0.5111308993766697 0.3437221727515583
0 0.16562778272484416 0.36420302760463047 0.30186999109528045 0.36420302760463047 0.30186999109528045 0.5075690115761353 0.16562778272484416 0.5075690115761353
0 0.10952804986642921 0.2894033837934105 0.25556544968833483 0.2894033837934105 0.25556544968833483 0.42030276046304543 0.10952804986642921 0.42030276046304543
0 0.6019590382902938 0.2778272484416741 0.7079252003561888 0.2778272484416741 0.7079252003561888 0.3829029385574355 0.6019590382902938 0.3829029385574355
0 0.566340160284951 0.3624220837043633 0.6901157613535173 0.3624220837043633 0.6901157613535173 0.46660730186999116 0.566340160284951 0.46660730186999116
0 0.7186108637577917 0.2804986642920748 0.8317008014247552 0.2804986642920748 0.8317008014247552 0.37132680320569894 0.7186108637577917 0.37132680320569894
0 0.49599287622439886 0.45235975066785394 0.6251113089937667 0.45235975066785394 0.6251113089937667 0.5734639358860196 0.49599287622439886 0.5734639358860196
0 0.25734639358860195 0.2920747996438112 0.383793410507569 0.2920747996438112 0.383793410507569 0.42030276046304543 0.25734639358860195 0.42030276046304543
0 0.3321460373998219 0.24398931433659843 0.43098842386464825 0.24398931433659843 0.43098842386464825 0.35440783615316124 0.3321460373998219 0.35440783615316124
0 0.4042742653606412 0.20124666073018696 0.5102404274265361 0.20124666073018696 0.5102404274265361 0.3125556544968833 0.4042742653606412 0.3125556544968833
0 0.48441674087266245 0.5788067675868211 0.6064113980409616 0.5788067675868211 0.6064113980409616 0.7132680320569903 0.48441674087266245 0.7132680320569903
0 0.3962600178094389 0.6829919857524487 0.5547640249332146 0.6829919857524487 0.5547640249332146 0.8254674977738202 0.3962600178094389 0.8254674977738202
0 0.17720391807658062 0.6892252894033838 0.3348174532502226 0.6892252894033838 0.3348174532502226 0.8468388245770259 0.17720391807658062 0.8468388245770259
0 0.21816562778272483 0.5512021371326803 0.3686553873552983 0.5512021371326803 0.3686553873552983 0.6999109528049866 0.21816562778272483 0.6999109528049866
0 0.358860195903829 0.6179875333926982 0.4906500445235975 0.6179875333926982 0.4906500445235975 0.747105966162066 0.358860195903829 0.747105966162066
0 0.6518254674977739 0.6304541406945681 0.8085485307212824 0.6304541406945681 0.8085485307212824 0.7471059661620658 0.6518254674977739 0.7471059661620658
0 0.5743544078361532 0.7186108637577917 0.7435440783615315 0.7186108637577917 0.7435440783615315 0.8771148708815674 0.5743544078361532 0.8771148708815674
0 0.8005342831700801 0.717720391807658 0.9617097061442564 0.717720391807658 0.9617097061442564 0.8815672306322351 0.8005342831700801 0.8815672306322351
0 0.9154051647373109 0.5494211932324132 1.0000000000000002 0.5494211932324132 1.0000000000000002 0.6945681211041853 0.9154051647373109 0.6945681211041853
0 0.8005342831700801 0.41406945681211044 0.9305431878895815 0.41406945681211044 0.9305431878895815 0.5387355298308103 0.8005342831700801 0.5387355298308103
0 0.7284060552092609 0.5699020480854853 0.8584149599287625 0.5699020480854853 0.8584149599287625 0.6963490650044525 0.7284060552092609 0.6963490650044525
0 0.597506678539626 0.5431878895814782 0.723953695458593 0.5431878895814782 0.723953695458593 0.6731967943009795 0.597506678539626 0.6731967943009795
0 0.7382012466607302 0.8450578806767588 0.9020480854853072 0.8450578806767588 0.9020480854853072 1.0000000000000002 0.7382012466607302 1.0000000000000002
0 0.5325022261798753 0.8886910062333037 0.7248441674087266 0.8886910062333037 0.7248441674087266 1.0 0.5325022261798753 1.0
0 0.321460373998219 0.9029385574354408 0.5227070347284061 0.9029385574354408 0.5227070347284061 1.0 0.321460373998219 1.0
0 0.21727515583259124 0.8379341050756903 0.3713268032056989 0.8379341050756903 0.3713268032056989 1.0 0.21727515583259124 1.0
