16 0.49599287622439886 0.327693677649154 0.7960819234194124 0.327693677649154 0.7960819234194124 0.6277827248441674 0.49599287622439886 0.6277827248441674
16 0.176313446126447 0.4024933214603739 0.4550311665182547 0.4024933214603739 0.4550311665182547 0.6856634016028496 0.176313446126447 0.6856634016028496
16 0.6366874443455031 0.572573463935886 0.9341050756901158 0.572573463935886 0.9341050756901158 0.8699910952804987 0.6366874443455031 0.8699910952804987
16 0.15138023152270702 0.6981300089047195 0.42297417631344614 0.6981300089047195 0.42297417631344614 0.9679430097951914 0.15138023152270702 0.9679430097951914
16 0.20926090828138913 0.1896705253784506 0.4292074799643812 0.1896705253784506 0.4292074799643812 0.4042742653606412 0.20926090828138913 0.4042742653606412
16 0.3766696349065004 0.06678539626001781 0.5939447907390917 0.06678539626001781 0.5939447907390917 0.28227960819234194 0.3766696349065004 0.28227960819234194
16 0.6117542297417632 0.04096170970614425 0.8566340160284952 0.04096170970614425 0.8566340160284952 0.2742653606411398 0.6117542297417632 0.2742653606411398
16 0.40961709706144256 0.2769367764915405 0.6313446126447017 0.2769367764915405 0.6313446126447017 0.5387355298308103 0.40961709706144256 0.5387355298308103
16 0.6544968833481746 0.27960819234194123 0.8904719501335709 0.27960819234194123 0.8904719501335709 0.528940338379341 0.6544968833481746 0.528940338379341
16 0.83793410507569 0.11487088156723056 0.9999999999999993 0.11487088156723056 0.9999999999999993 0.3579697239536954 0.83793410507569 0.3579697239536954
16 0.5672306322350851 0.729296527159394 0.8468388245770262 0.729296527159394 0.8468388245770262 0.9910952804986644 0.5672306322350851 0.9910952804986644
