16 0.6170970614425646 0.3348174532502226 0.8352626892252893 0.3348174532502226 0.8352626892252893 0.5351736420302761 0.6170970614425646 0.5351736420302761
16 0.26179875333926983 0.2991985752448798 0.5218165627782725 0.2991985752448798 0.5218165627782725 0.5467497773820125 0.26179875333926983 0.5467497773820125
16 0.5182546749777382 0.15939447907390916 0.7328584149599288 0.15939447907390916 0.7328584149599288 0.37488869100623323 0.5182546749777382 0.37488869100623323
16 0.2466607301869991 0.1736420302760463 0.4541406945681211 0.1736420302760463 0.4541406945681211 0.3508459483526269 0.2466607301869991 0.3508459483526269
16 0.08637577916295637 0.31255565449688333 0.3232413178984862 0.31255565449688333 0.3232413178984862 0.5529830810329475 0.08637577916295637 0.5529830810329475
16 1.5543122344752193e-17 0.10418521816562779 0.24577025823686555 0.10418521816562779 0.24577025823686555 0.3348174532502226 1.5543122344752193e-17 0.3348174532502226
16 0.21104185218165625 0.003561887800534283 0.4078361531611754 0.003561887800534283 0.4078361531611754 0.195013357079252 0.21104185218165625 0.195013357079252
16 0.6322350845948352 -8.881784197001253e-18 0.8005342831700801 -8.881784197001253e-18 0.8005342831700801 0.19590382902938558 0.6322350845948352 0.19590382902938558
16 0.653606411398041 0.6108637577916296 0.8744434550311664 0.6108637577916296 0.8744434550311664 0.8183437221727516 0.653606411398041 0.8183437221727516
16 0.22974176313446126 0.748886910062333 0.47818343722172746 0.748886910062333 0.47818343722172746 1.0 0.22974176313446126 1.0
16 0.28495102404274264 0.642920747996438 0.472840605520926 0.642920747996438 0.472840605520926 0.80053428317008 0.28495102404274264 0.80053428317008
16 0.5547640249332146 0.6571682991985752 0.7292965271593945 0.6571682991985752 0.7292965271593945 0.8441674087266252 0.5547640249332146 0.8441674087266252
16 0.46215494211932334 0.7764915405164742 0.6197684772929652 0.7764915405164742 0.6197684772929652 0.9839715048975954 0.46215494211932334 0.9839715048975954
