0 0.39893143365983974 0.43455031166518254 0.5672306322350845 0.43455031166518254 0.5672306322350845 0.5725734639358862 0.39893143365983974 0.5725734639358862
0 0.13980409617097062 0.3695458593054319 0.2956366874443455 0.3695458593054319 0.2956366874443455 0.5120213713268033 0.13980409617097062 0.5120213713268033
0 0.2306322350845948 0.8147818343722173 0.39269813000890474 0.8147818343722173 0.39269813000890474 0.9599287622439893 0.2306322350845948 0.9599287622439893
0 0.2056990204808549 0.6660730186999111 0.33659839715048984 0.6660730186999111 0.33659839715048984 0.8058771148708818 0.2056990204808549 0.8058771148708818
0 0.09260908281389138 0.769367764915405 0.25289403383793413 0.769367764915405 0.25289403383793413 0.9171861086375778 0.09260908281389138 0.9171861086375778
0 0.5449688334817453 0.773820124666073 0.703472840605521 0.773820124666073 0.703472840605521 0.9314336598397152 0.5449688334817453 0.9314336598397152
0 0.4042742653606412 0.7088156723063225 0.5369545859305432 0.7088156723063225 0.5369545859305432 0.8352626892252893 0.4042742653606412 0.8352626892252893
0 0.4176313446126447 0.8423864648263578 0.5547640249332146 0.8423864648263578 0.5547640249332146 0.9750667853962599 0.4176313446126447 0.9750667853962599
0 0.4746215494211931 0.5609973285841496 0.6153161175422973 0.5609973285841496 0.6153161175422973 0.7016918967052538 0.4746215494211931 0.7016918967052538
0 0.7435440783615317 0.6562778272484416 0.8708815672306324 0.6562778272484416 0.8708815672306324 0.806767586821015 0.7435440783615317 0.806767586821015
0 0.7782724844167409 0.5022261798753338 0.9510240427426538 0.5022261798753338 0.9510240427426538 0.6981300089047194 0.7782724844167409 0.6981300089047194
0 0.44879786286731965 0.0819234194122885 0.6242208370436331 0.0819234194122885 0.6242208370436331 0.2591273374888691 0.44879786286731965 0.2591273374888691
0 0.4211932324131789 0.24220837043633123 0.5779162956366874 0.24220837043633123 0.5779162956366874 0.4078361531611754 0.4211932324131789 0.4078361531611754
0 0.024933214603739984 0.195013357079252 0.195013357079252 0.195013357079252 0.195013357079252 0.35707925200356183 0.024933214603739984 0.35707925200356183
0 0.0 0.4639358860195904 0.1745325022261799 0.4639358860195904 0.1745325022261799 0.6527159394479074 0.0 0.6527159394479074
0 0.17186108637577915 0.49955476402493304 0.32056990204808544 0.49955476402493304 0.32056990204808544 0.6509349955476401 0.17186108637577915 0.6509349955476401
0 0.30365093499554763 0.44879786286731965 0.4256455921638469 0.44879786286731965 0.4256455921638469 0.5966162065894925 0.30365093499554763 0.5966162065894925
0 0.2965271593944791 0.3161175422974176 0.44434550311665183 0.3161175422974176 0.44434550311665183 0.472840605520926 0.2965271593944791 0.472840605520926
0 0.25823686553873554 0.15672306322350846 0.42831700801424755 0.15672306322350846 0.42831700801424755 0.30365093499554763 0.25823686553873554 0.30365093499554763
