1 0.5814781834372217 0.27248441674087265 0.7203918076580588 0.27248441674087265 0.7203918076580588 0.44523597506678547 0.5814781834372217 0.44523597506678547
1 0.6616206589492432 0.4532502226179875 0.7987533392698131 0.4532502226179875 0.7987533392698131 0.6108637577916295 0.6616206589492432 0.6108637577916295
1 0.6616206589492432 0.6153161175422974 0.8521816562778273 0.6153161175422974 0.8521816562778273 0.7551202137132681 0.6616206589492432 0.7551202137132681
1 0.3161175422974176 0.4505788067675868 0.4532502226179876 0.4505788067675868 0.4532502226179876 0.6046304541406946 0.3161175422974176 0.6046304541406946
1 0.28138913624220835 0.30632235084594833 0.4390026714158505 0.30632235084594833 0.4390026714158505 0.45859305431878894 0.28138913624220835 0.45859305431878894
1 0.3704363312555655 0.16918967052537845 0.5405164737310775 0.16918967052537845 0.5405164737310775 0.2894033837934105 0.3704363312555655 0.2894033837934105
1 0.585040071237756 0.12288512911843277 0.753339269813001 0.12288512911843277 0.753339269813001 0.25645592163846836 0.585040071237756 0.25645592163846836
1 0.3882457702582369 0.01602849510240426 0.5476402493321462 0.01602849510240426 0.5476402493321462 0.1629563668744435 0.3882457702582369 0.1629563668744435
1 0.4105075690115762 0.7257346393588603 0.5805877114870881 0.7257346393588603 0.5805877114870881 0.886019590382903 0.4105075690115762 0.886019590382903
1 0.2804986642920748 0.6420302760463046 0.446126447016919 0.6420302760463046 0.446126447016919 0.8130008904719501 0.2804986642920748 0.8130008904719501
1 0.4835262689225289 0.40160284951024044 0.6251113089937668 0.40160284951024044 0.6251113089937668 0.5538735529830812 0.4835262689225289 0.5538735529830812
1 0.717720391807658 0.31967943009795186 0.8557435440783615 0.31967943009795186 0.8557435440783615 0.4621549421193232 0.717720391807658 0.4621549421193232
1 0.45859305431878894 0.2804986642920748 0.5832591273374887 0.2804986642920748 0.5832591273374887 0.41406945681211044 0.45859305431878894 0.41406945681211044
18 0.16562778272484416 0.20302760463045416 0.34728406055209265 0.20302760463045416 0.34728406055209265 0.34461264470169195 0.16562778272484416 0.34461264470169195
18 0.163846838824577 0.07390917186108638 0.3241317898486198 0.07390917186108638 0.3241317898486198 0.20480854853072133 0.163846838824577 0.20480854853072133
18 0.057880676758682095 0.28138913624220835 0.20747996438112198 0.28138913624220835 0.20747996438112198 0.4247551202137133 0.057880676758682095 0.4247551202137133
18 0.030276046304541403 0.13624220837043632 0.1861086375779163 0.13624220837043632 0.1861086375779163 0.29029385574354405 0.030276046304541403 0.29029385574354405
18 0.0730186999109528 0.003561887800534283 0.20124666073018696 0.003561887800534283 0.20124666073018696 0.1291184327693678 0.0730186999109528 0.1291184327693678
18 0.0 0.43811219946571683 0.16295636687444348 0.43811219946571683 0.16295636687444348 0.6064113980409617 0.0 0.6064113980409617
