0 0.3722172751558326 0.15939447907390916 0.5583259127337489 0.15939447907390916 0.5583259127337489 0.3766696349065005 0.3722172751558326 0.3766696349065005
0 0.3472840605520926 0.008014247551202136 0.5235975066785397 0.008014247551202136 0.5235975066785397 0.16473731077471063 0.3472840605520926 0.16473731077471063
0 0.659839715048976 0.06322350845948353 0.8290293855743546 0.06322350845948353 0.8290293855743546 0.2341941228851291 0.659839715048976 0.2341941228851291
0 0.7978628673196795 0.13446126447016915 0.9670525378450578 0.13446126447016915 0.9670525378450578 0.32146037399821903 0.7978628673196795 0.32146037399821903
0 0.730186999109528 0.33303650934995543 0.9020480854853072 0.33303650934995543 0.9020480854853072 0.5040071237756011 0.730186999109528 0.5040071237756011
0 0.5209260908281389 0.2591273374888691 0.6936776491540516 0.2591273374888691 0.6936776491540516 0.44879786286731965 0.5209260908281389 0.44879786286731965
0 0.1522707034728406 0.09706144256455923 0.3241317898486198 0.09706144256455923 0.3241317898486198 0.28406055209260905 0.1522707034728406 0.28406055209260905
0 0.6500445235975065 0.649154051647373 0.8895814781834372 0.649154051647373 0.8895814781834372 0.8922528940338379 0.6500445235975065 0.8922528940338379
0 0.844167408726625 0.4514692787177203 0.9999999999999999 0.4514692787177203 0.9999999999999999 0.647373107747106 0.844167408726625 0.647373107747106
0 4.349938832013079e-18 0.7426536064113979 0.17364203027604624 0.7426536064113979 0.17364203027604624 0.9999999999999996 4.349938832013079e-18 0.9999999999999996
0 0.195013357079252 0.4728406055209261 0.4078361531611755 0.4728406055209261 0.4078361531611755 0.6669634906500446 0.195013357079252 0.6669634906500446
