0 0.11932324131789848 0.6999109528049865 0.28673196794300976 0.6999109528049865 0.28673196794300976 0.8682101513802315 0.11932324131789848 0.8682101513802315
0 0.4007123775601069 0.678539626001781 0.5360641139804097 0.678539626001781 0.5360641139804097 0.8281389136242209 0.4007123775601069 0.8281389136242209
0 0.597506678539626 0.684772929652716 0.7444345503116652 0.684772929652716 0.7444345503116652 0.831700801424755 0.597506678539626 0.831700801424755
0 0.6749777382012466 0.6108637577916296 0.7871772039180766 0.6108637577916296 0.7871772039180766 0.7275155832591275 0.6749777382012466 0.7275155832591275
0 0.6838824577025824 0.4817453250222618 0.8014247551202137 0.4817453250222618 0.8014247551202137 0.6090828138913624 0.6838824577025824 0.6090828138913624
0 0.38913624220837045 0.3829029385574355 0.5066785396260017 0.3829029385574355 0.5066785396260017 0.5004452359750667 0.38913624220837045 0.5004452359750667
0 0.6936776491540516 0.27248441674087265 0.786286731967943 0.27248441674087265 0.786286731967943 0.3686553873552983 0.6936776491540516 0.3686553873552983
0 0.33303650934995555 0.32591273374888696 0.43455031166518265 0.32591273374888696 0.43455031166518265 0.4167408726625112 0.33303650934995555 0.4167408726625112
0 0.05699020480854853 0.5155832591273375 0.2163846838824577 0.5155832591273375 0.2163846838824577 0.655387355298308 0.05699020480854853 0.655387355298308
0 0.42742653606411396 0.5565449688334817 0.5476402493321461 0.5565449688334817 0.5476402493321461 0.6794300979519144 0.42742653606411396 0.6794300979519144
0 0.809439002671416 0.4692787177203918 0.898486197684773 0.4692787177203918 0.898486197684773 0.5743544078361531 0.809439002671416 0.5743544078361531
0 0.7845057880676759 0.7292965271593945 0.9332146037399821 0.7292965271593945 0.9332146037399821 0.8958147818343722 0.7845057880676759 0.8958147818343722
0 0.23775601068566346 0.8254674977738202 0.40872662511130914 0.8254674977738202 0.40872662511130914 0.9982190560997329 0.23775601068566346 0.9982190560997329
0 0.0 0.8343722172751559 0.22796081923419398 0.8343722172751559 0.22796081923419398 0.9999999999999999 0.0 0.9999999999999999
0 0.4158504007123776 0.8299198575244879 0.5699020480854853 0.8299198575244879 0.5699020480854853 0.9893143365983971 0.4158504007123776 0.9893143365983971
0 0.5298308103294747 0.6313446126447017 0.6447016918967052 0.6313446126447017 0.6447016918967052 0.748886910062333 0.5298308103294747 0.748886910062333
0 0.603739982190561 0.5850400712377561 0.7061442564559217 0.5850400712377561 0.7061442564559217 0.6838824577025825 0.603739982190561 0.6838824577025825
0 0.8682101513802324 0.4033837934105069 0.983971504897596 0.4033837934105069 0.983971504897596 0.533392698130009 0.8682101513802324 0.533392698130009
0 0.5894924309884239 0.4167408726625112 0.7070347284060553 0.4167408726625112 0.7070347284060553 0.5307212822796082 0.5894924309884239 0.5307212822796082
0 0.44968833481745324 0.3205699020480855 0.5636687444345504 0.3205699020480855 0.5636687444345504 0.42742653606411396 0.44968833481745324 0.42742653606411396
0 0.5227070347284061 0.26179875333926983 0.6233303650934996 0.26179875333926983 0.6233303650934996 0.3766696349065005 0.5227070347284061 0.3766696349065005
0 0.5930543187889582 0.22885129118432773 0.6918967052537847 0.22885129118432773 0.6918967052537847 0.3419412288512912 0.5930543187889582 0.3419412288512912
0 0.6313446126447017 0.13802315227070347 0.7248441674087267 0.13802315227070347 0.7248441674087267 0.232413178984862 0.6313446126447017 0.232413178984862
0 0.28851291184327693 0.18878005342831702 0.39715048975957257 0.18878005342831702 0.39715048975957257 0.29474621549421187 0.28851291184327693 0.29474621549421187
0 0.05699020480854853 0.2341941228851291 0.19768477292965272 0.2341941228851291 0.19768477292965272 0.37399821905609976 0.05699020480854853 0.37399821905609976
0 0.765805877114871 0.5805877114870882 0.8949243098842387 0.5805877114870882 0.8949243098842387 0.7123775601068567 0.765805877114871 0.7123775601068567
0 0.8210151380231523 0.6642920747996438 0.9483526268922529 0.6642920747996438 0.9483526268922529 0.8023152270703474 0.8210151380231523 0.8023152270703474
0 0.6384683882457702 0.8005342831700801 0.8040961709706145 0.8005342831700801 0.8040961709706145 0.9626001780943901 0.6384683882457702 0.9626001780943901
