0 0.560106856634016 0.47818343722172757 0.705253784505788 0.47818343722172757 0.705253784505788 0.6090828138913625 0.560106856634016 0.6090828138913625
0 0.7221727515583259 0.4603739982190561 0.8691006233303651 0.4603739982190561 0.8691006233303651 0.6135351736420304 0.7221727515583259 0.6135351736420304
0 0.182546749777382 0.6135351736420303 0.3989314336598397 0.6135351736420303 0.3989314336598397 0.8076580587711487 0.182546749777382 0.8076580587711487
0 0.45770258236865546 0.3045414069456812 0.583259127337489 0.3045414069456812 0.583259127337489 0.43811219946571683 0.45770258236865546 0.43811219946571683
0 0.44434550311665183 0.08281389136242208 0.5743544078361532 0.08281389136242208 0.5743544078361532 0.22439893143365983 0.44434550311665183 0.22439893143365983
0 0.21905609973285842 0.15672306322350846 0.3633125556544968 0.15672306322350846 0.3633125556544968 0.3063223508459484 0.21905609973285842 0.3063223508459484
0 0.23775601068566346 0.27337488869100623 0.3739982190560997 0.27337488869100623 0.3739982190560997 0.4158504007123776 0.23775601068566346 0.4158504007123776
0 0.32947462154942125 0.026714158504007122 0.44968833481745324 0.026714158504007122 0.44968833481745324 0.13535173642030277 0.32947462154942125 0.13535173642030277
0 0.09973285841495994 0.0 0.23508459483526267 0.0 0.23508459483526267 0.12199465716829921 0.09973285841495994 0.12199465716829921
0 0.05253784505788068 0.22261798753339268 0.20124666073018704 0.22261798753339268 0.20124666073018704 0.36954585930543193 0.05253784505788068 0.36954585930543193
0 0.3606411398040962 0.20391807658058775 0.5004452359750668 0.20391807658058775 0.5004452359750668 0.3152270703472841 0.3606411398040962 0.3152270703472841
0 0.025823686553873553 0.49243098842386457 0.170080142475512 0.49243098842386457 0.170080142475512 0.6500445235975065 0.025823686553873553 0.6500445235975065
