0 0.8014247551202138 0.1807658058771149 0.9519145146927873 0.1807658058771149 0.9519145146927873 0.3624220837043634 0.8014247551202138 0.3624220837043634
0 0.5547640249332146 0.5325022261798753 0.7292965271593945 0.5325022261798753 0.7292965271593945 0.7079252003561888 0.5547640249332146 0.7079252003561888
0 0.38201246660730187 0.4612644701691896 0.5743544078361531 0.4612644701691896 0.5743544078361531 0.6464826357969724 0.38201246660730187 0.6464826357969724
0 0.20926090828138913 0.4755120213713269 0.4194122885129118 0.4755120213713269 0.4194122885129118 0.6936776491540517 0.20926090828138913 0.6936776491540517
0 0.017809439002671415 0.7008014247551202 0.2056990204808549 0.7008014247551202 0.2056990204808549 0.9154051647373107 0.017809439002671415 0.9154051647373107
0 0.24309884238646481 0.6812110418521816 0.4292074799643812 0.6812110418521816 0.4292074799643812 0.8806767586821014 0.24309884238646481 0.8806767586821014
0 0.4390026714158505 0.6634016028495102 0.603739982190561 0.6634016028495102 0.603739982190561 0.844167408726625 0.4390026714158505 0.844167408726625
0 0.6019590382902938 0.7070347284060552 0.7916295636687445 0.7070347284060552 0.7916295636687445 0.9056099732858416 0.6019590382902938 0.9056099732858416
0 0.4853072128227961 0.2146037399821906 0.6607301869991097 0.2146037399821906 0.6607301869991097 0.40872662511130897 0.4853072128227961 0.40872662511130897
0 0.5031166518254675 0.3944790739091718 0.6812110418521816 0.3944790739091718 0.6812110418521816 0.5476402493321461 0.5031166518254675 0.5476402493321461
0 0.6509349955476402 0.44078361531611754 0.7898486197684772 0.44078361531611754 0.7898486197684772 0.5957257346393589 0.6509349955476402 0.5957257346393589
0 0.2146037399821906 0.19234194122885126 0.39091718610863757 0.19234194122885126 0.39091718610863757 0.3695458593054319 0.2146037399821906 0.3695458593054319
0 5.273559366969494e-18 0.06856634016028496 0.18699910952804988 0.06856634016028496 0.18699910952804988 0.25467497773820125 5.273559366969494e-18 0.25467497773820125
0 0.4256455921638469 0.05966162065894924 0.5859305431878896 0.05966162065894924 0.5859305431878896 0.2217275155832591 0.4256455921638469 0.2217275155832591
0 0.7889581478183436 0.6794300979519146 0.9643811219946572 0.6794300979519146 0.9643811219946572 0.8762243989314337 0.7889581478183436 0.8762243989314337
