0 0.14425645592163847 0.4042742653606412 0.3072128227960819 0.4042742653606412 0.3072128227960819 0.5503116651825467 0.14425645592163847 0.5503116651825467
0 0.28762243989314334 0.7871772039180766 0.47640249332146034 0.7871772039180766 0.47640249332146034 0.9723953695458593 0.28762243989314334 0.9723953695458593
0 0.48441674087266245 0.7462154942119323 0.6553873552983079 0.7462154942119323 0.6553873552983079 0.9536954585930543 0.48441674087266245 0.9536954585930543
0 0.6126447016918967 0.6776491540516474 0.7390917186108638 0.6776491540516474 0.7390917186108638 0.8121104185218164 0.6126447016918967 0.8121104185218164
0 0.8708815672306321 0.4755120213713269 0.9919857524487977 0.4755120213713269 0.9919857524487977 0.6170970614425646 0.8708815672306321 0.6170970614425646
0 0.8566340160284951 0.28227960819234194 0.9447907390917186 0.28227960819234194 0.9447907390917186 0.4024933214603739 0.8566340160284951 0.4024933214603739
0 0.7105966162065895 0.41406945681211044 0.861086375779163 0.41406945681211044 0.861086375779163 0.5716829919857523 0.7105966162065895 0.5716829919857523
0 0.5093499554764025 0.3624220837043633 0.628673196794301 0.3624220837043633 0.628673196794301 0.4888691006233304 0.5093499554764025 0.4888691006233304
0 0.5636687444345503 0.5057880676758683 0.7284060552092608 0.5057880676758683 0.7284060552092608 0.6687444345503116 0.5636687444345503 0.6687444345503116
0 0.32947462154942125 0.48797862867319686 0.46215494211932323 0.48797862867319686 0.46215494211932323 0.6393588601959038 0.32947462154942125 0.6393588601959038
0 0.2769367764915405 0.6420302760463046 0.4327693677649154 0.6420302760463046 0.4327693677649154 0.7960819234194124 0.2769367764915405 0.7960819234194124
0 0.019590382902938557 0.7159394479073911 0.21193232413178986 0.7159394479073911 0.21193232413178986 0.9207479964381122 0.019590382902938557 0.9207479964381122
0 0.45859305431878894 0.6010685663401604 0.5966162065894925 0.6010685663401604 0.5966162065894925 0.7675868210151381 0.45859305431878894 0.7675868210151381
0 0.8103294746215495 0.8032056990204809 0.9750667853962601 0.8032056990204809 0.9750667853962601 0.9857524487978631 0.8103294746215495 0.9857524487978631
0 0.14959928762243987 0.29118432769367764 0.2653606411398041 0.29118432769367764 0.2653606411398041 0.4122885129118432 0.14959928762243987 0.4122885129118432
0 0.6473731077471059 0.13178984861976847 0.7577916295636686 0.13178984861976847 0.7577916295636686 0.2377560106856634 0.6473731077471059 0.2377560106856634
0 0.3980409617097062 0.2956366874443455 0.5325022261798753 0.2956366874443455 0.5325022261798753 0.4416740872662511 0.3980409617097062 0.4416740872662511
0 0.28227960819234194 0.2804986642920748 0.4042742653606412 0.2804986642920748 0.4042742653606412 0.42297417631344614 0.28227960819234194 0.42297417631344614
0 0.21727515583259133 0.5342831700801425 0.34372217275155836 0.5342831700801425 0.34372217275155836 0.6607301869991097 0.21727515583259133 0.6607301869991097
