0 0.6589492430988425 0.34995547640249325 0.9260908281389137 0.34995547640249325 0.9260908281389137 0.6179875333926981 0.6589492430988425 0.6179875333926981
0 0.40160284951024044 0.333926981300089 0.6607301869991096 0.333926981300089 0.6607301869991096 0.5645592163846839 0.40160284951024044 0.5645592163846839
0 0.26981300089047194 0.5556544968833482 0.5494211932324131 0.5556544968833482 0.5494211932324131 0.836153161175423 0.26981300089047194 0.836153161175423
0 0.45235975066785394 0.7462154942119323 0.6678539626001782 0.7462154942119323 0.6678539626001782 0.9608192341941229 0.45235975066785394 0.9608192341941229
0 0.4060552092609083 0.01068566340160285 0.6242208370436332 0.01068566340160285 0.6242208370436332 0.21371326803205698 0.4060552092609083 0.21371326803205698
0 0.032056990204808546 0.176313446126447 0.29029385574354416 0.176313446126447 0.29029385574354416 0.4532502226179875 0.032056990204808546 0.4532502226179875
0 0.21727515583259133 0.35529830810329477 0.40516473731077474 0.35529830810329477 0.40516473731077474 0.5743544078361532 0.21727515583259133 0.5743544078361532
0 0.14158504007123776 0.5227070347284061 0.32947462154942125 0.5227070347284061 0.32947462154942125 0.7346393588601959 0.14158504007123776 0.7346393588601959
0 0.176313446126447 0.7310774710596616 0.4016028495102404 0.7310774710596616 0.4016028495102404 0.9385574354407836 0.176313446126447 0.9385574354407836
0 0.642920747996438 0.6776491540516474 0.9430097951914513 0.6776491540516474 0.9430097951914513 0.9332146037399821 0.642920747996438 0.9332146037399821
