0 0.5084594835262689 0.47462154942119317 0.680320569902048 0.47462154942119317 0.680320569902048 0.649154051647373 0.5084594835262689 0.649154051647373
0 0.4755120213713269 0.21282279608192345 0.6393588601959038 0.21282279608192345 0.6393588601959038 0.3829029385574355 0.4755120213713269 0.3829029385574355
0 0.8023152270703472 0.17809439002671415 0.9536954585930543 0.17809439002671415 0.9536954585930543 0.333926981300089 0.8023152270703472 0.333926981300089
0 0.6117542297417632 0.09082813891362422 0.8040961709706144 0.09082813891362422 0.8040961709706144 0.26357969723953695 0.6117542297417632 0.26357969723953695
0 0.7773820124666073 0.3223508459483526 0.9305431878895815 0.3223508459483526 0.9305431878895815 0.4737310774710595 0.7773820124666073 0.4737310774710595
0 0.7212822796081924 0.634906500445236 0.9162956366874442 0.634906500445236 0.9162956366874442 0.8334817453250223 0.7212822796081924 0.8334817453250223
0 0.195013357079252 0.5716829919857525 0.38913624220837034 0.5716829919857525 0.38913624220837034 0.7586821015138023 0.195013357079252 0.7586821015138023
0 0.195013357079252 0.38913624220837045 0.35796972395369553 0.38913624220837045 0.35796972395369553 0.5672306322350846 0.195013357079252 0.5672306322350846
0 0.5681211041852182 0.8699910952804987 0.7230632235084595 0.8699910952804987 0.7230632235084595 0.9991095280498664 0.5681211041852182 0.9991095280498664
0 0.27337488869100623 0.7195013357079252 0.5040071237756011 0.7195013357079252 0.5040071237756011 0.95013357079252 0.27337488869100623 0.95013357079252
0 0.3410507569011576 0.37132680320569894 0.5360641139804097 0.37132680320569894 0.5360641139804097 0.6073018699910953 0.3410507569011576 0.6073018699910953
0 -4.440892098500626e-18 0.5992876224398932 0.17542297417631347 0.5992876224398932 0.17542297417631347 0.7791629563668745 -4.440892098500626e-18 0.7791629563668745
