0 0.44879786286731965 0.6188780053428317 0.6366874443455031 0.6188780053428317 0.6366874443455031 0.7809439002671416 0.44879786286731965 0.7809439002671416
0 0.5948352626892253 0.37399821905609976 0.7435440783615315 0.37399821905609976 0.7435440783615315 0.49421193232413185 0.5948352626892253 0.49421193232413185
0 0.6945681211041852 0.7898486197684772 0.8308103294746215 0.7898486197684772 0.8308103294746215 0.9599287622439893 0.6945681211041852 0.9599287622439893
0 0.20926090828138913 0.6883348174532502 0.3606411398040962 0.6883348174532502 0.3606411398040962 0.8477292965271592 0.20926090828138913 0.8477292965271592
0 0.5877114870881567 0.06144256455921639 0.705253784505788 0.06144256455921639 0.705253784505788 0.18254674977738203 0.5877114870881567 0.18254674977738203
0 0.45235975066785394 0.034728406055209264 0.6402493321460373 0.034728406055209264 0.6402493321460373 0.20124666073018696 0.45235975066785394 0.20124666073018696
0 0.12199465716829921 0.19323241317898485 0.2493321460373998 0.19323241317898485 0.2493321460373998 0.30454140694568116 0.12199465716829921 0.30454140694568116
0 0.05699020480854853 0.27515583259127335 0.1861086375779163 0.27515583259127335 0.1861086375779163 0.39180765805877116 0.05699020480854853 0.39180765805877116
0 0.5476402493321461 0.25645592163846836 0.6954585930543188 0.25645592163846836 0.6954585930543188 0.37934105075690117 0.5476402493321461 0.37934105075690117
0 0.21994657168299198 0.4933214603739982 0.3677649154051647 0.4933214603739982 0.3677649154051647 0.6366874443455031 0.21994657168299198 0.6366874443455031
0 0.053428317008014245 0.6562778272484415 0.24398931433659843 0.6562778272484415 0.24398931433659843 0.8210151380231521 0.053428317008014245 0.8210151380231521
0 0.3018699910952805 0.3864648263579697 0.43455031166518254 0.3864648263579697 0.43455031166518254 0.5235975066785397 0.3018699910952805 0.5235975066785397
0 0.3374888691006233 0.1371326803205699 0.44612644701691884 0.1371326803205699 0.44612644701691884 0.25556544968833483 0.3374888691006233 0.25556544968833483
0 0.6607301869991096 0.5262689225289403 0.8227960819234196 0.5262689225289403 0.8227960819234196 0.6785396260017807 0.6607301869991096 0.6785396260017807
