1 0.232413178984862 0.3802315227070348 0.5138023152270703 0.3802315227070348 0.5138023152270703 0.5823686553873554 0.232413178984862 0.5823686553873554
1 0.423176233475241 0.18590412726373795 0.6084509280198178 0.2035027789882855 0.5839475421258306 0.4614689804833663 0.3986728475812538 0.4438703287588187
1 0.5894924309884239 0.170080142475512 0.7444345503116652 0.170080142475512 0.7444345503116652 0.4256455921638469 0.5894924309884239 0.4256455921638469
1 0.34995547640249325 0.5743544078361532 0.5485307212822795 0.5743544078361532 0.5485307212822795 0.8219056099732858 0.34995547640249325 0.8219056099732858
1 0.5556544968833482 0.45057880676758694 0.7488869100623331 0.45057880676758694 0.7488869100623331 0.6687444345503116 0.5556544968833482 0.6687444345503116
1 0.7686444004469714 0.3363670526424622 0.9337432317849645 0.3956595121941814 0.8551490992703391 0.614503519109928 0.6900502679323459 0.5552110595582087
1 0.6447016918967052 0.7898486197684772 0.8245770258236864 0.7898486197684772 0.8245770258236864 0.9804096170970612 0.6447016918967052 0.9804096170970612
1 0.7105966162065895 0.6393588601959038 0.9109528049866428 0.6393588601959038 0.9109528049866428 0.7987533392698131 0.7105966162065895 0.7987533392698131
1 0.3355237844116273 0.8149431849171664 0.6077708296777145 0.8035720059766202 0.6155002585000469 0.9886288210594536 0.3432532132339596 1.0
1 0.7426536064113979 0.2056990204808549 0.9394479073909171 0.2056990204808549 0.9394479073909171 0.3668744434550311 0.7426536064113979 0.3668744434550311
1 0.42091537158633147 0.021348679202430932 0.5531078936740418 0.07683689835035364 0.48489007396639616 0.23935582177152437 0.35269755187868584 0.18386760262360163
1 0.20926090828138907 0.20658949243098848 0.36064113980409607 0.20658949243098848 0.36064113980409607 0.36064113980409607 0.20926090828138907 0.36064113980409607
1 0.06055209260908281 0.28227960819234194 0.2377560106856634 0.28227960819234194 0.2377560106856634 0.45859305431878894 0.06055209260908281 0.45859305431878894
1 0.5262689225289398 0.6135351736420294 0.6838824577025815 0.6135351736420294 0.6838824577025815 0.7729296527159393 0.5262689225289398 0.7729296527159393
