0 0.40694568121104185 0.5396260017809439 0.6064113980409617 0.5396260017809439 0.6064113980409617 0.76313446126447 0.40694568121104185 0.76313446126447
0 0.5921638468388246 0.6108637577916297 0.8361531611754229 0.6108637577916297 0.8361531611754229 0.8575244879786288 0.5921638468388246 0.8575244879786288
0 0.40961709706144256 0.28762243989314334 0.6126447016918968 0.28762243989314334 0.6126447016918968 0.46037399821905606 0.40961709706144256 0.46037399821905606
0 0.5752448797862867 0.25645592163846836 0.7800534283170079 0.25645592163846836 0.7800534283170079 0.42030276046304543 0.5752448797862867 0.42030276046304543
0 0.163846838824577 0.3472840605520926 0.40694568121104185 0.3472840605520926 0.40694568121104185 0.578806767586821 0.163846838824577 0.578806767586821
0 0.19234194122885132 0.5886019590382903 0.3944790739091718 0.5886019590382903 0.3944790739091718 0.8058771148708815 0.19234194122885132 0.8058771148708815
0 0.3659839715048976 0.7061442564559216 0.5583259127337489 0.7061442564559216 0.5583259127337489 0.9403383793410507 0.3659839715048976 0.9403383793410507
0 0.003561887800534283 0.5921638468388246 0.17631344612644703 0.5921638468388246 0.17631344612644703 0.8121104185218166 0.003561887800534283 0.8121104185218166
0 0.3223508459483526 0.07658058771148708 0.5565449688334816 0.07658058771148708 0.5565449688334816 0.32324131789848615 0.3223508459483526 0.32324131789848615
0 0.7818343722172751 0.05431878895814782 0.9857524487978627 0.05431878895814782 0.9857524487978627 0.27337488869100623 0.7818343722172751 0.27337488869100623
