4 0.4292074799643812 0.17275155832591277 0.5805877114870882 0.17275155832591277 0.5805877114870882 0.3241317898486198 0.4292074799643812 0.3241317898486198
4 0.4683882457702582 0.3348174532502226 0.6055209260908282 0.3348174532502226 0.6055209260908282 0.43811219946571683 0.4683882457702582 0.43811219946571683
4 0.39269813000890474 0.44612644701691884 0.5681211041852182 0.44612644701691884 0.5681211041852182 0.5725734639358859 0.39269813000890474 0.5725734639358859
4 0.358860195903829 0.6153161175422974 0.508459483526269 0.6153161175422974 0.508459483526269 0.7444345503116652 0.358860195903829 0.7444345503116652
4 0.5422974176313446 0.6215494211932324 0.697239536954586 0.6215494211932324 0.697239536954586 0.7764915405164736 0.5422974176313446 0.7764915405164736
4 0.6687444345503117 0.34283170080142483 0.8112199465716831 0.34283170080142483 0.8112199465716831 0.5155832591273376 0.6687444345503117 0.5155832591273376
4 0.6527159394479074 0.23775601068566346 0.7907390917186109 0.23775601068566346 0.7907390917186109 0.375779162956367 0.6527159394479074 0.375779162956367
4 0.7791629563668745 0.2146037399821906 0.9447907390917186 0.2146037399821906 0.9447907390917186 0.36420302760463047 0.7791629563668745 0.36420302760463047
4 0.8263579697239537 0.4719501335707925 0.931433659839715 0.4719501335707925 0.931433659839715 0.5930543187889582 0.8263579697239537 0.5930543187889582
4 0.6981300089047195 0.6705253784505788 0.8254674977738202 0.6705253784505788 0.8254674977738202 0.8512911843276938 0.6981300089047195 0.8512911843276938
4 0.2715939447907391 0.7016918967052539 0.44078361531611754 0.7016918967052539 0.44078361531611754 0.8504007123775602 0.2715939447907391 0.8504007123775602
4 0.4300979519145147 0.7203918076580588 0.5618878005342832 0.7203918076580588 0.5618878005342832 0.8984861976847729 0.4300979519145147 0.8984861976847729
4 0.28138913624220835 0.35529830810329477 0.4238646482635798 0.35529830810329477 0.4238646482635798 0.5093499554764025 0.28138913624220835 0.5093499554764025
