0 0.699020480854853 0.3268032056990205 0.8227960819234196 0.3268032056990205 0.8227960819234196 0.4692787177203918 0.699020480854853 0.4692787177203918
0 0.42475512021371314 0.6260017809439002 0.6153161175422974 0.6260017809439002 0.6153161175422974 0.8076580587711487 0.42475512021371314 0.8076580587711487
0 -1.7763568394002505e-17 0.47818343722172757 0.19768477292965278 0.47818343722172757 0.19768477292965278 0.6553873552983082 -1.7763568394002505e-17 0.6553873552983082
0 0.4594835262689225 0.182546749777382 0.5957257346393589 0.182546749777382 0.5957257346393589 0.3161175422974176 0.4594835262689225 0.3161175422974176
0 0.5743544078361532 0.026714158504007122 0.703472840605521 0.026714158504007122 0.703472840605521 0.1549421193232413 0.5743544078361532 0.1549421193232413
0 0.026714158504007122 0.195013357079252 0.2021371326803206 0.195013357079252 0.2021371326803206 0.3410507569011576 0.026714158504007122 0.3410507569011576
0 0.20302760463045416 0.06322350845948353 0.3170080142475512 0.06322350845948353 0.3170080142475512 0.1861086375779163 0.20302760463045416 0.1861086375779163
0 0.33303650934995555 0.0 0.47640249332146045 0.0 0.47640249332146045 0.15138023152270702 0.33303650934995555 0.15138023152270702
0 0.38201246660730187 0.4176313446126447 0.5138023152270704 0.4176313446126447 0.5138023152270704 0.5458593054318789 0.38201246660730187 0.5458593054318789
0 0.767586821015138 0.170080142475512 0.8993766696349065 0.170080142475512 0.8993766696349065 0.3027604630454141 0.767586821015138 0.3027604630454141
0 0.7969723953695458 0.5182546749777382 0.9394479073909171 0.5182546749777382 0.9394479073909171 0.6634016028495103 0.7969723953695458 0.6634016028495103
0 0.21015138023152272 0.3161175422974176 0.36331255565449694 0.3161175422974176 0.36331255565449694 0.46304541406945676 0.21015138023152272 0.46304541406945676
