0 0.4719501335707925 0.5583259127337489 0.6544968833481746 0.5583259127337489 0.6544968833481746 0.7248441674087265 0.4719501335707925 0.7248441674087265
0 0.26714158504007124 0.6393588601959037 0.42030276046304543 0.6393588601959037 0.42030276046304543 0.7916295636687443 0.26714158504007124 0.7916295636687443
0 0.7907390917186109 0.24577025823686555 0.8860195903829029 0.24577025823686555 0.8860195903829029 0.32947462154942125 0.7907390917186109 0.32947462154942125
0 0.5734639358860196 0.25645592163846836 0.7159394479073911 0.25645592163846836 0.7159394479073911 0.375779162956367 0.5734639358860196 0.375779162956367
0 0.6936776491540517 0.34283170080142467 0.8450578806767588 0.34283170080142467 0.8450578806767588 0.4888691006233304 0.6936776491540517 0.4888691006233304
0 0.23953695458593058 0.49332146037399816 0.4247551202137133 0.49332146037399816 0.4247551202137133 0.6464826357969724 0.23953695458593058 0.6464826357969724
0 0.40160284951024044 0.3829029385574355 0.5503116651825468 0.3829029385574355 0.5503116651825468 0.5182546749777382 0.40160284951024044 0.5182546749777382
0 0.686553873552983 0.5467497773820125 0.8575244879786286 0.5467497773820125 0.8575244879786286 0.7141585040071239 0.686553873552983 0.7141585040071239
0 0.6589492430988425 0.6767586821015138 0.8049866429207481 0.6767586821015138 0.8049866429207481 0.8094390026714158 0.6589492430988425 0.8094390026714158
0 0.3348174532502226 0.7622439893143366 0.5111308993766697 0.7622439893143366 0.5111308993766697 0.9349955476402493 0.3348174532502226 0.9349955476402493
0 0.1709706144256456 0.7987533392698131 0.36242208370436324 0.7987533392698131 0.36242208370436324 0.9786286731967944 0.1709706144256456 0.9786286731967944
0 0.026714158504007122 0.684772929652716 0.19234194122885132 0.684772929652716 0.19234194122885132 0.8771148708815673 0.026714158504007122 0.8771148708815673
0 0.10418521816562779 0.5467497773820125 0.26179875333926983 0.5467497773820125 0.26179875333926983 0.711487088156723 0.10418521816562779 0.711487088156723
0 0.11932324131789848 0.3962600178094389 0.26268922528940336 0.3962600178094389 0.26268922528940336 0.5440783615316117 0.11932324131789848 0.5440783615316117
0 0.25200356188780054 0.37399821905609976 0.40872662511130897 0.37399821905609976 0.40872662511130897 0.5057880676758683 0.25200356188780054 0.5057880676758683
0 0.24398931433659846 0.2163846838824577 0.36687444345503123 0.2163846838824577 0.36687444345503123 0.3508459483526269 0.24398931433659846 0.3508459483526269
0 0.43455031166518254 0.18165627782724844 0.5547640249332147 0.18165627782724844 0.5547640249332147 0.3045414069456812 0.43455031166518254 0.3045414069456812
0 0.4897595725734639 0.06589492430988424 0.6010685663401603 0.06589492430988424 0.6010685663401603 0.19056099732858414 0.4897595725734639 0.19056099732858414
0 0.6277827248441674 0.773820124666073 0.8085485307212824 0.773820124666073 0.8085485307212824 0.9688334817453251 0.6277827248441674 0.9688334817453251
0 0.7827248441674083 0.7978628673196788 0.9456812110418519 0.7978628673196788 0.9456812110418519 0.9590382902938558 0.7827248441674083 0.9590382902938558
0 0.4897595725734639 0.7195013357079252 0.6758682101513801 0.7195013357079252 0.6758682101513801 0.9127337488869102 0.4897595725734639 0.9127337488869102
