15 0.4959928762243988 0.2858414959928762 0.7132680320569901 0.2858414959928762 0.7132680320569901 0.48975957257346403 0.4959928762243988 0.48975957257346403
15 0.3054318788958148 0.36776491540516476 0.47016918967052534 0.36776491540516476 0.47016918967052534 0.5351736420302761 0.3054318788958148 0.5351736420302761
15 0.42831700801424755 0.45235975066785394 0.622439893143366 0.45235975066785394 0.622439893143366 0.6375779162956366 0.42831700801424755 0.6375779162956366
15 0.2404274265360641 0.17186108637577915 0.4541406945681211 0.17186108637577915 0.4541406945681211 0.3784505788067675 0.2404274265360641 0.3784505788067675
15 0.42475512021371314 0.1834372217275156 0.5823686553873553 0.1834372217275156 0.5823686553873553 0.352626892252894 0.42475512021371314 0.352626892252894
15 0.6527159394479074 0.3232413178984862 0.8147818343722173 0.3232413178984862 0.8147818343722173 0.4888691006233304 0.6527159394479074 0.4888691006233304
15 0.46215494211932323 0.616206589492431 0.6669634906500446 0.616206589492431 0.6669634906500446 0.8094390026714158 0.46215494211932323 0.8094390026714158
15 0.27871772039180764 0.5574354407836153 0.45414069456812106 0.5574354407836153 0.45414069456812106 0.748886910062333 0.27871772039180764 0.748886910062333
15 0.13357079252003562 0.41852181656277826 0.3303650934995548 0.41852181656277826 0.3303650934995548 0.6357969723953695 0.13357079252003562 0.6357969723953695
15 0.5743544078361532 0.43811219946571683 0.7292965271593945 0.43811219946571683 0.7292965271593945 0.6188780053428317 0.5743544078361532 0.6188780053428317
15 0.6767586821015138 0.5529830810329475 0.8459483526268922 0.5529830810329475 0.8459483526268922 0.7034728406055208 0.6767586821015138 0.7034728406055208
15 0.616206589492431 0.680320569902048 0.8085485307212824 0.680320569902048 0.8085485307212824 0.8557435440783615 0.616206589492431 0.8557435440783615
15 0.7284060552092609 0.42653606411398043 0.9047195013357079 0.42653606411398043 0.9047195013357079 0.5805877114870882 0.7284060552092609 0.5805877114870882
15 0.07034728406055209 0.21193232413178986 0.2475512021371327 0.21193232413178986 0.2475512021371327 0.3757791629563669 0.07034728406055209 0.3757791629563669
15 0.005342831700801425 0.35529830810329477 0.16562778272484416 0.35529830810329477 0.16562778272484416 0.5102404274265361 0.005342831700801425 0.5102404274265361
15 0.014247551202137132 0.5191451469278717 0.16651825467497774 0.5191451469278717 0.16651825467497774 0.6794300979519146 0.014247551202137132 0.6794300979519146
15 0.195013357079252 0.04096170970614425 0.38557435440783616 0.04096170970614425 0.38557435440783616 0.21371326803205698 0.195013357079252 0.21371326803205698
15 0.3535173642030276 0.0 0.5280498664292075 0.0 0.5280498664292075 0.14425645592163847 0.3535173642030276 0.14425645592163847
