7 0.3615316117542298 0.2983081032947462 0.5983971504897596 0.2983081032947462 0.5983971504897596 0.5004452359750667 0.3615316117542298 0.5004452359750667
7 0.18432769367764915 0.30988423864648257 0.37310774710596617 0.30988423864648257 0.37310774710596617 0.5307212822796081 0.18432769367764915 0.5307212822796081
7 0.005342831700801425 0.48441674087266245 0.24577025823686552 0.48441674087266245 0.24577025823686552 0.7070347284060551 0.005342831700801425 0.7070347284060551
7 0.4933214603739982 0.4870881567230632 0.7186108637577917 0.4870881567230632 0.7186108637577917 0.7390917186108639 0.4933214603739982 0.7390917186108639
7 0.6999109528049865 0.3570792520035619 0.9109528049866429 0.3570792520035619 0.9109528049866429 0.5182546749777382 0.6999109528049865 0.5182546749777382
7 0.5574354407836153 0.3054318788958148 0.6963490650044524 0.3054318788958148 0.6963490650044524 0.5031166518254675 0.5574354407836153 0.5031166518254675
7 0.7043633125556545 0.13357079252003562 0.9082813891362425 0.13357079252003562 0.9082813891362425 0.3089937666963491 0.7043633125556545 0.3089937666963491
7 0.6081923419412288 0.24577025823686555 0.7871772039180766 0.24577025823686555 0.7871772039180766 0.3962600178094389 0.6081923419412288 0.3962600178094389
7 0.4951024042742654 0.19145146927871776 0.6277827248441674 0.19145146927871776 0.6277827248441674 0.30632235084594833 0.4951024042742654 0.30632235084594833
7 0.43633125556544966 0.028495102404274265 0.6046304541406946 0.028495102404274265 0.6046304541406946 0.19145146927871776 0.43633125556544966 0.19145146927871776
7 0.31700801424755115 0.024042742653606407 0.45057880676758677 0.024042742653606407 0.45057880676758677 0.18254674977738203 0.31700801424755115 0.18254674977738203
7 0.232413178984862 0.14247551202137132 0.375779162956367 0.14247551202137132 0.375779162956367 0.2707034728406056 0.232413178984862 0.2707034728406056
7 0.12555654496883348 0.20658949243098843 0.33748886910062337 0.20658949243098843 0.33748886910062337 0.36509349955476406 0.12555654496883348 0.36509349955476406
7 0.3686553873552983 0.1531611754229742 0.49243098842386474 0.1531611754229742 0.49243098842386474 0.27337488869100623 0.3686553873552983 0.27337488869100623
7 0.6731967943009795 0.5129118432769367 0.9118432769367765 0.5129118432769367 0.9118432769367765 0.7542297417631344 0.6731967943009795 0.7542297417631344
7 0.4007123775601069 0.6954585930543188 0.6642920747996438 0.6954585930543188 0.6642920747996438 1.0 0.4007123775601069 1.0
7 0.19590382902938558 0.5939447907390917 0.42742653606411396 0.5939447907390917 0.42742653606411396 0.8539626001780944 0.19590382902938558 0.8539626001780944
7 0.7141585040071238 0.7123775601068566 0.9982190560997327 0.7123775601068566 0.9982190560997327 0.9777382012466606 0.7141585040071238 0.9777382012466606
7 0.1273374888691005 0.8325912733748893 0.44256455921638466 0.8325912733748893 0.44256455921638466 0.9999999999999986 0.1273374888691005 0.9999999999999986
7 0.0 0.7097061442564558 0.1682991985752448 0.7097061442564558 0.1682991985752448 0.9706144256455924 0.0 0.9706144256455924
