12 0.3187889581478184 0.33481745325022255 0.5244879786286731 0.33481745325022255 0.5244879786286731 0.5476402493321461 0.3187889581478184 0.5476402493321461
12 0.19056099732858417 0.14425645592163847 0.4096170970614425 0.14425645592163847 0.4096170970614425 0.35173642030276037 0.19056099732858417 0.35173642030276037
12 0.5360641139804097 0.3303650934995548 0.7141585040071238 0.3303650934995548 0.7141585040071238 0.5307212822796082 0.5360641139804097 0.5307212822796082
12 0.4007123775601069 0.6126447016918968 0.5877114870881568 0.6126447016918968 0.5877114870881568 0.7987533392698131 0.4007123775601069 0.7987533392698131
12 0.6170970614425645 0.5075690115761353 0.7711487088156723 0.5075690115761353 0.7711487088156723 0.680320569902048 0.6170970614425645 0.680320569902048
12 0.7382012466607302 0.4853072128227961 0.8806767586821016 0.4853072128227961 0.8806767586821016 0.6580587711487087 0.7382012466607302 0.6580587711487087
12 0.674087266251113 0.33303650934995555 0.7996438112199465 0.33303650934995555 0.7996438112199465 0.4764024933214605 0.674087266251113 0.4764024933214605
12 0.14692787177203917 0.333926981300089 0.33926981300089043 0.333926981300089 0.33926981300089043 0.5235975066785397 0.14692787177203917 0.5235975066785397
12 0.09973285841495994 0.4968833481745325 0.3081032947462155 0.4968833481745325 0.3081032947462155 0.703472840605521 0.09973285841495994 0.703472840605521
12 0.0008904719501335708 0.2867319679430097 0.15672306322350837 0.2867319679430097 0.15672306322350837 0.5048975957257344 0.0008904719501335708 0.5048975957257344
12 0.0 0.07123775601068567 0.20926090828138913 0.07123775601068567 0.20926090828138913 0.2974176313446125 0.0 0.2974176313446125
12 0.7488869100623333 0.13802315227070347 0.9029385574354412 0.13802315227070347 0.9029385574354412 0.27604630454140694 0.7488869100623333 0.27604630454140694
12 0.773820124666073 0.2617987533392699 0.9367764915405165 0.2617987533392699 0.9367764915405165 0.40961709706144267 0.773820124666073 0.40961709706144267
12 0.5859305431878896 0.2341941228851291 0.7284060552092609 0.2341941228851291 0.7284060552092609 0.33926981300089043 0.5859305431878896 0.33926981300089043
12 0.4612644701691896 0.2591273374888691 0.5868210151380231 0.2591273374888691 0.5868210151380231 0.35440783615316124 0.4612644701691896 0.35440783615316124
12 0.35529830810329477 0.14247551202137132 0.48797862867319686 0.14247551202137132 0.48797862867319686 0.31433659839715056 0.35529830810329477 0.31433659839715056
12 0.3374888691006233 0.026714158504007122 0.4630454140694567 0.026714158504007122 0.4630454140694567 0.14247551202137132 0.3374888691006233 0.14247551202137132
12 0.45770258236865546 0.04007123775601069 0.5877114870881568 0.04007123775601069 0.5877114870881568 0.14692787177203917 0.45770258236865546 0.14692787177203917
12 0.5369545859305432 0.1558325912733749 0.6375779162956366 0.1558325912733749 0.6375779162956366 0.25111308993766696 0.5369545859305432 0.25111308993766696
12 0.622439893143366 0.0017809439002671415 0.7346393588601959 0.0017809439002671415 0.7346393588601959 0.10596616206589493 0.622439893143366 0.10596616206589493
