0 0.3268032056990205 0.6438112199465716 0.5280498664292074 0.6438112199465716 0.5280498664292074 0.8183437221727514 0.3268032056990205 0.8183437221727514
0 0.27515583259127335 0.3027604630454141 0.42030276046304543 0.3027604630454141 0.42030276046304543 0.4594835262689225 0.27515583259127335 0.4594835262689225
0 0.2965271593944791 0.1861086375779163 0.40249332146037403 0.1861086375779163 0.40249332146037403 0.3107747105966162 0.2965271593944791 0.3107747105966162
0 0.47818343722172757 0.08370436331255565 0.6206589492430987 0.08370436331255565 0.6206589492430987 0.24666073018699908 0.47818343722172757 0.24666073018699908
0 0.5333926981300089 0.22617987533392697 0.6812110418521816 0.22617987533392697 0.6812110418521816 0.40071237756010686 0.5333926981300089 0.40071237756010686
0 0.3597506678539626 0.48263579697239545 0.5289403383793411 0.48263579697239545 0.5289403383793411 0.653606411398041 0.3597506678539626 0.653606411398041
0 0.4870881567230632 0.7070347284060552 0.6598397150489759 0.7070347284060552 0.6598397150489759 0.8886910062333037 0.4870881567230632 0.8886910062333037
0 0.5155832591273375 0.5422974176313446 0.6429207479964381 0.5422974176313446 0.6429207479964381 0.7150489759572574 0.5155832591273375 0.7150489759572574
0 0.6473731077471059 0.649154051647373 0.7943009795191451 0.649154051647373 0.7943009795191451 0.8192341941228851 0.6473731077471059 0.8192341941228851
0 0.7186108637577917 0.21727515583259127 0.8771148708815674 0.21727515583259127 0.8771148708815674 0.39091718610863757 0.7186108637577917 0.39091718610863757
0 0.18432769367764915 0.5325022261798753 0.3561887800534283 0.5325022261798753 0.3561887800534283 0.6954585930543188 0.18432769367764915 0.6954585930543188
0 0.06055209260908281 0.3535173642030276 0.21282279608192345 0.3535173642030276 0.21282279608192345 0.48619768477292974 0.06055209260908281 0.48619768477292974
