16 0.11843276936776491 0.19234194122885132 0.39626001780943904 0.19234194122885132 0.39626001780943904 0.4514692787177203 0.11843276936776491 0.4514692787177203
16 0.49777382012466614 0.1736420302760463 0.7444345503116652 0.1736420302760463 0.7444345503116652 0.4372217275155833 0.49777382012466614 0.4372217275155833
16 0.8619768477292965 0.182546749777382 1.0 0.182546749777382 1.0 0.40783615316117533 0.8619768477292965 0.40783615316117533
16 0.7337488869100623 0.2715939447907391 0.8984861976847729 0.2715939447907391 0.8984861976847729 0.4808548530721283 0.7337488869100623 0.4808548530721283
16 0.6028495102404274 0.13624220837043632 0.7845057880676759 0.13624220837043632 0.7845057880676759 0.3089937666963491 0.6028495102404274 0.3089937666963491
16 0.4995547640249326 0.4042742653606412 0.80053428317008 0.4042742653606412 0.80053428317008 0.6954585930543188 0.4995547640249326 0.6954585930543188
16 0.7150489759572572 0.542297417631343 0.9999999999999986 0.542297417631343 0.9999999999999986 0.93321460373998 0.7150489759572572 0.93321460373998
16 0.44968833481745324 0.7337488869100623 0.780053428317008 0.7337488869100623 0.780053428317008 1.0 0.44968833481745324 1.0
16 0.1745325022261799 0.7008014247551202 0.4612644701691896 0.7008014247551202 0.4612644701691896 0.981300089047195 0.1745325022261799 0.981300089047195
16 0.0943900267141585 0.560106856634016 0.3552983081032948 0.560106856634016 0.3552983081032948 0.7898486197684774 0.0943900267141585 0.7898486197684774
16 0.3374888691006232 0.3624220837043637 0.5538735529830809 0.3624220837043637 0.5538735529830809 0.5983971504897596 0.3374888691006232 0.5983971504897596
16 0.3624220837043631 0.595725734639359 0.641139804096171 0.595725734639359 0.641139804096171 0.8317008014247552 0.3624220837043631 0.8317008014247552
