6 0.5832591273374889 0.38735529830810317 0.6714158504007124 0.38735529830810317 0.6714158504007124 0.48174532502226164 0.5832591273374889 0.48174532502226164
6 0.5761353517364203 0.3134461264470169 0.6518254674977739 0.3134461264470169 0.6518254674977739 0.3882457702582369 0.5761353517364203 0.3882457702582369
6 0.43989314336598395 0.41495992876224397 0.5342831700801424 0.41495992876224397 0.5342831700801424 0.5022261798753339 0.43989314336598395 0.5022261798753339
6 0.6731967943009795 0.34461264470169195 0.7631344612644699 0.34461264470169195 0.7631344612644699 0.4292074799643811 0.6731967943009795 0.4292074799643811
6 0.7337488869100623 0.4470169189670526 0.8165627782724845 0.4470169189670526 0.8165627782724845 0.5369545859305431 0.7337488869100623 0.5369545859305431
6 0.5805877114870882 0.553873552983081 0.6910062333036509 0.553873552983081 0.6910062333036509 0.6482635796972396 0.5805877114870882 0.6482635796972396
6 0.47640249332146034 0.553873552983081 0.5574354407836153 0.553873552983081 0.5574354407836153 0.6268922528940337 0.47640249332146034 0.6268922528940337
6 0.42030276046304543 0.4719501335707925 0.49955476402493315 0.4719501335707925 0.49955476402493315 0.5512021371326803 0.42030276046304543 0.5512021371326803
6 0.3205699020480855 0.45592163846838824 0.4220837043633125 0.45592163846838824 0.4220837043633125 0.5431878895814782 0.3205699020480855 0.5431878895814782
6 0.365093499554764 0.5280498664292075 0.44434550311665194 0.5280498664292075 0.44434550311665194 0.6206589492430988 0.365093499554764 0.6206589492430988
6 0.2956366874443455 0.5707925200356189 0.3686553873552983 0.5707925200356189 0.3686553873552983 0.6366874443455031 0.2956366874443455 0.6366874443455031
6 0.6473731077471059 0.6242208370436332 0.7310774710596616 0.6242208370436332 0.7310774710596616 0.7123775601068566 0.6473731077471059 0.7123775601068566
6 0.786286731967943 0.5547640249332146 0.8664292074799644 0.5547640249332146 0.8664292074799644 0.6322350845948352 0.786286731967943 0.6322350845948352
6 0.691006233303651 0.578806767586821 0.7978628673196795 0.578806767586821 0.7978628673196795 0.6731967943009795 0.691006233303651 0.6731967943009795
6 0.6999109528049867 0.5057880676758683 0.7880676758682101 0.5057880676758683 0.7880676758682101 0.5948352626892254 0.6999109528049867 0.5948352626892254
6 0.8325912733748886 0.4007123775601069 0.9162956366874442 0.4007123775601069 0.9162956366874442 0.4888691006233304 0.8325912733748886 0.4888691006233304
6 0.7275155832591271 0.3374888691006233 0.8227960819234192 0.3374888691006233 0.8227960819234192 0.41941228851291185 0.7275155832591271 0.41941228851291185
6 0.6972395369545858 0.26179875333926983 0.7845057880676759 0.26179875333926983 0.7845057880676759 0.34728406055209265 0.6972395369545858 0.34728406055209265
6 0.6206589492430988 0.25823686553873554 0.6990204808548531 0.25823686553873554 0.6990204808548531 0.3321460373998219 0.6206589492430988 0.3321460373998219
