15 0.4639358860195904 0.34105075690115755 0.6696349065004452 0.34105075690115755 0.6696349065004452 0.5574354407836152 0.4639358860195904 0.5574354407836152
15 0.5031166518254675 0.0730186999109528 0.6910062333036509 0.0730186999109528 0.6910062333036509 0.28851291184327693 0.5031166518254675 0.28851291184327693
15 0.27604630454140694 0.034728406055209264 0.4710596616206589 0.034728406055209264 0.4710596616206589 0.21549421193232418 0.27604630454140694 0.21549421193232418
15 0.37488869100623307 0.178094390026714 0.5414069456812112 0.178094390026714 0.5414069456812112 0.3544078361531612 0.37488869100623307 0.3544078361531612
15 0.26268922528940336 0.2947462154942119 0.46215494211932323 0.2947462154942119 0.46215494211932323 0.4968833481745325 0.26268922528940336 0.4968833481745325
15 0.16562778272484416 0.46660730186999105 0.3642030276046304 0.46660730186999105 0.3642030276046304 0.6651825467497775 0.16562778272484416 0.6651825467497775
15 0.3846838824577025 0.47996438112199463 0.5431878895814781 0.47996438112199463 0.5431878895814781 0.6580587711487087 0.3846838824577025 0.6580587711487087
15 0.6758682101513801 0.42030276046304543 0.8219056099732857 0.42030276046304543 0.8219056099732857 0.585040071237756 0.6758682101513801 0.585040071237756
15 0.6580587711487088 0.15316117542297417 0.7836153161175423 0.15316117542297417 0.7836153161175423 0.2965271593944791 0.6580587711487088 0.2965271593944791
15 0.6447016918967052 0.27871772039180764 0.7702582368655387 0.27871772039180764 0.7702582368655387 0.4229741763134461 0.6447016918967052 0.4229741763134461
15 0.5645592163846839 0.4835262689225289 0.7025823686553875 0.4835262689225289 0.7025823686553875 0.6304541406945681 0.5645592163846839 0.6304541406945681
15 0.1549421193232413 0.1549421193232413 0.3552983081032948 0.1549421193232413 0.3552983081032948 0.3410507569011576 0.1549421193232413 0.3410507569011576
15 0.3312555654496883 0.7569011576135353 0.5494211932324131 0.7569011576135353 0.5494211932324131 1.0 0.3312555654496883 1.0
