16 0.6981300089047197 0.6028495102404274 0.8762243989314338 0.6028495102404274 0.8762243989314338 0.786286731967943 0.6981300089047197 0.786286731967943
16 0.5387355298308103 0.6001780943900267 0.705253784505788 0.6001780943900267 0.705253784505788 0.7622439893143366 0.5387355298308103 0.7622439893143366
16 0.3668744434550312 0.6874443455031166 0.5761353517364203 0.6874443455031166 0.5761353517364203 0.844167408726625 0.3668744434550312 0.844167408726625
16 0.41317898486197685 0.553873552983081 0.5805877114870882 0.553873552983081 0.5805877114870882 0.6999109528049866 0.41317898486197685 0.6999109528049866
16 0.4951024042742654 0.4772929652715939 0.6847729296527159 0.4772929652715939 0.6847729296527159 0.6126447016918968 0.4951024042742654 0.6126447016918968
16 0.5779162956366874 0.26447016918967053 0.6945681211041853 0.26447016918967053 0.6945681211041853 0.3882457702582368 0.5779162956366874 0.3882457702582368
16 0.0391807658058771 0.31700801424755154 0.17364203027604627 0.31700801424755154 0.17364203027604627 0.42297417631344625 0.0391807658058771 0.42297417631344625
16 1.5543122344752193e-17 0.5449688334817453 0.17186108637577918 0.5449688334817453 0.17186108637577918 0.7248441674087266 1.5543122344752193e-17 0.7248441674087266
16 0.20926090828138913 0.815672306322351 0.39269813000890474 0.815672306322351 0.39269813000890474 0.9946571682991986 0.20926090828138913 0.9946571682991986
16 0.21460373998219054 0.4220837043633125 0.3544078361531612 0.4220837043633125 0.3544078361531612 0.5520926090828139 0.21460373998219054 0.5520926090828139
16 0.34995547640249325 0.3054318788958148 0.466607301869991 0.3054318788958148 0.466607301869991 0.4176313446126448 0.34995547640249325 0.4176313446126448
16 0.7453250222617988 0.47996438112199463 0.8762243989314334 0.47996438112199463 0.8762243989314334 0.5939447907390917 0.7453250222617988 0.5939447907390917
16 0.6268922528940338 0.4390026714158505 0.7506678539626002 0.4390026714158505 0.7506678539626002 0.5627782724844167 0.6268922528940338 0.5627782724844167
16 0.5093499554764025 0.4078361531611755 0.6304541406945682 0.4078361531611755 0.6304541406945682 0.5048975957257346 0.5093499554764025 0.5048975957257346
16 0.3935886019590383 0.4657168299198575 0.5280498664292074 0.4657168299198575 0.5280498664292074 0.5734639358860195 0.3935886019590383 0.5734639358860195
16 0.26268922528940336 0.5752448797862867 0.40338379341050756 0.5752448797862867 0.40338379341050756 0.7052537845057879 0.26268922528940336 0.7052537845057879
16 0.6206589492430988 0.8619768477292965 0.7943009795191452 0.8619768477292965 0.7943009795191452 1.0 0.6206589492430988 1.0
16 0.8334817453250224 0.8406055209260902 1.0 0.8406055209260902 1.0 0.999999999999999 0.8334817453250224 0.999999999999999
16 0.8949243098842387 0.5307212822796082 1.0 0.5307212822796082 1.0 0.674087266251113 0.8949243098842387 0.674087266251113
16 0.6749777382012466 0.3143365983971505 0.767586821015138 0.3143365983971505 0.767586821015138 0.40338379341050756 0.6749777382012466 0.40338379341050756
