0 0.32591273374888696 0.358860195903829 0.5253784505788067 0.358860195903829 0.5253784505788067 0.5467497773820125 0.32591273374888696 0.5467497773820125
0 0.35440783615316107 0.5075690115761353 0.5342831700801424 0.5075690115761353 0.5342831700801424 0.6812110418521815 0.35440783615316107 0.6812110418521815
0 0.28138913624220835 0.6473731077471059 0.44968833481745324 0.6473731077471059 0.44968833481745324 0.8236865538735529 0.28138913624220835 0.8236865538735529
0 0.4318788958147821 0.6482635796972395 0.6188780053428318 0.6482635796972395 0.6188780053428318 0.8637577916295635 0.4318788958147821 0.8637577916295635
0 0.6812110418521816 0.5609973285841496 0.8691006233303651 0.5609973285841496 0.8691006233303651 0.7444345503116652 0.6812110418521816 0.7444345503116652
0 0.22707034728406061 0.11665182546749776 0.40338379341050756 0.11665182546749776 0.40338379341050756 0.2778272484416741 0.22707034728406061 0.2778272484416741
0 0.20480854853072128 0.3864648263579697 0.36776491540516476 0.3864648263579697 0.36776491540516476 0.5672306322350846 0.20480854853072128 0.5672306322350846
0 0.15316117542297417 0.5645592163846839 0.35351736420302754 0.5645592163846839 0.35351736420302754 0.740872662511131 0.15316117542297417 0.740872662511131
0 0.195013357079252 0.786286731967943 0.3615316117542298 0.786286731967943 0.3615316117542298 0.9723953695458593 0.195013357079252 0.9723953695458593
0 0.6580587711487087 0.8343722172751559 0.8619768477292965 0.8343722172751559 0.8619768477292965 1.0 0.6580587711487087 1.0
0 0.7524487978628673 0.684772929652716 0.92520035618878 0.684772929652716 0.92520035618878 0.8628673196794301 0.7524487978628673 0.8628673196794301
0 0.5716829919857525 0.5512021371326803 0.711487088156723 0.5512021371326803 0.711487088156723 0.6918967052537847 0.5716829919857525 0.6918967052537847
0 0.5414069456812111 0.40961709706144256 0.6927871772039181 0.40961709706144256 0.6927871772039181 0.560106856634016 0.5414069456812111 0.560106856634016
0 0.6500445235975065 0.3089937666963491 0.8121104185218164 0.3089937666963491 0.8121104185218164 0.46660730186999105 0.6500445235975065 0.46660730186999105
0 0.871772039180766 0.22261798753339268 1.0 0.22261798753339268 1.0 0.3722172751558326 0.871772039180766 0.3722172751558326
0 0.44612644701691884 0.1246660730186999 0.6046304541406945 0.1246660730186999 0.6046304541406945 0.2876224398931434 0.44612644701691884 0.2876224398931434
